19.60 1280
6.00 7.11 528.28 -301.41 332.45 -0.04 0.62 0.50 0.00 0.63 0.23 0.43
16.00 49.99 -436.39 -597.73 151.03 0.49 -0.30 0.59 0.80 0.38 0.35 0.47
5.00 3.13 60.19 -460.44 -96.03 -0.32 0.01 0.90 0.87 0.89 0.92 0.35
12.00 23.08 -25.90 -491.20 -462.33 -0.65 -0.14 -0.17 0.55 0.70 0.68 0.17
6.00 6.39 -41.23 33.75 -652.96 -0.93 -0.60 0.71 0.92 0.55 0.95 0.30
30.00 125.84 448.86 -6.36 -357.61 0.42 -0.09 -0.69 0.81 0.38 0.75 0.62
33.00 15.23 -388.77 -346.19 -145.07 -0.06 -0.17 -0.88 0.77 0.55 0.72 0.42
25.00 99.51 269.90 509.17 429.75 -0.12 -0.86 0.30 0.24 0.73 0.94 0.65
10.00 22.40 -731.03 -131.43 173.07 0.59 -0.78 -0.18 0.62 0.69 0.88 0.44
7.00 3.42 616.11 -15.75 113.60 0.63 -0.97 -0.59 0.80 0.94 0.02 0.46
7.00 7.49 309.41 -56.76 -546.52 -0.23 -0.96 -0.50 0.55 0.14 0.89 0.23
8.00 9.87 -466.96 111.95 -276.56 -0.69 -0.31 0.18 0.84 0.09 0.45 0.87
9.00 9.53 421.89 -86.13 414.18 0.59 -0.21 0.21 0.86 0.29 0.37 0.48
9.00 10.78 -402.18 64.86 -447.15 -0.10 -0.83 -0.74 0.68 0.36 0.81 0.35
5.00 6.43 452.40 -231.91 282.35 -0.07 -0.90 0.11 0.34 0.86 0.97 0.97
6.00 3.40 -347.82 718.34 -29.17 0.62 0.51 0.49 0.31 0.83 0.40 0.68
15.00 60.67 -51.61 -16.13 -597.26 0.03 -0.42 -0.53 0.72 0.16 0.05 1.00
5.00 5.73 -534.28 83.67 -250.51 -0.45 0.19 0.59 0.86 0.80 0.29 0.76
28.00 136.94 402.94 336.86 56.79 -0.46 0.87 0.32 0.57 0.09 0.31 0.92
5.00 5.84 -398.22 169.41 -478.52 -0.74 -0.62 0.80 0.08 0.40 0.25 0.35
18.00 18.98 25.21 -151.21 -296.03 -0.59 -0.05 0.12 0.15 0.92 0.69 0.42
8.00 14.51 537.01 530.32 69.61 0.72 0.59 0.17 0.03 0.48 0.83 0.51
20.00 89.68 90.05 -184.61 -182.79 -0.79 0.64 0.56 0.60 0.51 0.38 0.43
15.00 12.27 -545.46 306.73 -334.34 0.61 -0.39 0.22 0.22 0.14 0.01 0.16
5.00 5.34 369.43 96.00 197.99 -0.68 -0.22 -0.20 0.50 0.50 0.66 0.94
12.00 25.97 -577.81 -211.90 288.67 0.37 0.73 0.98 0.49 0.38 0.76 0.42
16.00 44.43 429.87 -466.02 -93.24 -0.74 0.16 0.41 0.64 0.82 0.54 0.63
7.00 1.05 -64.43 -94.01 -586.83 -0.24 0.46 0.11 0.82 0.63 0.02 0.44
7.00 0.66 612.62 91.14 -30.80 -0.04 0.15 -0.38 0.26 0.37 0.79 0.05
9.00 19.28 -128.36 -175.99 -412.97 -0.35 -0.22 -0.00 0.63 0.83 0.22 0.39
16.00 66.62 377.46 -260.13 -178.53 0.05 0.46 -0.55 0.59 0.05 0.40 0.95
11.00 15.60 -475.89 304.88 -44.43 -0.10 -0.60 0.73 0.63 0.99 0.19 0.46
18.00 1.52 -451.66 -56.77 391.05 0.66 -0.19 0.91 0.64 0.77 0.78 0.20
7.00 11.68 -382.20 7.27 51.18 -0.17 -0.07 -0.49 0.80 1.00 0.12 0.56
19.00 85.46 -32.23 561.08 419.26 -0.59 -0.92 -0.20 0.23 0.32 0.51 0.44
11.00 23.02 189.27 73.32 -464.18 -0.48 -0.95 -0.41 0.12 0.31 0.96 0.12
13.00 1.82 295.47 -470.30 250.93 -0.98 0.10 -0.18 0.03 0.20 0.58 0.61
8.00 11.06 575.46 -50.18 -304.93 0.99 0.12 -0.84 0.48 1.00 0.65 0.80
9.00 15.17 -312.12 399.74 -41.13 0.32 -0.55 0.15 0.71 0.11 0.86 0.35
22.00 97.42 276.59 -129.22 -407.99 0.67 -0.86 -0.58 0.65 0.10 0.36 0.72
8.00 4.36 189.57 82.26 733.00 0.23 0.79 -0.16 0.29 0.03 0.18 0.53
7.00 6.23 91.60 432.90 205.23 -0.32 -0.59 -0.66 0.63 0.04 0.43 0.11
8.00 5.25 764.05 -214.48 -86.35 0.20 0.03 0.77 0.45 0.70 0.07 0.48
25.00 10.92 664.81 411.56 146.98 0.31 -0.26 0.32 0.31 0.16 0.20 0.41
15.00 52.36 -152.50 530.07 -151.36 -0.23 -0.54 -0.26 0.14 0.69 0.58 0.86
16.00 49.32 86.13 196.87 -674.85 -0.40 0.99 0.75 0.25 0.66 0.15 0.85
9.00 10.43 288.47 34.52 295.75 -0.76 0.14 -0.80 0.19 0.57 0.90 0.72
16.00 43.06 -21.79 319.05 487.90 0.03 0.61 -0.30 0.59 0.69 0.34 0.95
15.00 59.31 -480.65 208.15 494.65 0.17 -0.46 0.18 0.40 0.08 0.34 0.58
34.00 150.20 243.49 670.12 -352.75 -0.52 -0.63 -0.21 0.72 0.94 0.25 0.93
6.00 4.53 -291.40 359.88 -296.10 0.65 -1.00 -0.02 0.91 0.67 0.13 0.78
10.00 1.20 316.23 199.21 366.53 -0.88 -0.08 0.66 0.59 0.01 0.50 0.03
7.00 11.87 -363.77 -306.35 -453.28 -0.83 0.04 -0.73 0.90 0.73 0.21 0.65
16.00 70.46 98.66 -8.51 608.85 -0.13 0.70 -0.77 0.86 0.99 0.09 0.41
13.00 13.10 -222.61 -471.22 316.47 0.71 -0.67 -0.23 0.08 0.18 0.28 0.99
21.00 108.93 -410.45 16.49 -129.08 0.36 0.88 0.82 0.00 0.20 0.30 0.86
7.00 0.93 367.00 605.37 361.39 -0.64 -0.23 -0.02 0.46 0.83 0.96 0.37
25.00 66.58 614.34 -47.64 -374.17 0.73 0.43 0.48 0.95 0.67 0.90 0.13
24.00 74.24 165.17 680.13 222.42 -0.77 0.12 -0.98 0.58 0.12 0.82 0.12
13.00 26.09 -214.99 -418.08 -125.53 -0.22 -0.40 0.67 0.52 0.91 0.86 0.62
7.00 12.89 -397.12 -345.29 -321.59 -0.22 0.75 0.52 0.99 0.72 0.11 0.19
7.00 12.86 -446.15 -146.51 -421.98 0.11 -0.29 0.17 0.10 0.52 0.94 0.58
8.00 17.85 -260.31 -577.22 -484.36 -0.58 -0.68 -0.42 0.22 0.42 0.71 0.80
10.00 26.36 -470.34 198.37 56.51 -0.88 -0.49 -0.41 0.53 0.34 0.85 0.88
11.00 26.68 485.30 507.19 83.11 -0.89 0.57 -0.08 0.06 0.12 0.45 0.11
7.00 6.64 -388.05 527.44 43.63 -0.64 -0.84 -0.09 0.93 0.32 0.84 0.36
5.00 1.54 146.69 373.71 166.90 -0.63 0.39 0.59 0.86 0.93 0.06 0.88
11.00 22.18 269.91 -320.67 80.61 0.66 -0.55 -0.36 0.60 0.54 0.84 0.17
8.00 16.52 29.87 393.33 162.01 0.54 0.18 -0.67 0.60 0.08 0.58 0.29
6.00 6.86 -3.11 495.89 557.45 0.18 0.96 0.95 0.86 0.36 0.68 0.84
8.00 12.29 -517.13 -481.84 -353.01 -0.08 0.01 -0.70 0.82 0.30 0.22 0.98
6.00 0.69 426.15 174.13 626.47 -0.59 -0.06 -0.26 0.14 0.46 0.03 0.49
29.00 198.30 349.57 635.33 -96.37 -0.25 0.72 -0.17 0.41 0.82 0.59 0.39
5.00 4.80 45.26 -352.57 477.05 0.36 -0.18 -0.08 0.09 0.98 0.43 0.35
13.00 29.51 33.56 485.58 -283.36 0.21 0.28 0.76 0.82 0.72 0.13 0.24
17.00 50.49 -737.70 -98.77 287.76 0.37 0.86 0.08 0.25 0.02 0.89 0.76
32.00 257.24 -450.19 -388.05 -140.23 -0.18 -0.86 -0.55 0.58 0.30 0.85 0.09
38.00 365.37 580.41 319.72 -39.45 -0.85 0.60 -0.70 0.26 0.43 0.16 0.43
18.00 33.29 -318.94 -112.91 330.67 0.65 -0.65 0.08 0.19 0.84 0.86 0.77
19.00 12.32 77.03 167.98 354.39 -0.33 -0.76 0.52 0.62 0.22 0.18 0.36
6.00 0.16 194.22 309.21 -622.88 -0.48 -0.29 -0.24 0.19 0.23 0.59 0.63
5.00 1.42 -3.15 -249.86 575.99 -0.13 -0.93 0.48 0.20 0.65 0.02 0.65
12.00 10.57 705.08 -187.07 315.87 0.99 -0.04 0.24 0.66 0.64 0.32 0.33
10.00 21.31 -536.18 440.99 -73.11 -0.91 -0.56 0.41 0.05 0.65 0.22 0.61
33.00 268.06 414.44 258.17 -92.18 -0.22 0.54 0.45 0.46 0.94 0.67 0.58
10.00 2.19 74.12 387.92 646.34 -0.94 -0.28 -0.17 0.52 0.90 0.55 0.15
9.00 9.39 -49.91 -137.45 -272.61 0.19 -0.37 -0.02 0.08 0.10 0.62 0.51
24.00 118.20 326.42 329.68 634.19 -0.40 0.21 0.40 0.29 0.53 0.30 0.49
18.00 72.39 -409.07 284.85 465.86 0.11 -0.26 -0.79 0.25 0.64 0.78 0.50
9.00 5.61 351.24 -282.23 605.09 0.52 0.50 -0.63 0.18 0.67 0.11 0.35
21.00 121.22 -30.66 -77.21 394.24 -0.88 -0.97 0.73 0.77 0.95 0.42 0.35
6.00 8.95 567.20 -35.91 50.54 0.88 -0.66 -0.32 0.85 0.21 0.56 0.58
10.00 14.22 -347.63 -255.36 268.90 0.58 0.16 0.50 0.98 0.68 0.90 0.88
22.00 75.79 387.44 604.14 319.96 -0.41 -0.03 -0.28 0.13 0.10 0.40 0.32
15.00 10.72 294.81 -25.71 325.76 0.77 0.13 -0.26 0.07 0.83 0.09 0.96
22.00 1.17 -362.44 -448.26 473.19 -0.05 0.01 0.53 0.02 0.84 0.40 0.70
7.00 0.18 317.93 613.66 -215.45 -0.19 0.29 -0.99 0.64 0.06 0.03 0.05
10.00 13.74 -417.36 445.06 108.35 -0.37 -0.42 0.82 0.43 0.72 0.94 0.56
8.00 11.39 590.14 225.20 -6.79 -0.64 -0.98 -0.09 0.61 0.59 0.73 0.22
8.00 14.88 -189.44 -474.12 -593.64 -0.20 -0.94 -0.63 0.83 0.41 0.41 0.42
23.00 21.79 123.34 -179.15 459.91 0.73 0.81 -0.76 0.86 0.54 0.15 0.30
5.00 2.25 419.51 -119.00 487.50 0.41 -1.00 0.91 0.18 0.43 0.38 0.01
6.00 7.58 251.00 0.36 122.53 0.72 -0.21 0.77 0.36 0.33 0.02 0.90
12.00 13.35 -395.47 631.15 -260.57 -0.65 0.78 -0.97 0.25 0.79 0.64 0.50
10.00 10.85 51.00 331.80 179.90 -0.83 0.77 0.45 0.77 0.91 0.65 0.85
12.00 28.72 166.22 -205.72 -439.14 -0.28 0.05 0.33 0.59 0.07 0.24 0.87
5.00 5.73 -340.80 -300.38 -507.64 0.87 0.35 0.69 0.83 0.80 0.45 0.17
14.00 22.43 241.27 -53.69 455.04 -0.96 -0.27 0.62 0.85 0.35 0.94 1.00
7.00 12.32 413.76 444.74 -504.94 -0.70 -0.53 0.06 0.49 0.68 0.51 0.87
31.00 24.37 185.03 231.76 -477.71 0.39 0.31 0.59 0.12 0.56 0.34 0.08
17.00 8.93 -183.08 609.99 -4.01 0.81 -0.12 0.68 0.80 0.36 0.18 0.28
5.00 1.06 44.44 57.08 279.60 -0.40 0.32 -0.98 0.10 0.20 0.94 0.61
9.00 15.58 531.07 -36.02 -209.31 0.92 -0.07 0.01 0.37 0.78 0.72 0.73
6.00 0.52 150.23 -54.58 -92.50 0.82 0.62 -0.43 0.80 0.59 0.61 0.40
14.00 10.66 10.38 604.53 -237.93 0.17 -1.00 -0.31 0.25 0.81 0.45 0.42
5.00 5.40 79.65 -53.75 281.35 -0.16 0.29 -0.32 0.73 0.15 0.22 0.89
19.00 11.13 -206.88 260.87 668.97 -0.33 0.00 0.48 0.30 0.56 0.33 0.34
5.00 2.66 32.73 495.24 -170.96 -0.06 0.19 -0.15 0.81 0.88 0.24 0.81
29.00 219.47 -325.13 446.41 49.03 -0.87 0.35 0.66 0.80 0.72 0.25 0.61
15.00 18.75 -41.64 -33.30 -144.93 0.14 0.95 -0.48 0.32 0.53 0.47 0.19
5.00 4.72 -109.65 0.33 619.42 0.04 0.28 -0.84 0.11 0.49 0.00 0.77
25.00 22.09 -446.66 -572.60 -123.47 0.59 0.81 -0.25 0.42 0.80 0.93 0.17
12.00 22.10 656.55 -60.22 -174.81 0.53 -0.41 -0.79 0.66 0.44 0.94 0.52
9.00 9.33 95.18 -565.29 493.82 0.07 -0.04 -0.66 0.02 0.56 0.14 0.87
13.00 45.87 263.09 51.16 213.04 -0.64 -0.13 0.84 0.57 0.29 0.84 0.56
24.00 117.11 -291.48 534.21 -428.12 -0.43 -0.78 -0.05 0.39 0.40 0.45 0.73
5.00 2.64 -187.76 -567.60 257.60 -0.69 -0.20 0.70 0.29 0.43 0.14 0.80
18.00 64.64 -521.34 -152.57 398.20 0.19 0.30 -0.31 0.31 0.72 0.22 0.03
20.00 69.43 223.17 -187.19 -40.85 -0.76 -0.19 0.17 0.76 0.14 0.71 0.73
12.00 21.75 346.90 468.47 326.21 0.23 -0.45 -0.36 0.67 0.21 0.79 0.98
6.00 1.04 -409.61 -344.49 190.35 0.15 -0.44 0.03 0.77 0.86 0.80 0.26
9.00 1.94 72.67 -148.04 744.97 0.20 0.04 -0.21 0.43 0.56 0.35 0.83
10.00 16.44 390.12 619.43 -216.42 0.07 0.01 0.28 0.17 1.00 0.42 0.69
20.00 57.17 202.64 -328.00 -442.49 -0.90 -0.06 -0.19 0.35 0.01 0.09 0.90
6.00 0.79 138.27 -630.04 -171.14 -0.51 -0.95 -0.54 0.45 0.98 0.36 0.49
21.00 15.59 -492.69 -78.27 -129.14 0.89 0.44 0.41 0.69 0.98 0.11 0.47
12.00 14.16 223.55 394.37 14.76 -0.39 -0.58 0.97 0.94 0.32 0.69 0.00
19.00 81.31 -674.51 313.95 73.23 -0.21 -0.42 0.81 0.10 0.69 0.53 0.14
10.00 3.34 371.94 -82.69 -178.35 0.86 -0.34 -0.52 0.10 0.26 0.80 0.19
5.00 4.53 568.57 -246.20 55.48 0.89 0.01 -0.25 0.99 0.89 0.34 0.81
10.00 15.44 401.01 -251.77 -478.71 -0.07 -0.89 0.95 0.75 0.34 0.90 0.38
13.00 14.29 -220.55 -543.72 -506.93 -0.89 -0.10 -0.28 0.15 0.86 0.62 0.84
12.00 2.20 476.71 -110.69 427.13 -0.05 -0.46 -0.15 0.71 0.14 0.22 0.55
26.00 44.55 140.42 68.41 -226.92 -0.29 0.84 0.92 0.41 0.02 0.91 0.25
6.00 0.83 41.62 -308.25 -196.93 -0.29 0.32 -0.50 0.85 0.70 0.85 0.12
5.00 5.16 -210.39 723.78 -126.31 0.16 0.95 0.79 0.71 0.77 0.29 0.84
6.00 6.96 -37.50 -729.94 93.88 0.04 -0.21 0.33 0.61 0.24 0.17 0.42
7.00 10.66 437.34 344.57 -140.86 -0.84 0.88 -0.87 0.38 0.03 0.24 0.71
12.00 29.78 -51.15 124.50 -559.96 -0.72 -0.15 -0.27 0.71 0.22 0.65 0.31
10.00 18.78 -773.91 64.58 73.44 0.86 0.14 -0.57 0.96 0.84 0.64 0.57
18.00 57.20 395.68 70.44 185.47 0.42 0.01 -0.70 0.70 0.27 0.76 0.32
18.00 88.74 143.27 -342.23 293.57 0.06 -0.58 -0.38 0.96 0.17 0.92 0.05
21.00 99.91 -55.05 -21.96 771.81 0.21 -0.64 0.05 0.31 0.20 0.10 0.28
6.00 1.57 698.14 206.27 191.80 0.88 0.39 0.05 0.58 0.42 0.06 0.10
16.00 41.83 98.21 -128.68 518.99 0.82 -0.45 0.31 0.52 0.25 0.68 0.68
15.00 22.55 -1.94 -772.88 -69.87 0.10 -0.59 0.36 0.84 0.77 0.99 0.88
5.00 6.44 471.49 -99.22 -421.21 0.33 0.47 0.67 0.27 0.45 0.55 0.52
10.00 7.79 -185.69 -60.39 131.21 -0.67 0.72 0.57 0.17 0.36 0.09 0.19
26.00 60.10 451.86 201.42 -450.98 -0.28 0.52 -0.44 0.45 0.13 0.38 0.66
17.00 35.61 -560.21 -463.23 333.47 -0.03 0.17 0.26 0.70 0.81 0.80 0.80
7.00 2.21 646.09 263.94 -142.56 -0.84 -0.66 -0.58 0.10 0.56 0.55 0.64
6.00 7.59 688.43 -99.48 -141.79 -0.50 0.34 0.80 0.15 0.62 0.62 0.81
21.00 83.09 -20.81 682.48 385.85 0.45 0.42 0.06 0.82 0.45 0.33 0.08
26.00 29.72 46.80 697.72 120.46 -0.75 -0.44 -0.87 0.03 0.34 0.19 0.87
20.00 6.80 -9.58 171.98 -527.67 0.59 0.44 0.29 0.75 0.54 0.54 0.09
13.00 4.25 -259.74 -511.08 -272.33 -0.81 0.92 0.12 0.32 0.62 0.12 0.31
14.00 13.94 -621.14 248.89 50.82 0.18 -0.35 -0.32 0.48 0.49 0.83 0.05
14.00 43.57 166.10 46.73 457.40 -0.56 -0.09 -0.58 0.40 0.96 0.99 0.22
8.00 11.43 -42.07 352.72 -503.19 -0.46 -0.64 -0.14 0.41 1.00 0.85 0.55
12.00 1.74 -392.40 -234.04 626.71 0.26 0.58 -0.05 0.84 0.59 0.68 0.82
22.00 34.47 -570.84 -330.51 274.88 0.97 -0.09 -0.04 0.79 0.99 0.20 0.65
34.00 24.48 90.73 532.08 280.47 0.46 0.80 0.96 0.55 0.18 0.50 0.07
24.00 6.48 -81.18 90.46 642.77 -0.28 0.67 0.13 0.58 0.91 0.02 0.65
11.00 33.43 -444.83 320.60 48.41 0.88 -0.25 0.65 0.82 0.93 0.25 0.30
13.00 0.17 523.75 574.44 64.79 0.23 -0.89 0.40 0.91 0.29 0.28 0.72
11.00 19.06 -352.12 211.99 475.63 0.43 -0.29 0.96 0.76 0.92 0.83 0.54
9.00 6.96 -269.59 167.22 -125.32 -0.56 0.80 0.22 0.47 0.45 0.86 0.84
7.00 10.31 -454.92 -480.77 -177.83 -0.49 0.59 -0.34 0.81 0.83 0.58 0.25
8.00 11.16 -193.31 -33.19 -677.57 -0.67 -0.76 0.24 0.40 0.47 0.41 0.62
35.00 139.82 577.83 259.87 395.20 -0.24 -0.20 -0.22 0.27 0.01 0.10 0.44
7.00 6.64 225.52 404.69 -249.64 0.75 0.24 -0.81 0.90 0.90 0.39 0.24
11.00 10.21 108.56 -453.54 359.67 -0.14 -0.07 -0.54 0.07 0.61 0.27 0.86
12.00 20.76 686.36 -192.73 -245.56 -0.99 -0.14 -0.88 0.32 0.59 0.57 0.39
38.00 11.41 68.18 647.43 56.47 -0.36 0.10 0.89 0.25 0.08 0.50 0.20
6.00 1.35 -344.47 625.02 60.53 -0.38 0.86 0.61 0.30 0.36 0.59 0.48
10.00 9.65 164.66 62.58 486.10 -0.08 0.71 0.08 0.92 0.36 0.15 0.83
26.00 45.65 -7.81 -69.66 -51.65 0.11 -0.35 -0.84 0.66 0.05 0.57 0.40
6.00 4.89 -542.70 -370.27 -224.45 -0.33 -0.47 -0.22 0.68 0.14 0.80 0.97
15.00 35.95 417.11 384.12 -538.38 0.03 0.76 0.32 0.44 0.93 0.82 0.30
29.00 85.25 225.38 363.05 673.40 -0.65 -0.57 0.83 0.23 0.08 0.18 0.84
12.00 37.75 -208.11 71.15 -674.64 0.98 0.76 0.44 0.19 0.68 0.50 0.12
13.00 14.72 120.33 -316.89 -487.07 -0.39 0.28 0.59 0.73 0.84 0.84 0.75
11.00 24.25 -540.69 -98.39 246.52 0.17 -0.59 0.23 0.34 0.44 0.03 0.47
19.00 81.07 325.02 460.71 -121.42 -0.22 -0.25 -0.27 0.45 0.15 0.54 0.08
11.00 4.67 -773.74 114.80 -58.63 -0.56 -0.14 -0.22 0.57 0.44 0.49 0.56
8.00 5.22 -153.88 598.02 -484.78 0.05 -0.37 0.18 0.33 0.78 0.33 0.17
7.00 5.65 140.50 168.00 29.84 0.44 0.07 0.49 0.14 0.98 0.87 0.20
5.00 0.55 539.77 -549.90 124.35 0.70 -0.31 -0.34 0.05 0.57 0.96 0.93
18.00 75.89 -93.29 -272.62 625.28 0.04 0.80 -0.16 0.61 0.77 0.40 0.08
16.00 7.05 -362.32 558.19 90.42 0.33 0.29 -0.07 0.84 0.28 0.76 0.43
27.00 108.41 251.15 -296.56 598.97 -0.51 0.29 0.54 0.66 0.82 0.73 0.70
10.00 6.46 61.04 -404.83 552.99 0.10 0.46 -0.93 0.26 0.24 0.20 0.15
8.00 4.61 -608.80 303.14 315.43 0.50 0.73 0.52 0.36 0.54 0.80 0.02
13.00 5.97 662.11 -330.03 -276.78 0.08 -0.91 -0.27 0.19 0.22 0.42 0.84
10.00 13.43 -286.31 80.46 -389.79 -0.86 0.67 -0.37 0.26 0.37 0.94 0.83
6.00 0.15 -629.66 -239.19 -16.88 -0.65 0.89 0.59 0.32 0.79 0.34 0.75
7.00 1.69 -52.94 -415.74 -362.09 0.78 -0.12 0.62 0.53 0.88 0.15 0.36
12.00 16.57 -507.20 -284.07 -548.26 0.07 -0.37 -0.47 0.83 0.69 0.44 0.02
11.00 18.87 54.28 2.62 335.15 -0.49 0.55 -0.57 0.93 0.93 0.58 0.56
10.00 3.81 515.17 107.68 -147.43 0.43 0.58 -0.03 0.11 0.58 0.41 0.83
10.00 12.24 -262.03 292.17 -557.24 -0.29 0.01 0.25 0.13 0.43 0.91 0.14
31.00 210.43 276.87 -77.93 524.79 0.49 0.24 -0.23 0.73 0.50 0.09 0.77
7.00 10.02 -38.58 444.78 -10.04 -0.54 -0.15 0.09 0.13 0.93 0.29 0.19
15.00 36.94 577.91 -325.32 -187.98 0.33 -1.00 0.65 0.26 0.68 0.36 0.94
5.00 1.95 -131.59 260.96 358.38 -0.70 0.61 -0.02 0.70 0.59 0.39 0.01
10.00 22.95 301.23 -115.82 82.66 -0.78 -0.02 -0.66 0.15 0.84 0.31 0.71
24.00 42.18 221.13 -364.42 304.71 0.09 -0.27 0.97 0.91 0.39 0.76 0.22
9.00 0.66 -349.69 12.15 327.79 -0.14 -0.07 0.14 0.86 0.97 0.98 0.95
30.00 37.83 -252.23 421.13 -305.26 -0.45 0.03 0.28 0.02 0.10 0.89 0.13
19.00 85.84 569.99 73.78 308.51 0.51 -0.75 0.84 0.71 0.83 0.08 0.31
9.00 21.05 304.23 -570.08 23.21 -0.82 0.38 0.03 0.53 0.36 0.33 0.44
7.00 6.59 -81.37 -500.31 -434.65 0.72 0.66 -0.46 0.65 0.78 0.25 0.67
9.00 22.34 420.92 -591.59 -20.20 0.99 0.22 -0.07 0.04 0.80 0.36 0.98
5.00 6.50 -640.30 158.34 -299.13 0.24 0.12 -0.89 0.50 0.35 0.99 0.76
7.00 2.30 -398.65 -298.90 527.38 -0.79 0.86 -0.16 0.27 0.71 0.51 0.89
22.00 90.64 596.11 -283.81 -369.28 -0.82 0.20 0.27 0.89 0.63 0.25 0.20
19.00 34.40 257.03 322.18 84.99 -0.58 0.10 -0.60 0.68 0.18 0.72 0.42
7.00 0.99 463.71 -266.57 -429.90 0.83 -0.97 0.74 0.08 0.59 0.40 0.69
33.00 46.49 11.28 780.89 98.88 -0.93 -0.42 0.55 0.55 0.38 0.65 0.57
5.00 1.77 485.07 -70.63 -596.78 -0.51 0.76 0.73 0.89 0.46 0.93 0.30
5.00 5.88 -440.76 265.54 363.45 -0.81 0.33 0.44 0.52 0.99 0.27 0.65
23.00 3.50 547.81 252.44 -5.42 -0.26 -0.11 0.34 0.65 0.20 0.07 1.00
6.00 2.97 228.81 -660.76 347.79 0.37 -0.97 0.06 0.41 0.66 0.66 0.19
7.00 0.19 220.90 -359.06 354.51 -0.51 -0.07 -0.22 0.32 0.44 0.22 0.00
5.00 5.34 -341.39 368.99 -423.71 0.67 -0.81 0.07 0.48 0.58 0.23 0.56
16.00 8.51 36.54 648.18 -10.23 0.50 -0.86 -0.45 0.89 0.75 0.69 0.12
9.00 10.90 413.54 -353.16 10.55 0.13 -0.87 -0.12 1.00 0.40 0.66 0.41
14.00 6.38 468.56 16.36 553.68 0.60 0.59 -0.71 0.69 0.22 0.24 0.78
20.00 57.81 19.16 548.39 -78.91 -0.22 0.90 0.82 0.74 0.52 0.58 0.44
27.00 9.24 -377.41 -63.62 -421.11 0.60 0.69 0.43 0.01 0.03 0.53 0.07
10.00 11.75 -114.12 -768.40 -35.76 -0.98 -0.67 0.40 0.00 0.97 0.84 0.58
5.00 2.19 -415.15 147.47 335.09 0.86 -0.82 0.44 0.38 0.92 0.62 0.94
20.00 108.49 177.98 -70.90 -607.16 0.44 -0.98 -0.04 0.59 0.12 0.64 0.05
25.00 160.91 -84.70 -617.23 187.67 0.81 0.68 -0.12 0.47 0.74 0.73 0.63
12.00 27.98 187.23 -614.02 439.23 -0.56 -0.48 -0.13 0.83 0.85 0.41 0.08
10.00 27.39 126.44 4.97 -637.37 0.89 -0.94 0.87 0.47 0.97 0.07 0.79
13.00 12.24 196.68 211.63 667.22 -0.51 -0.72 0.85 0.34 0.24 0.82 0.98
12.00 31.11 -273.23 655.80 -201.47 -0.31 0.26 0.95 0.42 0.00 0.75 0.32
18.00 30.70 162.07 -479.71 94.62 0.56 -0.67 0.71 0.79 0.28 0.54 0.26
5.00 2.96 314.67 541.18 447.76 0.88 -0.89 0.33 0.07 0.73 0.03 0.68
27.00 64.62 -345.06 -530.19 126.43 -0.52 -0.19 0.78 0.69 0.13 0.60 0.01
20.00 53.93 361.70 -624.40 -166.69 -0.16 -0.43 0.61 0.81 0.95 0.51 0.62
5.00 0.14 435.97 -220.71 593.15 -0.02 -0.89 0.29 0.59 0.26 0.41 0.13
18.00 18.16 553.52 401.72 348.83 -0.85 -0.29 -1.00 0.75 0.28 0.88 0.83
11.00 28.71 335.48 -274.41 -170.34 0.01 -0.67 0.18 0.19 0.88 0.83 0.94
7.00 8.41 515.98 107.79 -406.10 0.58 0.83 0.24 0.66 0.35 0.02 0.04
17.00 59.71 -355.21 508.40 13.78 -0.49 -0.20 0.41 0.02 0.26 0.03 0.45
15.00 13.44 669.70 6.42 -273.78 0.69 0.94 -0.26 0.74 0.53 0.57 0.23
7.00 0.14 -151.72 -481.54 555.51 -0.03 -0.08 -0.61 0.83 0.71 0.39 0.58
16.00 67.91 -394.05 631.28 -161.80 -0.19 -0.25 -0.03 0.13 0.51 0.90 0.29
21.00 89.64 -445.57 -364.18 -367.27 -0.75 0.71 -0.31 0.66 0.10 0.76 0.60
10.00 15.58 -443.85 -48.59 321.76 0.30 0.10 -0.13 0.66 0.10 0.02 0.54
7.00 9.13 30.43 -542.32 331.84 0.25 -0.69 -0.13 0.49 0.18 0.88 0.62
13.00 45.83 110.11 96.45 469.56 -0.83 -0.99 -0.88 0.54 0.62 0.77 0.92
18.00 35.80 -386.17 -366.17 272.60 0.09 0.13 -0.18 0.81 0.07 0.41 0.20
11.00 28.86 381.78 -155.39 617.87 -0.92 0.24 0.85 0.44 0.44 0.20 0.08
19.00 9.81 152.92 -426.63 160.20 -0.61 -0.80 -0.20 0.40 0.13 0.09 0.61
5.00 0.41 573.65 -82.94 -350.25 -0.97 0.24 -0.16 0.32 0.83 0.33 0.36
8.00 0.76 -345.56 -349.26 535.46 -0.63 -0.27 0.76 0.08 0.19 0.84 0.77
11.00 6.20 -7.56 400.87 -126.95 -0.47 -0.15 -0.86 0.89 0.15 0.56 0.63
12.00 35.24 152.29 273.14 0.66 -0.26 -0.49 0.97 0.99 0.74 0.65 0.91
16.00 69.34 -533.90 130.09 308.69 -0.75 -0.56 -0.21 0.78 0.28 0.70 0.37
6.00 3.97 -313.54 -59.79 -645.26 -0.35 -0.50 0.32 0.36 0.30 0.55 0.06
12.00 8.15 -762.74 69.44 176.47 0.11 0.17 0.99 0.60 0.12 0.08 0.76
10.00 5.43 -650.01 33.55 -199.72 0.24 0.55 0.54 0.66 0.06 0.19 0.60
16.00 57.43 331.00 322.45 -452.98 0.76 0.86 0.23 0.75 0.57 0.70 0.16
13.00 42.49 568.73 278.17 452.25 -0.49 -0.91 -0.14 0.42 0.01 0.31 0.93
14.00 13.61 -7.21 -52.66 -94.42 -0.68 -0.16 -0.92 0.56 0.55 0.87 0.40
6.00 8.95 487.00 -86.69 -312.75 0.54 -0.14 0.63 0.80 0.83 0.59 0.95
25.00 58.15 -392.88 -166.87 -257.47 -0.09 -0.26 0.88 0.64 0.76 0.25 0.84
11.00 11.03 -229.91 647.95 302.95 0.16 -0.97 -0.97 0.49 0.81 0.07 0.50
7.00 12.44 83.21 -484.69 -138.93 0.63 -0.79 -0.87 0.20 0.18 0.84 0.22
5.00 3.61 -199.00 427.45 -266.30 -0.22 -0.70 0.93 0.60 0.69 0.08 0.69
14.00 37.35 249.70 -79.15 -500.52 0.23 -0.89 0.02 0.06 0.38 0.09 0.77
7.00 4.97 -294.28 189.98 700.39 0.47 0.99 0.71 0.74 0.65 0.87 0.23
17.00 44.29 -134.01 -471.35 427.00 -0.88 -0.31 -0.40 0.63 0.93 0.04 0.31
10.00 0.73 332.55 413.96 -239.21 0.30 0.65 0.56 0.95 0.84 0.93 0.65
21.00 25.29 -467.17 -526.88 -364.57 0.58 -0.34 -0.43 0.03 0.63 0.98 0.23
16.00 29.98 -390.58 478.75 10.01 -0.94 0.50 -0.20 0.38 0.26 0.27 1.00
13.00 16.98 367.55 -277.97 -444.50 0.11 -0.69 -0.38 0.58 0.14 0.66 0.77
6.00 1.92 -216.51 447.54 248.52 0.59 -0.84 0.56 0.14 0.96 0.95 0.51
19.00 86.51 416.03 -220.26 530.66 0.86 -0.17 0.54 0.74 0.44 0.32 0.23
15.00 32.77 -375.06 623.35 89.12 -0.66 0.98 -0.05 0.40 0.88 0.17 0.03
8.00 10.51 -140.84 299.80 -375.67 -0.60 0.24 -0.87 0.29 0.63 0.26 0.29
12.00 12.28 140.42 258.16 -264.67 -0.52 0.17 -0.16 0.41 0.39 0.73 0.20
21.00 81.80 -94.56 140.76 -582.31 0.98 -0.38 -0.49 0.85 0.40 0.68 0.22
6.00 0.05 -325.06 -329.38 -413.39 0.65 -0.22 -0.91 0.06 0.32 0.38 0.65
5.00 5.33 126.16 421.05 584.15 0.98 -0.76 -0.81 0.67 0.80 0.10 0.97
7.00 7.18 79.92 -697.70 -24.30 0.18 0.03 0.67 0.59 0.06 0.03 0.83
5.00 2.47 374.03 75.80 654.05 -0.66 0.55 0.90 0.35 0.56 0.95 0.76
17.00 72.15 -460.25 7.61 -12.54 0.60 1.00 0.56 0.38 0.32 0.99 0.05
9.00 14.16 -170.17 -394.29 21.07 -0.60 0.05 0.56 0.53 0.18 0.15 0.01
24.00 107.42 245.80 115.60 628.08 -0.91 -0.01 0.32 0.25 0.60 0.37 0.28
28.00 117.79 189.38 -211.30 -689.62 0.49 0.53 -0.56 0.37 0.26 0.76 0.22
9.00 15.00 295.21 369.56 566.98 0.80 -0.75 -0.92 0.97 0.25 0.28 0.91
32.00 113.15 -65.01 67.60 156.02 -0.60 -0.40 0.06 0.69 0.92 0.87 0.28
8.00 11.11 -646.82 -148.71 -142.11 -0.51 0.56 -0.24 0.50 0.52 0.84 0.83
6.00 6.68 254.94 -6.76 -521.21 -0.17 0.83 0.74 0.34 0.90 0.21 0.02
8.00 13.10 426.90 -100.45 -320.52 0.76 -0.40 0.46 0.01 0.25 0.27 0.27
17.00 46.80 56.84 80.62 271.04 0.34 -0.80 0.70 0.93 0.18 0.99 0.01
16.00 41.05 20.44 -564.70 -249.75 -0.15 -0.90 -0.16 0.08 0.47 0.41 0.99
5.00 4.63 383.31 172.24 -37.10 -0.50 0.39 -0.84 0.54 0.95 0.16 0.59
7.00 0.69 279.95 -65.92 -67.42 -0.26 0.84 -0.69 0.89 0.21 0.28 0.34
21.00 25.49 117.99 615.35 340.42 0.76 -0.74 -0.01 0.78 0.76 0.60 0.39
9.00 7.34 -166.61 424.93 270.12 0.40 0.40 0.89 0.62 0.99 0.98 0.69
16.00 57.48 272.56 17.36 621.39 0.24 -0.85 0.60 0.75 0.13 0.41 0.45
17.00 67.15 -487.70 -608.47 -152.10 -0.75 0.47 0.42 0.28 0.09 0.27 0.16
6.00 6.53 336.99 380.06 486.12 0.51 -0.70 0.02 0.60 0.81 0.87 0.92
6.00 5.36 -194.89 -12.64 725.97 -0.13 0.53 -1.00 0.16 0.68 0.26 0.68
7.00 10.43 -375.47 -140.68 -80.63 0.51 -0.99 -0.57 0.30 0.25 0.73 0.64
8.00 4.34 69.13 -381.52 -696.87 0.70 0.06 -0.04 0.86 0.78 0.52 0.23
5.00 4.33 198.42 -204.01 -305.15 -0.46 -0.49 0.08 0.82 0.08 0.84 0.92
17.00 17.76 102.17 131.90 511.71 0.86 -0.44 0.34 0.93 0.99 0.72 0.02
19.00 59.40 224.87 -640.05 421.14 0.25 0.42 0.46 0.37 0.17 0.02 0.88
5.00 1.06 -242.66 283.64 -481.50 0.30 0.42 -0.97 0.18 0.12 0.85 0.01
6.00 0.65 291.30 -733.22 -34.62 -0.53 0.29 0.94 0.59 0.16 0.07 0.76
38.00 28.78 -321.29 147.38 621.98 0.15 -0.48 -0.94 0.47 0.75 0.63 0.01
23.00 129.22 163.80 -454.36 -274.80 -0.51 -0.96 0.51 0.28 0.85 0.40 0.68
15.00 60.90 124.49 416.66 369.63 0.58 -0.47 -0.27 0.86 0.63 0.34 0.65
9.00 5.66 -114.92 110.53 -308.51 0.72 -0.10 0.53 0.86 0.21 0.67 0.68
24.00 66.10 165.21 111.48 -86.06 0.72 0.05 -0.34 0.87 0.05 0.12 0.76
13.00 32.19 382.13 531.06 -400.17 0.40 -0.33 -0.67 0.11 0.59 0.67 0.60
5.00 2.60 465.40 -406.83 360.58 0.36 0.97 -0.77 0.35 0.93 0.66 0.60
20.00 19.37 -264.34 -511.35 154.57 -0.95 0.39 0.14 0.01 0.71 0.28 0.80
18.00 25.90 -387.64 392.70 -322.52 0.17 -0.45 0.38 0.38 0.46 0.25 0.03
20.00 43.07 374.02 408.43 253.97 0.97 -0.68 -0.14 0.53 0.70 0.90 0.44
9.00 22.33 341.64 -169.68 -627.63 -0.95 0.90 0.04 0.25 0.81 0.62 0.11
12.00 33.83 -28.79 457.01 -434.75 0.04 0.39 0.89 0.64 0.47 0.90 0.04
20.00 98.49 -737.07 -52.59 192.74 -0.07 0.86 0.18 0.60 0.68 0.98 0.85
22.00 35.21 -110.77 285.54 -383.47 -0.83 0.83 -0.49 0.73 0.52 0.75 0.30
37.00 177.81 104.43 -646.14 -290.61 0.97 -0.88 0.88 0.94 0.61 0.14 0.67
29.00 4.83 -19.99 107.60 457.08 -0.43 0.31 -0.32 0.20 0.07 0.70 0.27
5.00 0.81 -742.57 -220.28 -4.52 0.05 0.12 -0.89 0.84 0.13 0.63 0.88
10.00 8.28 175.60 162.17 169.47 -0.19 -0.97 -0.32 0.23 0.39 0.49 0.22
27.00 190.73 -26.06 150.21 -401.89 0.15 -0.22 0.26 0.04 0.75 0.86 0.28
17.00 51.92 -11.28 147.60 -477.81 0.99 -0.56 0.23 0.41 0.34 0.62 0.62
12.00 26.31 267.49 188.88 -144.51 0.26 -0.43 0.19 0.29 0.00 0.96 0.21
6.00 9.37 -150.37 -488.49 156.48 0.43 -0.38 -0.81 0.73 0.13 0.06 0.59
18.00 83.58 120.65 -692.55 -172.24 -0.40 0.36 0.81 0.39 0.81 0.51 0.41
9.00 17.78 -145.74 -279.03 -362.86 -0.28 -0.97 -0.02 0.54 0.13 0.66 0.83
11.00 24.87 187.62 -520.99 -484.91 -0.27 -0.95 0.41 0.95 0.14 0.36 0.78
26.00 134.93 -519.85 110.93 348.50 0.17 -0.92 0.19 0.16 0.78 0.64 0.07
5.00 2.45 414.56 -504.22 223.30 0.21 0.97 -0.57 0.54 0.70 0.73 0.49
11.00 17.12 326.64 207.65 -211.71 0.30 0.50 0.41 0.83 0.24 0.69 0.66
12.00 18.93 -175.20 -431.58 297.37 0.50 -0.29 0.72 0.15 0.36 0.77 0.07
12.00 40.06 88.21 -103.31 748.64 0.79 0.17 0.53 0.63 0.95 0.57 0.95
11.00 26.65 283.73 701.55 -12.45 0.47 -0.84 -0.49 0.71 0.92 0.18 0.41
5.00 2.93 160.51 586.96 -25.19 -0.47 0.01 -0.93 0.37 0.72 0.29 0.17
17.00 4.63 102.14 -389.77 -25.89 -0.35 -0.66 -0.42 0.11 0.83 0.11 0.18
6.00 5.20 582.39 92.38 268.50 -0.73 -0.09 0.75 0.43 0.97 0.40 0.60
16.00 24.47 467.88 -487.41 277.64 0.34 -0.40 -0.84 0.72 0.76 0.62 0.09
17.00 53.79 -254.87 232.15 -613.53 0.17 0.42 0.74 0.51 0.86 0.85 0.34
13.00 43.59 667.75 15.19 -309.22 -0.82 -1.00 0.95 0.66 0.63 0.72 0.42
22.00 109.87 -144.95 24.10 -558.88 0.93 -0.01 0.37 0.05 0.64 0.95 0.60
11.00 31.39 204.60 30.55 611.91 1.00 -0.04 0.52 0.72 0.02 0.85 0.59
17.00 73.58 110.93 780.08 -36.83 -0.83 0.60 0.18 0.85 0.70 0.14 0.94
20.00 43.82 47.71 318.27 -154.44 0.98 -0.25 -0.23 0.18 0.32 0.43 0.26
7.00 5.67 -440.91 240.84 -494.87 0.51 -0.91 0.43 0.86 0.48 0.25 0.79
9.00 2.95 309.34 -24.97 -226.05 0.14 0.33 -0.94 0.81 0.05 0.90 0.42
7.00 12.76 -140.30 440.98 469.41 0.28 0.14 -0.69 0.05 0.25 0.83 0.20
8.00 2.89 -37.02 -8.80 -634.44 -0.23 0.68 0.09 0.84 0.36 0.53 0.94
5.00 0.80 219.99 501.42 -266.87 0.67 -0.81 -0.15 0.33 0.73 0.29 0.63
11.00 10.66 427.83 386.11 106.05 0.44 0.30 -0.12 0.61 0.36 0.82 0.02
6.00 9.42 164.04 207.18 648.91 -0.89 -0.07 -0.92 0.00 0.33 0.36 0.55
21.00 103.95 -187.00 51.66 701.52 -0.69 1.00 0.07 0.65 0.55 0.70 0.78
19.00 97.14 -102.99 -626.77 356.51 0.39 0.51 0.65 0.74 0.86 0.79 0.20
13.00 25.45 -485.49 -395.38 491.38 0.57 -0.54 -0.46 0.04 0.62 0.07 0.22
24.00 6.15 -323.99 522.70 -494.87 -0.43 -0.58 0.58 0.97 0.29 0.33 0.84
5.00 0.22 323.61 -28.13 235.08 0.20 -0.01 -0.44 0.35 0.72 0.03 0.92
6.00 6.27 331.93 486.47 -318.15 -0.79 -0.91 -0.93 0.73 0.02 0.50 0.29
6.00 7.81 -212.22 -372.14 -318.61 -0.93 -0.30 -0.35 0.34 0.75 0.95 0.14
15.00 11.08 34.57 -584.71 224.45 -0.44 0.72 -0.67 0.12 0.72 0.28 0.31
9.00 17.08 80.46 410.19 514.27 0.12 0.80 -0.98 0.66 0.23 0.00 0.13
24.00 78.06 312.65 -61.17 -412.74 0.74 -0.65 0.21 0.44 0.00 0.30 0.57
9.00 9.19 479.90 -168.91 -558.29 0.65 0.17 0.07 0.64 0.88 0.07 0.05
24.00 97.84 653.26 -101.16 450.05 0.28 0.65 0.96 0.64 0.93 0.78 0.37
7.00 0.83 91.97 -224.73 -604.23 0.33 0.27 -0.01 0.86 0.13 0.38 0.82
8.00 0.30 309.64 -11.31 -699.00 0.87 -0.14 -0.10 0.05 0.08 0.72 0.13
14.00 6.12 -7.92 -182.82 204.05 0.76 0.61 -0.59 0.32 0.28 0.09 0.88
17.00 77.58 446.15 -379.17 -176.66 1.00 0.27 0.66 0.93 0.25 0.00 0.59
7.00 11.85 634.31 -296.35 45.49 -0.24 -0.93 -0.11 0.93 0.88 0.27 0.57
18.00 75.84 -128.67 -449.72 611.75 -0.05 -0.29 -0.24 0.32 0.68 0.12 0.88
23.00 147.24 144.78 -66.03 13.48 0.80 0.86 0.72 0.92 0.12 0.48 0.45
8.00 6.38 -283.12 683.45 -142.21 -0.07 -0.14 -0.17 0.97 0.63 0.94 0.10
32.00 9.82 244.38 -681.40 222.25 -0.61 0.24 -0.91 0.98 0.07 0.85 0.95
18.00 55.33 -557.22 535.67 -73.93 -0.77 0.00 0.40 0.26 0.41 0.48 0.57
11.00 3.52 48.59 623.03 -241.40 -0.83 -0.20 -0.66 0.11 0.10 0.86 0.34
17.00 76.51 -408.38 -674.16 10.17 -0.76 -0.93 0.48 0.18 0.29 0.81 0.62
22.00 82.43 358.87 -281.62 350.69 0.21 0.52 -0.38 0.22 0.08 0.82 0.33
6.00 9.52 681.46 131.38 344.11 -0.40 -0.97 -0.97 0.02 0.24 0.55 0.98
34.00 315.47 -18.67 657.87 23.25 -0.62 -0.89 -0.51 0.63 0.65 0.85 0.85
25.00 105.59 321.87 210.96 -616.72 0.67 -0.64 -0.19 0.35 0.85 0.36 0.83
32.00 57.04 746.10 -208.56 183.85 0.25 0.99 0.14 0.41 0.77 0.57 0.06
14.00 26.62 373.84 115.13 670.77 -0.48 0.36 -0.86 0.98 0.96 0.99 0.96
9.00 8.97 273.30 451.69 -349.05 -0.03 0.82 -0.29 0.90 0.26 0.58 0.72
6.00 2.44 -468.35 385.43 305.95 -0.89 -0.06 0.68 0.83 0.72 0.31 0.54
12.00 5.19 -97.64 -259.72 -539.17 -0.27 0.51 -0.35 0.97 0.95 0.23 0.75
12.00 25.11 762.76 100.78 158.67 0.78 -0.80 -0.61 0.71 0.32 0.04 0.92
9.00 21.17 -622.16 -295.97 -191.08 -0.29 0.63 0.06 0.47 0.25 0.84 0.53
18.00 31.98 -668.47 -271.75 -44.18 0.01 0.28 0.44 0.99 0.46 0.09 0.74
12.00 25.00 -380.29 -197.94 255.69 -0.26 -0.73 -0.79 0.56 0.70 0.77 0.69
8.00 11.17 399.05 -30.94 -356.07 -0.13 -0.44 0.94 0.06 0.67 0.67 0.50
35.00 195.85 277.41 185.26 328.81 -0.03 0.00 0.86 0.09 0.77 0.84 0.42
9.00 5.61 -128.93 -26.50 -94.42 0.75 0.51 0.21 0.90 0.73 0.00 0.85
19.00 73.33 271.73 -298.49 -224.80 -0.93 0.97 0.25 0.66 0.08 0.13 0.06
7.00 12.47 -302.83 -407.37 -296.73 -0.94 -0.11 0.56 0.94 0.60 0.63 0.79
5.00 5.79 -19.54 407.45 -87.99 0.97 -0.45 -0.32 0.49 0.46 0.06 0.63
13.00 25.53 453.74 420.46 -151.97 -0.04 0.67 0.32 0.42 0.16 0.54 0.35
9.00 7.09 -722.67 -296.76 -52.98 0.45 0.12 0.83 0.04 0.70 0.67 0.84
12.00 35.17 150.69 511.54 -368.37 0.11 -0.07 0.50 0.48 0.49 0.29 0.28
9.00 13.21 -352.90 -31.23 -186.97 -0.67 -0.62 -0.23 0.55 0.85 0.31 0.05
6.00 0.23 289.76 196.27 206.53 -0.33 -0.16 0.81 0.78 0.30 0.57 0.79
5.00 4.16 635.48 -77.76 -117.86 -0.78 0.86 0.53 0.25 0.28 0.16 0.71
23.00 1.66 444.79 -390.66 39.62 0.62 -0.34 -0.46 0.84 0.06 0.57 0.61
7.00 8.71 68.56 189.11 210.89 -0.84 -0.85 -0.39 0.34 0.34 0.65 0.83
38.00 157.02 -344.72 -3.04 667.08 0.30 -0.87 0.92 0.13 0.43 0.28 1.00
5.00 5.97 8.37 -440.64 145.13 0.97 -0.13 0.29 0.61 0.27 0.26 0.44
8.00 16.24 -730.95 36.86 9.16 0.17 0.12 -0.51 0.15 0.86 0.57 0.30
15.00 45.33 256.37 -186.18 -604.48 -0.26 -0.78 -0.35 0.39 0.78 0.23 0.13
5.00 2.83 -214.19 -430.30 -271.54 -0.79 -0.93 0.66 0.18 0.13 0.79 0.48
7.00 1.77 -741.16 129.19 -176.19 0.11 0.43 -0.94 0.42 0.47 0.97 0.41
7.00 2.72 -629.42 59.62 -3.01 0.10 -0.98 0.04 0.37 0.82 0.82 0.60
13.00 22.23 -243.57 204.79 462.47 0.95 0.98 -0.76 0.97 0.15 0.47 0.41
19.00 93.30 -228.43 -446.56 564.25 -0.27 -0.70 -0.58 0.06 0.30 0.07 0.93
20.00 93.95 275.08 137.86 -705.36 0.55 0.24 0.74 0.15 0.58 0.54 0.28
6.00 5.93 -292.05 160.90 -616.36 0.55 -0.31 0.75 0.30 0.54 0.20 0.75
8.00 10.44 -524.47 -165.59 474.40 -0.08 -0.61 0.05 0.41 0.40 0.19 1.00
14.00 3.61 36.83 437.30 -308.91 0.06 -0.25 -0.95 0.12 0.70 0.15 0.85
12.00 21.19 -88.60 -495.85 42.58 -0.63 0.07 -0.10 0.61 0.28 0.26 0.81
15.00 3.93 -63.88 -208.45 -120.41 0.06 -0.71 0.55 0.24 0.51 0.66 0.90
7.00 4.30 -322.96 -12.42 87.57 0.61 0.26 -0.58 0.69 0.37 0.29 0.43
15.00 47.99 -180.56 180.53 149.14 -0.63 -0.52 0.23 0.95 0.35 0.91 0.33
10.00 25.17 -88.40 -224.24 682.15 0.85 -0.64 0.73 0.58 0.04 0.18 0.50
6.00 2.06 161.65 652.03 -108.94 -0.50 0.83 0.33 0.02 0.79 0.40 0.93
6.00 4.83 266.68 -345.52 -164.39 0.60 1.00 0.21 0.31 0.07 0.12 0.49
11.00 0.06 -93.38 562.67 -115.27 -0.00 0.13 0.83 0.09 0.89 0.94 0.84
12.00 4.60 -223.00 373.85 -217.79 0.29 -0.14 -0.13 0.01 0.20 0.20 0.24
7.00 6.11 -490.59 54.88 313.89 0.43 0.71 0.24 1.00 0.19 0.31 0.27
5.00 1.74 -352.91 375.27 -316.25 -0.59 -0.91 0.52 0.20 0.66 0.78 0.69
5.00 1.79 460.29 -312.43 -176.65 0.86 0.32 0.91 0.49 0.82 0.20 0.92
18.00 19.22 316.00 671.44 168.99 0.73 0.78 -0.26 0.60 0.76 0.31 0.75
19.00 76.58 -9.52 -445.79 399.40 0.27 0.84 0.26 0.08 0.76 0.88 0.15
9.00 0.10 588.25 -419.85 220.27 -0.76 -0.17 0.95 0.14 0.17 0.25 0.50
8.00 7.75 535.68 64.83 -238.64 0.03 0.06 0.64 0.89 0.45 0.52 0.10
30.00 175.61 14.26 -570.59 -391.46 -0.40 0.75 -0.21 0.19 0.61 0.36 0.42
15.00 8.71 535.64 50.54 -471.04 -0.81 0.85 -0.22 0.66 0.01 0.72 0.35
15.00 8.41 487.38 -8.03 -493.99 -0.59 -0.30 0.57 0.47 0.30 0.21 0.64
27.00 146.90 -466.20 -331.30 -491.52 -0.04 -0.71 0.86 0.39 0.70 0.64 0.82
16.00 52.23 -36.42 -225.42 66.69 0.61 -0.26 0.63 0.79 0.54 0.77 0.57
12.00 29.80 -629.17 -46.64 397.48 0.04 0.96 0.72 0.47 0.49 0.13 0.65
9.00 8.92 -538.74 413.92 13.53 0.79 0.40 0.62 0.30 0.19 0.89 0.68
6.00 5.01 -601.27 -121.29 349.24 -0.39 0.26 -0.36 0.81 0.22 0.18 0.58
13.00 12.28 -106.58 -86.56 45.79 -0.86 -0.84 0.74 0.98 0.37 0.44 0.64
6.00 0.66 -666.61 -318.53 -291.57 0.42 0.49 0.02 0.01 0.72 0.12 0.82
14.00 10.44 -408.60 545.06 65.49 0.47 -0.61 -0.74 0.86 0.16 1.00 0.37
17.00 42.19 -182.94 -233.47 -80.97 -0.67 0.37 -0.36 0.11 0.41 0.77 0.67
13.00 38.19 315.31 -233.21 3.18 -0.22 -0.68 0.68 0.48 0.72 0.66 0.26
15.00 44.90 -697.27 -126.68 50.78 0.25 -0.60 0.78 0.18 0.90 0.12 0.60
30.00 138.25 -588.30 -94.28 455.85 0.36 -0.21 0.36 0.09 0.35 0.25 0.48
6.00 7.11 131.18 151.13 -650.91 -0.85 -0.56 -0.46 0.06 0.08 0.01 0.65
15.00 49.21 -365.53 -101.89 327.93 -0.74 0.96 0.17 0.85 0.62 0.87 0.30
5.00 4.42 270.30 166.54 614.75 0.29 -0.31 0.84 0.88 0.23 0.58 0.36
7.00 10.84 205.04 251.68 -550.44 -0.78 -0.78 0.09 0.36 0.03 0.43 0.93
12.00 26.37 592.42 0.99 -287.53 -0.65 0.29 0.77 0.76 0.14 0.34 0.31
9.00 2.94 -530.31 -499.51 108.13 -0.29 0.40 -0.70 0.28 0.69 0.07 0.18
6.00 4.61 602.62 -371.53 160.84 -0.39 -0.72 -0.76 0.10 0.32 0.30 0.35
8.00 12.39 429.27 477.97 -452.48 -0.01 -0.61 -0.53 0.89 0.84 0.02 0.07
21.00 65.52 -542.43 21.33 -547.62 -0.48 0.53 0.95 0.13 0.12 0.79 0.81
11.00 30.53 -187.85 -639.21 -266.79 -0.80 0.32 -0.88 0.60 0.63 0.26 0.53
17.00 66.99 -51.11 -367.65 76.53 -0.62 -0.39 -0.31 0.25 0.37 0.74 0.17
9.00 0.30 174.02 -203.85 -618.81 0.29 -0.11 -0.57 0.07 0.37 0.54 0.15
5.00 0.29 446.39 494.50 61.06 0.88 -0.09 -0.70 0.23 0.97 0.40 0.94
8.00 8.15 -13.95 397.42 71.86 0.24 0.21 -0.68 0.47 0.73 0.01 0.98
7.00 8.70 -407.38 -42.95 -198.93 0.50 -0.85 0.25 0.78 0.71 0.42 0.83
20.00 25.24 -49.92 702.71 197.56 -0.61 -0.91 -0.66 0.87 0.40 0.86 0.29
32.00 74.99 470.27 345.90 -512.68 0.79 -0.99 -0.90 0.51 0.77 0.94 0.49
34.00 4.60 211.27 -106.74 26.92 0.65 -0.41 0.62 0.84 0.05 0.31 0.83
8.00 12.99 202.35 56.14 686.26 -0.38 0.51 -0.91 0.31 0.18 0.11 0.09
17.00 28.69 21.08 -54.75 -508.49 -0.61 0.02 -0.71 0.90 0.65 0.36 0.09
10.00 12.65 479.62 522.68 -364.89 0.21 0.41 0.69 0.89 0.94 0.28 0.34
27.00 134.34 283.76 -299.73 373.54 -0.50 0.43 -0.78 0.34 0.75 0.52 0.64
8.00 9.16 -358.51 270.25 -256.52 0.85 0.27 -0.98 0.23 0.96 0.99 0.09
5.00 5.70 34.32 143.15 52.80 0.69 0.08 0.17 0.38 0.74 0.42 0.26
12.00 37.75 -27.45 -382.99 118.80 0.81 0.63 0.37 0.64 0.37 0.70 0.27
12.00 31.03 416.42 467.99 36.61 0.85 0.25 -0.12 0.99 0.04 0.80 0.42
7.00 5.74 -20.87 -530.54 41.35 0.15 -0.15 0.67 0.35 0.81 0.94 0.09
17.00 79.85 -188.86 -766.12 75.36 0.24 0.24 0.80 0.73 0.85 0.89 0.47
13.00 14.58 204.66 -626.43 -292.20 -0.29 0.92 -0.78 0.06 0.43 0.39 0.57
10.00 0.50 -199.42 -207.37 -745.58 0.88 -0.60 -0.76 0.02 0.33 0.93 0.88
6.00 2.80 -399.80 295.24 600.56 -0.35 -0.56 -0.40 0.93 0.27 0.42 0.15
8.00 14.44 -208.03 -389.35 -492.89 -0.32 -0.51 -0.42 0.50 0.32 0.16 0.34
6.00 0.40 -560.51 555.78 -91.85 -0.56 -0.17 -0.62 0.33 0.63 0.60 0.81
7.00 13.21 -306.61 -431.31 123.66 0.77 -0.33 -0.18 0.88 0.26 0.63 0.22
18.00 31.58 133.27 -648.45 -84.03 0.99 0.37 0.26 0.39 0.63 0.81 0.50
30.00 181.04 -118.73 202.18 -22.29 -0.31 -0.99 0.63 0.47 0.33 0.50 0.55
36.00 146.17 286.19 90.26 -637.53 -0.68 0.98 0.21 0.70 0.53 0.82 0.70
10.00 26.04 153.87 -10.73 290.60 0.41 -0.95 -0.05 0.31 0.67 0.93 0.92
23.00 8.36 -189.63 -51.61 308.54 0.31 0.45 0.25 0.52 0.37 0.32 0.95
18.00 35.69 119.95 -391.56 -547.48 -0.95 -0.27 0.90 0.06 0.75 0.75 0.94
5.00 2.76 -119.75 500.38 -63.91 -0.17 -0.47 -0.90 0.51 1.00 0.68 0.49
9.00 21.31 -267.89 8.17 -599.50 -0.11 0.34 -0.63 0.77 0.32 0.70 0.43
22.00 80.32 224.99 163.69 648.69 0.37 -0.21 -0.53 0.91 0.83 0.91 0.94
14.00 40.61 -15.12 -538.56 432.86 -0.82 0.15 0.99 0.40 0.87 0.81 0.48
15.00 52.30 346.53 451.07 -373.06 0.85 0.32 -0.14 0.84 0.78 0.89 0.23
5.00 4.01 -137.71 479.62 -329.76 0.74 -0.46 0.91 0.43 0.06 0.05 0.37
14.00 50.48 -160.21 -237.02 127.70 0.69 -0.33 -0.13 0.74 0.67 0.65 0.24
7.00 0.60 -84.90 -359.73 316.67 -0.13 -0.62 0.34 0.13 0.22 0.78 0.67
26.00 33.27 5.85 577.86 -496.92 0.09 -0.79 -0.46 0.63 0.24 0.25 0.62
5.00 2.39 536.14 -0.60 -385.07 -0.41 0.32 -0.23 0.42 0.30 0.70 0.93
7.00 8.20 -167.31 -335.80 186.11 -0.63 -0.86 -0.46 0.47 0.07 0.11 0.07
9.00 22.24 305.29 573.90 -455.82 -0.73 -0.83 -0.91 0.94 0.96 0.77 0.78
12.00 27.08 118.17 495.82 -442.60 -0.76 0.47 -0.52 0.30 0.15 0.17 0.29
22.00 0.46 325.33 112.56 368.80 0.54 -0.92 -0.78 0.16 0.52 0.52 0.36
12.00 15.03 549.20 -358.12 21.24 -0.18 -0.40 -0.60 0.74 0.12 0.44 0.30
5.00 3.21 17.80 404.42 -158.35 -0.01 0.58 -0.68 0.53 0.30 0.73 0.47
13.00 3.18 -86.18 -149.26 -63.63 -0.44 0.68 0.42 0.09 0.98 0.82 0.61
8.00 8.62 -102.59 -600.40 219.73 0.11 -0.18 0.50 0.95 0.82 0.64 0.17
25.00 75.53 -437.73 -157.64 -77.59 -0.59 0.59 0.95 0.24 0.86 0.29 0.72
16.00 53.25 -607.01 211.15 -444.84 -0.51 -0.74 0.98 0.98 0.85 0.29 0.50
20.00 72.84 -602.90 87.68 222.27 0.81 0.35 0.95 0.53 0.90 0.26 0.03
9.00 4.54 -147.85 -739.64 -0.53 0.03 -0.03 -0.26 0.13 0.76 0.11 0.73
12.00 35.91 389.85 -600.18 27.91 -0.20 0.98 -0.69 0.96 0.90 0.54 0.74
16.00 33.83 -286.54 -34.89 -242.28 0.03 -0.29 -0.46 0.31 0.62 0.73 0.67
20.00 3.13 -156.98 -285.74 -457.75 -0.00 -0.42 -0.61 0.39 0.24 0.95 0.87
15.00 39.73 -14.64 -165.05 -712.67 -0.83 0.05 -0.06 0.98 0.59 0.13 0.39
7.00 2.22 -389.87 -116.44 -403.00 0.00 0.30 -0.32 0.23 0.07 0.86 0.01
6.00 4.46 617.35 53.48 283.13 0.32 -0.01 0.68 0.14 0.60 0.22 0.42
27.00 49.18 -14.37 -366.57 616.50 0.75 -0.72 -0.47 0.17 0.99 0.49 0.21
19.00 38.85 -397.46 -330.74 578.04 -0.33 -0.88 0.90 0.47 0.70 0.97 0.24
18.00 65.61 -307.33 477.49 -420.72 -0.07 -0.78 -0.54 0.41 0.21 0.47 0.45
20.00 20.16 -54.21 -741.71 -78.54 -0.81 -0.95 -0.05 0.09 0.09 0.04 0.04
14.00 14.84 229.25 231.64 -5.09 -0.05 -0.44 -0.61 0.03 0.24 0.59 0.05
12.00 38.72 -631.62 349.82 63.16 -0.37 0.06 0.43 0.36 0.04 0.14 0.31
11.00 20.25 -189.45 371.42 -148.36 -0.94 0.20 -0.80 0.34 0.99 0.14 0.12
16.00 30.20 -464.36 339.19 362.04 -0.21 -0.52 0.21 0.80 0.11 0.87 0.91
14.00 43.87 -390.30 213.76 179.19 0.66 0.38 0.06 0.85 0.13 0.87 0.31
17.00 21.68 -483.69 320.84 -475.83 0.65 -0.23 -0.49 0.22 0.75 0.15 0.46
8.00 12.27 156.48 161.10 137.99 -0.09 -0.76 0.13 0.98 0.63 0.69 0.51
5.00 5.83 417.65 -294.07 592.12 0.66 0.89 -0.52 0.81 0.23 0.81 0.40
12.00 16.98 623.06 -292.99 139.11 -0.02 -0.86 0.56 0.33 0.43 0.28 0.13
8.00 14.77 441.49 -18.30 346.04 -0.28 0.06 0.10 0.94 0.49 0.71 0.65
14.00 39.98 -123.97 526.52 -235.58 0.55 -0.81 0.55 0.82 0.08 0.62 0.07
22.00 94.98 60.69 -59.96 -183.82 -0.13 0.44 -0.71 0.01 0.43 0.18 0.39
13.00 26.12 538.17 522.44 -97.13 -0.89 -0.88 -0.79 0.55 0.45 0.12 0.09
5.00 0.09 -268.77 123.23 -188.64 -0.88 -0.96 0.73 0.69 0.28 0.25 0.96
5.00 0.67 294.82 -128.39 -661.61 -1.00 0.32 0.48 0.88 0.53 0.72 0.36
5.00 6.07 410.33 -233.13 367.63 0.42 -0.33 0.38 0.26 0.60 0.59 0.09
8.00 15.07 276.91 248.34 -299.24 -0.29 -0.91 0.60 0.21 0.85 0.36 0.22
9.00 16.53 351.08 14.94 202.86 0.26 -0.32 0.90 0.14 0.69 0.39 0.07
16.00 26.04 -569.69 -298.36 -415.85 -0.99 0.37 -0.53 0.69 0.58 0.19 0.03
10.00 5.90 -349.37 -321.33 518.48 0.46 0.10 -0.25 0.58 0.18 0.97 0.65
5.00 3.27 -244.17 265.91 558.38 0.27 0.51 -0.12 0.14 0.59 0.17 0.74
14.00 42.64 -369.71 -564.28 217.31 -0.44 -0.97 0.74 0.77 0.24 0.61 0.02
8.00 15.21 414.20 291.58 37.51 0.89 -0.01 -0.68 0.04 0.79 0.24 0.26
12.00 20.13 751.26 186.73 71.54 -0.06 0.07 -0.76 0.83 0.33 0.52 0.20
23.00 137.17 -413.24 106.98 -301.59 -0.39 -0.09 0.19 0.66 0.42 0.85 0.45
5.00 2.77 497.62 525.13 260.38 0.64 0.99 0.02 0.49 0.86 0.70 0.06
13.00 24.76 208.02 201.98 27.17 -0.67 -0.03 0.66 0.82 0.41 0.85 0.59
10.00 2.37 -433.30 16.47 493.63 -0.33 0.65 -0.56 0.15 0.90 0.73 0.97
14.00 5.00 -199.79 -360.28 361.67 -0.35 -0.57 0.66 0.04 0.71 0.84 0.59
12.00 37.84 -512.50 319.27 -370.84 -0.95 -0.84 0.55 0.45 0.17 0.93 0.61
7.00 4.44 248.80 48.79 265.50 0.48 0.80 -0.75 0.03 0.64 0.85 0.64
19.00 48.87 -247.18 529.38 52.73 -0.71 -0.31 -0.38 0.64 0.73 0.46 0.15
9.00 13.57 165.67 648.34 -430.06 -0.11 0.86 -0.12 0.08 0.30 0.40 0.07
7.00 11.43 73.54 512.56 -376.71 0.65 -0.90 0.27 0.33 0.47 0.84 0.64
11.00 17.50 297.75 -525.25 482.29 0.90 -0.16 0.41 0.67 0.05 0.22 0.80
5.00 3.56 -496.91 120.68 208.08 0.30 0.24 0.63 0.27 0.94 0.89 0.31
13.00 16.03 677.92 217.43 15.20 0.31 0.51 -0.45 0.70 0.05 0.24 0.79
21.00 92.07 -81.72 285.53 422.66 -0.72 -0.92 0.53 0.15 0.53 0.72 0.22
9.00 4.75 274.70 -312.42 -529.76 0.40 0.84 0.75 0.26 0.61 0.61 0.98
16.00 20.01 -370.18 148.18 55.05 -0.95 0.08 0.73 0.91 0.58 0.73 0.24
13.00 37.31 -332.48 483.18 249.30 -0.94 0.98 -0.80 0.77 0.90 0.42 0.24
16.00 62.87 355.76 294.98 -227.19 0.29 -0.12 0.31 0.30 0.12 0.90 0.82
25.00 69.16 -320.52 587.67 -93.37 -0.08 -0.81 0.00 0.05 0.90 0.79 0.28
12.00 28.82 -343.48 306.17 -66.31 -0.34 -0.82 0.44 0.83 0.58 0.74 0.33
7.00 4.28 431.30 127.62 -629.56 -0.34 0.05 -0.09 0.10 0.49 0.45 0.58
10.00 10.17 224.47 239.39 -401.86 0.05 0.18 -0.57 0.96 0.44 0.86 0.65
7.00 10.46 -87.46 603.31 74.77 -0.64 0.06 0.21 0.84 0.13 0.43 0.91
10.00 2.39 -94.83 161.94 715.83 -0.42 0.93 -0.52 0.73 0.08 0.92 0.55
9.00 14.63 -0.17 -94.60 -461.39 0.35 -0.61 -0.63 0.72 0.37 0.64 0.12
12.00 19.11 33.93 163.99 -549.90 0.94 0.21 -0.33 0.03 0.13 0.15 0.97
8.00 15.99 120.62 665.17 22.05 -0.60 0.48 -0.82 0.97 0.15 0.28 0.99
10.00 8.19 586.55 -163.78 -398.06 -0.66 -0.12 0.64 0.05 0.63 0.30 0.52
26.00 73.87 -546.47 -171.63 -405.20 0.88 -0.96 0.04 0.47 0.71 0.81 0.16
23.00 87.52 -254.35 -58.99 351.67 0.14 -0.53 -0.36 0.48 0.69 0.34 0.48
14.00 41.74 -500.35 38.02 -479.73 0.17 0.68 0.08 0.55 0.41 0.07 0.03
13.00 13.81 357.01 589.07 221.01 -0.25 -0.13 -0.68 0.83 0.59 0.60 0.63
5.00 0.79 -671.40 38.22 358.25 -0.08 -0.34 0.48 0.70 0.45 0.63 0.41
10.00 27.94 451.22 85.74 227.61 -0.42 0.78 -0.20 0.51 0.25 0.79 0.05
30.00 23.68 -6.71 -392.39 685.96 0.37 -0.47 -0.15 0.40 0.66 0.22 0.74
21.00 91.03 -12.20 -166.83 568.34 -0.35 0.13 -0.13 0.49 0.93 0.96 0.28
14.00 45.06 284.94 180.33 -535.68 -0.98 0.28 0.79 0.68 0.55 0.86 0.94
22.00 60.17 408.00 -474.57 -307.49 -0.32 0.95 -0.79 0.49 0.68 0.73 0.71
8.00 2.49 532.88 -554.10 -205.06 0.28 0.76 -0.65 0.20 0.31 0.58 0.62
13.00 10.69 -155.30 -50.85 -407.54 -0.68 -0.20 -0.31 0.73 0.84 0.06 0.12
14.00 53.45 333.78 -164.59 91.46 0.17 -0.34 -0.99 0.15 0.54 1.00 0.51
6.00 2.76 280.75 -637.56 212.91 -0.50 0.14 0.55 0.55 0.12 0.51 0.65
7.00 7.49 -66.30 73.34 -180.01 -0.55 -0.40 0.67 0.93 0.29 0.10 0.90
12.00 24.03 517.86 123.94 454.93 0.72 -0.26 -0.22 0.62 0.58 0.20 0.48
33.00 279.56 455.39 -281.50 121.87 0.20 -0.50 0.87 0.25 0.34 0.12 0.43
27.00 11.83 499.68 -570.83 -171.88 -0.74 -0.37 -0.56 0.85 0.89 0.65 0.02
7.00 7.16 407.72 -252.27 -381.51 0.65 -0.36 0.87 0.40 0.69 0.79 0.50
6.00 2.71 -333.94 39.50 -353.64 -0.07 -0.11 0.25 0.75 0.14 0.52 0.56
36.00 319.66 145.79 -90.87 -162.40 -0.83 -0.86 0.03 0.84 0.08 0.06 0.69
12.00 5.21 -133.68 -89.96 -773.27 -0.19 -0.21 -0.71 0.48 0.36 0.63 0.31
5.00 3.41 203.47 520.08 -494.92 -0.49 -0.76 -0.24 0.96 0.56 0.18 0.06
38.00 169.27 -665.48 351.59 263.40 0.32 -0.72 -0.35 0.89 0.41 0.22 0.64
8.00 8.96 -208.23 526.34 -49.91 -0.06 -0.36 -0.77 0.50 0.85 0.10 0.89
13.00 42.44 -152.08 96.28 232.15 -0.16 0.75 -0.11 0.23 0.40 0.34 0.59
15.00 24.59 241.58 -453.02 -412.34 -0.20 -0.11 -0.09 0.49 0.45 0.50 0.56
10.00 20.94 232.61 -541.37 367.95 0.16 -0.63 -0.18 0.03 0.64 0.06 0.61
27.00 113.42 350.31 487.18 184.15 -0.90 -0.29 -0.75 0.49 0.37 0.06 0.51
9.00 5.30 -187.92 -448.11 -412.43 -0.75 0.67 -0.84 0.40 0.75 0.49 0.57
7.00 0.29 236.87 36.04 -673.78 0.45 0.65 0.45 0.92 0.30 0.06 0.32
10.00 24.28 166.70 26.63 -110.62 -0.34 0.73 -0.10 0.17 0.82 0.44 0.54
7.00 8.75 -559.99 -186.29 -182.24 -0.56 0.79 0.65 0.99 0.96 0.82 0.40
24.00 35.61 578.74 -250.75 428.17 -0.20 -0.18 0.38 0.62 0.45 0.78 0.76
13.00 15.55 98.87 -584.73 -506.08 0.63 -0.12 -0.97 0.51 0.48 0.37 0.20
20.00 12.20 -227.75 -201.00 380.73 0.50 -0.66 0.11 0.31 0.72 0.75 0.26
17.00 68.50 -240.61 317.66 -123.42 0.91 0.42 -0.13 0.48 0.63 0.50 0.54
20.00 36.73 590.23 -226.88 87.01 -0.43 -0.56 0.36 0.90 0.81 0.33 0.26
21.00 17.46 -329.42 262.47 -220.47 -0.21 0.54 0.27 0.02 0.26 0.09 0.43
5.00 5.07 -288.52 119.95 -76.29 -0.83 0.35 -0.89 0.51 0.52 0.70 0.75
8.00 3.28 604.64 321.45 375.46 -0.69 0.02 0.82 0.31 0.32 0.06 0.38
8.00 4.76 -461.89 -214.45 220.27 -0.58 -0.62 -0.76 0.76 0.31 0.15 0.03
6.00 9.80 57.76 -438.83 404.33 0.85 -0.51 0.07 0.89 0.04 0.62 1.00
25.00 50.73 -532.84 169.24 202.65 0.18 0.86 -0.92 0.08 0.91 0.58 0.52
16.00 3.84 -400.17 -508.01 316.24 0.97 0.37 -0.50 0.13 0.18 0.04 0.03
23.00 129.82 -512.99 -479.62 -165.11 0.98 -0.91 0.08 0.03 0.52 0.04 0.15
6.00 2.79 144.73 -16.06 -640.08 0.87 -0.30 -0.91 0.28 0.12 0.31 0.01
34.00 319.99 25.53 319.74 533.15 0.36 -0.34 0.64 0.84 0.57 0.62 0.45
16.00 1.31 -509.94 378.11 -32.43 -0.63 0.33 -0.74 0.44 0.50 0.59 1.00
5.00 1.15 157.10 -393.99 427.10 0.85 0.75 0.76 0.73 0.02 0.26 0.18
17.00 27.88 183.59 -363.51 -581.24 -0.04 -0.82 0.63 0.94 0.22 0.65 0.86
13.00 20.66 -251.03 357.60 -52.21 -0.40 -0.24 0.34 0.19 0.51 0.85 0.58
15.00 2.19 -463.86 536.11 338.56 0.87 -0.59 0.48 0.51 0.43 0.31 0.24
21.00 111.73 643.16 5.44 -411.39 -0.74 -0.18 -0.29 0.94 0.83 0.89 0.32
20.00 101.71 481.90 22.64 -552.90 -0.24 -0.32 0.38 0.49 0.95 0.21 0.34
10.00 23.00 181.90 -476.05 -50.67 0.34 0.93 0.63 0.31 0.15 0.57 0.65
8.00 11.52 -246.87 -320.65 383.31 -0.11 0.52 -0.64 0.56 0.90 0.20 0.43
10.00 5.81 -46.25 -207.95 -613.21 -0.14 0.77 -0.90 0.92 0.52 0.84 0.53
10.00 23.38 248.09 -1.36 -751.81 0.78 -0.52 -0.78 0.48 0.47 0.74 0.85
12.00 27.34 -87.97 194.57 166.97 0.51 -0.97 0.73 0.76 0.98 0.84 0.67
11.00 1.95 -446.98 29.78 443.16 0.44 0.22 0.83 0.81 0.26 0.45 0.33
14.00 7.87 202.54 -422.14 299.87 -0.87 -0.06 -0.00 0.92 0.23 0.10 0.01
15.00 49.85 390.42 131.59 -408.74 0.83 0.53 -0.83 0.39 0.55 0.51 0.24
6.00 1.54 148.17 612.86 -474.02 -0.58 0.82 -0.72 0.46 0.21 0.04 0.92
19.00 89.82 -83.71 -544.12 -339.23 0.99 0.24 0.15 0.09 0.25 0.58 0.90
12.00 27.46 8.27 -497.03 554.69 -0.89 0.93 -0.64 0.64 0.11 1.00 0.14
30.00 166.34 -465.94 -2.02 646.87 -0.36 0.10 -0.69 0.47 0.50 0.48 0.78
10.00 21.90 -396.43 411.54 -12.43 -0.69 0.58 -0.42 0.00 0.38 0.85 0.72
7.00 9.45 771.84 -43.79 -72.98 0.49 -0.92 -0.20 0.12 0.37 0.91 0.74
8.00 3.83 390.99 -589.51 -260.72 0.50 -0.45 0.83 0.40 0.23 0.55 0.45
23.00 49.39 -448.65 -487.12 27.48 -0.14 -0.64 0.55 0.32 0.64 0.26 0.80
5.00 1.13 -388.62 -612.91 -48.46 -0.98 0.65 0.02 0.17 0.52 0.21 0.76
11.00 5.88 -122.31 391.35 528.74 -0.17 0.45 0.39 0.16 0.29 0.01 0.25
11.00 5.87 -22.79 -511.25 403.64 -0.64 0.62 0.40 0.51 0.69 0.85 0.86
11.00 12.25 483.63 419.59 466.89 0.52 0.78 0.52 0.48 0.22 0.83 0.74
6.00 1.86 -419.21 504.51 -398.72 -0.75 -0.35 -0.89 0.60 0.94 0.26 0.97
11.00 26.19 769.30 201.11 8.65 -0.99 0.76 -0.78 0.96 0.80 0.85 0.97
12.00 15.66 706.89 -289.20 235.35 -0.92 0.36 -0.41 0.16 0.74 0.38 0.13
8.00 7.11 -33.69 -253.70 699.29 0.24 0.67 -0.31 0.43 0.80 0.72 0.50
5.00 0.91 -65.70 42.90 -434.07 0.14 -0.64 0.09 0.07 0.75 0.20 0.16
20.00 2.40 509.67 208.82 -161.22 0.88 -0.79 -0.56 0.42 0.76 0.58 0.27
12.00 18.29 -372.84 174.73 402.23 0.97 0.44 -0.51 0.51 0.55 0.40 0.58
36.00 333.73 335.00 -35.42 -172.71 0.53 0.83 0.76 0.43 0.82 0.21 0.98
5.00 6.20 -209.09 126.41 111.09 0.28 -0.25 0.00 0.59 0.45 0.00 0.60
10.00 26.69 -159.11 -337.03 97.25 -0.69 0.80 0.91 0.66 0.57 0.31 0.94
11.00 15.51 -790.30 2.24 -37.50 -0.95 -0.68 -0.08 0.67 0.92 0.30 0.54
23.00 98.99 -208.35 -530.53 326.88 0.21 -0.86 -0.53 0.66 0.48 0.95 0.08
8.00 14.76 386.76 -1.58 -176.13 -0.01 -0.94 -0.79 0.84 0.47 0.14 0.48
10.00 14.94 680.82 113.02 -152.01 -0.73 0.60 0.15 0.91 0.21 0.72 0.68
14.00 43.03 -86.44 -114.41 558.10 0.54 0.81 0.67 0.50 0.75 0.33 0.86
21.00 96.92 -640.06 -327.04 337.64 -0.51 0.90 0.24 0.27 0.10 0.82 0.68
6.00 8.80 -537.69 -465.32 103.14 -0.37 0.43 -0.04 0.83 0.34 0.65 0.96
19.00 55.39 -568.30 277.61 -65.44 -0.52 0.84 0.82 0.03 0.40 0.13 0.55
9.00 0.61 -358.47 277.73 486.78 -0.49 0.69 0.28 0.28 0.71 0.25 0.67
12.00 8.39 -160.88 73.39 -390.23 0.64 -0.72 -0.06 0.87 0.21 0.53 0.86
14.00 50.82 433.30 80.30 -555.51 0.13 -0.39 0.58 1.00 0.01 0.44 0.19
17.00 80.59 74.07 -500.32 -223.45 0.69 -0.56 -0.61 0.96 0.69 0.94 0.68
8.00 5.20 336.95 531.08 -402.94 -0.33 -0.99 -0.03 0.52 0.05 0.93 0.61
6.00 3.09 -469.55 -259.62 -135.85 0.13 -0.88 -0.75 0.58 0.01 0.11 0.97
15.00 3.40 268.75 -294.22 -25.65 0.95 -0.38 0.12 0.88 0.69 0.88 0.78
12.00 12.76 -154.84 -238.27 -359.97 -0.48 0.42 -0.51 0.56 0.16 0.30 0.04
13.00 5.17 -246.17 -186.26 -70.54 0.38 0.74 -0.55 0.40 0.96 0.19 0.39
6.00 4.75 -126.17 -734.51 15.37 0.15 0.42 0.40 0.57 0.57 0.42 0.22
14.00 48.59 392.90 31.48 -653.58 0.70 -0.74 0.75 0.06 0.69 0.81 0.64
18.00 42.38 62.87 -285.94 -654.83 -0.74 -0.25 -0.78 0.44 0.46 0.33 0.74
5.00 5.00 531.44 -545.30 8.70 -0.20 0.63 -0.80 0.95 0.20 0.84 0.90
17.00 14.14 180.27 -639.46 -55.20 -0.88 0.13 0.73 0.62 0.47 0.64 0.62
10.00 14.91 -614.22 449.22 244.61 -0.96 0.42 0.38 0.60 0.36 0.49 0.75
35.00 230.40 328.93 -587.32 -64.77 -0.49 -0.90 -0.38 0.68 0.94 0.20 0.25
9.00 4.36 177.33 -551.95 342.58 -0.25 -0.86 0.61 0.10 0.89 0.41 0.20
17.00 16.07 -366.83 176.51 458.40 0.40 0.53 0.06 0.18 0.91 0.14 1.00
15.00 36.22 -327.26 -239.57 135.17 0.12 0.99 0.35 0.02 0.75 0.81 0.67
5.00 5.37 -212.95 -153.31 388.73 -0.22 0.47 0.10 0.66 0.93 0.71 0.40
26.00 52.23 -72.50 -252.94 -412.42 -0.42 -0.24 0.71 0.10 0.25 0.43 0.18
12.00 39.85 171.32 -245.09 503.11 -0.83 -0.43 -0.28 0.90 0.44 0.53 0.75
25.00 159.00 -167.19 450.79 54.20 0.13 -0.21 0.01 0.55 0.12 0.08 0.97
9.00 4.86 399.83 194.05 192.68 -0.72 0.22 -0.04 0.49 0.28 0.39 0.75
21.00 3.80 -761.68 -208.00 -81.92 0.15 -0.78 0.32 0.54 0.84 0.14 0.00
13.00 22.26 -208.74 566.13 -386.12 -0.30 0.98 -0.65 0.72 0.23 0.91 0.25
21.00 102.11 -107.61 -200.78 -453.22 -0.50 -0.44 -0.73 0.69 0.47 0.34 0.13
10.00 13.88 419.80 -86.83 303.78 -0.53 -0.44 0.66 1.00 0.82 0.06 0.68
5.00 0.06 -256.54 187.96 -24.97 -0.27 0.64 -0.08 0.10 0.84 0.07 0.07
8.00 9.85 -500.00 294.64 327.14 0.89 0.41 -0.24 0.25 0.06 0.92 0.74
17.00 49.14 -418.14 0.12 606.21 -0.08 -0.89 -0.91 0.76 0.21 0.61 0.25
9.00 6.59 -646.40 -220.37 166.55 0.52 0.40 -0.10 0.42 0.70 0.17 0.03
7.00 12.31 346.08 218.23 -525.37 0.34 -0.21 0.44 0.04 0.19 0.49 0.04
21.00 53.80 64.90 -428.61 -404.50 -0.52 -0.98 -0.10 0.58 0.40 0.35 0.81
18.00 44.78 -9.09 234.24 557.82 -0.89 -0.34 0.60 0.81 0.98 0.77 0.35
7.00 3.42 369.38 -85.67 607.53 0.61 0.46 -0.15 0.13 0.70 1.00 0.76
5.00 0.66 -141.95 -371.77 -665.53 0.81 0.46 0.73 0.66 0.58 0.81 0.79
16.00 53.22 -755.25 -68.37 252.92 -0.87 -0.15 -0.90 0.19 0.69 0.57 0.62
6.00 0.19 12.76 95.44 -704.38 0.59 -0.15 0.95 0.63 0.60 0.36 0.10
9.00 6.59 103.70 398.22 3.11 0.37 0.61 0.54 0.35 0.28 0.81 0.01
9.00 19.45 569.57 419.35 -300.61 0.63 0.34 0.18 0.23 0.15 0.80 0.04
12.00 39.25 71.57 -190.64 -222.74 0.94 -0.60 0.18 0.19 0.95 0.31 0.49
8.00 0.91 716.96 -268.46 -119.57 0.37 0.68 -0.13 0.53 0.14 0.07 0.56
12.00 14.01 -1.41 488.93 14.23 0.14 -0.07 0.77 0.39 0.24 0.42 0.01
14.00 54.18 199.81 570.83 -22.95 -0.69 0.39 0.26 0.95 0.07 0.77 0.70
26.00 29.62 -70.71 375.71 -345.50 -0.02 0.55 -0.18 0.72 0.35 0.23 0.34
20.00 91.12 356.38 -46.18 470.92 0.05 0.91 -0.38 0.32 0.51 0.39 0.62
7.00 1.28 357.31 -365.08 184.51 -0.15 -0.81 -0.65 0.05 0.58 1.00 0.26
19.00 49.80 -22.23 386.82 111.89 -0.33 0.78 -0.19 0.12 0.35 0.56 0.98
32.00 199.67 668.93 296.51 38.11 -0.92 0.80 0.52 0.34 0.20 0.27 0.93
18.00 72.54 69.29 115.71 -219.83 0.93 0.04 -0.22 0.23 0.78 0.53 0.06
7.00 5.17 128.44 634.25 -388.95 0.45 0.28 -0.57 0.27 0.52 0.21 0.45
18.00 52.46 -63.50 -347.78 -548.48 -0.56 -0.07 -0.57 0.61 0.67 0.13 0.08
23.00 87.22 -57.90 -747.56 72.71 -0.25 -0.80 -0.37 0.43 0.37 0.74 0.64
9.00 1.63 -297.26 382.41 -49.67 -0.20 -0.56 -0.91 0.08 0.02 0.81 0.82
39.00 229.42 344.68 -166.36 578.87 -0.21 -0.44 -0.11 0.35 0.78 0.15 0.69
7.00 2.17 -483.03 -163.79 -25.03 0.79 0.39 -0.39 0.89 0.19 0.12 0.62
14.00 32.95 -104.70 404.90 565.58 0.32 0.82 0.40 0.65 0.82 0.35 0.23
5.00 0.28 -0.68 254.40 -183.08 0.69 0.41 0.65 0.00 0.15 0.47 0.50
5.00 5.70 116.12 -192.81 -77.41 -0.64 0.87 0.18 0.06 0.93 0.28 0.18
16.00 30.09 -588.35 -330.72 1.09 -0.05 0.61 -0.17 0.10 0.71 0.91 0.28
21.00 49.77 438.23 144.50 -215.42 0.79 -0.46 -0.64 0.15 0.13 0.80 0.58
29.00 124.83 507.74 -93.70 126.55 0.86 0.74 -0.83 0.36 0.00 0.28 0.09
11.00 29.95 -505.98 136.28 15.12 -0.08 -0.42 0.09 0.83 0.30 0.49 0.97
8.00 10.91 373.52 264.18 -67.87 -0.33 -0.85 0.90 0.48 0.29 0.18 0.58
17.00 71.23 -412.61 -69.14 -155.65 0.91 -0.29 -0.40 0.75 0.89 0.38 0.31
8.00 15.64 241.52 604.01 -83.49 -0.47 0.80 0.41 0.85 0.35 0.32 0.91
13.00 5.22 492.44 -325.53 467.89 -0.05 0.59 0.09 0.27 0.68 0.83 0.08
7.00 3.73 -112.21 -429.34 296.60 -0.13 -0.80 0.78 0.91 0.65 0.82 0.08
5.00 5.65 326.43 -657.71 -226.53 0.65 -0.61 0.15 0.05 0.63 0.09 0.05
14.00 27.69 -629.92 127.45 199.14 -0.97 -0.63 -0.17 0.29 0.26 0.93 0.82
11.00 18.23 -215.87 95.02 -10.25 -0.42 0.37 0.16 0.13 0.19 0.75 0.89
12.00 35.06 -177.05 -447.64 348.35 0.32 -0.79 0.02 0.98 0.87 0.05 0.25
21.00 122.88 -38.99 339.24 -181.60 -0.97 -0.39 0.95 0.08 0.95 0.71 0.78
5.00 0.08 229.38 189.65 515.70 -0.43 0.06 -0.13 0.44 0.22 0.86 0.43
8.00 2.76 -372.67 93.68 468.43 -0.50 -0.56 0.91 0.29 0.19 0.96 0.96
23.00 143.30 -172.74 83.41 14.02 0.40 0.54 0.71 0.14 0.14 0.10 0.45
5.00 4.67 -508.19 -332.63 155.98 -0.67 -0.08 -0.56 0.61 0.24 0.50 0.71
9.00 12.16 -493.64 -352.15 419.87 0.53 -0.29 0.64 0.20 0.27 0.83 0.56
5.00 4.79 361.06 -56.98 197.62 -0.43 0.27 -0.66 0.61 0.46 0.72 0.31
9.00 10.11 -262.79 -436.33 -383.92 -0.44 0.43 0.99 0.19 0.98 0.25 0.39
10.00 17.36 -93.44 348.10 -137.20 -0.24 -0.44 -0.58 0.99 0.42 0.19 0.93
6.00 3.39 -308.85 -150.57 312.31 -0.46 0.42 0.20 0.91 0.30 0.07 0.47
14.00 4.86 -231.41 541.41 -28.10 -0.08 -0.21 0.66 0.50 0.56 0.62 0.59
6.00 1.08 217.22 229.07 -437.14 -0.50 0.22 0.70 0.11 0.88 0.44 0.55
15.00 23.11 -504.17 -299.26 439.16 0.36 -0.79 0.58 0.65 0.42 0.84 0.13
24.00 92.90 -547.20 -201.77 505.91 0.25 1.00 -0.40 0.65 0.56 0.41 0.31
17.00 39.82 -715.08 -276.95 71.12 -0.31 0.02 0.48 0.62 0.37 0.84 0.32
9.00 17.39 -362.02 -662.03 -92.05 0.63 -0.77 -0.54 0.71 0.92 0.39 0.04
5.00 4.43 -636.75 -337.72 169.05 -0.26 -0.99 -0.86 0.77 0.64 0.95 0.00
11.00 11.52 611.34 -300.33 -332.66 0.83 -0.08 0.01 0.43 0.89 0.80 0.76
8.00 15.23 146.78 -192.59 426.38 0.24 0.37 -0.36 0.95 0.56 0.23 0.11
6.00 6.37 456.41 -15.07 372.80 -0.78 -0.36 -0.07 0.02 0.43 0.01 0.25
10.00 16.61 360.33 342.98 -384.36 -0.16 0.57 0.44 0.80 0.53 0.93 0.39
17.00 60.29 -153.62 518.72 -386.03 -0.23 0.80 0.15 0.96 0.97 0.98 0.90
21.00 61.85 22.53 -211.99 348.79 0.13 0.85 0.43 0.70 0.51 0.38 0.26
12.00 17.55 -676.16 -66.22 22.85 -0.19 -0.82 0.39 0.17 0.50 0.39 0.26
9.00 16.33 -17.67 -449.22 567.00 0.77 0.35 0.69 0.86 0.37 0.97 0.60
7.00 5.00 382.61 -35.61 223.51 -0.05 -0.85 0.95 0.98 0.70 0.95 0.26
11.00 28.57 -75.53 514.79 436.74 -0.71 0.44 -0.03 0.39 0.51 0.85 0.22
9.00 13.50 278.76 465.64 97.98 -0.05 0.02 0.63 0.44 0.98 0.56 0.32
5.00 5.62 788.24 28.13 97.92 -0.64 0.24 -0.91 0.05 0.63 0.78 0.09
17.00 78.15 -370.62 95.74 -371.56 -0.52 -0.76 0.15 0.14 0.82 0.84 0.35
5.00 0.30 -312.80 390.51 248.84 0.79 0.98 0.26 0.70 0.53 0.40 0.06
14.00 25.61 341.00 362.93 -376.39 -0.03 0.88 0.74 0.15 0.27 0.44 0.08
10.00 23.36 -338.76 597.62 -168.67 -0.23 0.15 0.73 0.48 0.75 0.58 0.08
5.00 0.32 -201.66 370.48 -675.28 -0.33 0.49 0.68 0.37 0.11 0.08 0.28
13.00 14.51 394.56 383.04 -223.59 -0.01 -0.23 -0.08 0.86 0.35 0.90 0.46
5.00 0.41 189.41 202.42 -370.74 0.34 0.90 -0.71 0.29 0.86 0.11 0.24
21.00 72.21 -271.13 -148.20 -34.69 0.09 -0.23 0.49 0.42 0.74 0.71 0.31
8.00 8.66 200.63 652.22 -139.19 0.79 -0.48 -0.99 0.72 0.83 0.26 0.67
7.00 4.86 474.42 -26.23 -263.71 0.83 0.12 -0.63 0.04 0.85 0.39 0.81
25.00 77.59 727.62 111.65 196.66 -0.86 0.59 -0.81 0.88 0.29 0.84 0.06
20.00 54.26 231.62 -133.95 -642.51 0.32 0.71 0.06 0.87 0.54 0.64 0.52
18.00 62.72 -347.44 85.48 -216.96 -0.41 -0.82 0.49 0.75 0.63 0.53 0.31
36.00 238.07 295.67 -495.59 -342.81 0.61 -0.94 -0.30 0.32 0.81 0.44 0.14
18.00 50.67 -95.22 130.78 353.41 0.24 -0.55 0.02 0.79 0.62 0.11 1.00
12.00 13.38 160.21 -570.79 -451.86 -0.13 -0.35 -0.78 0.02 0.84 0.15 0.34
7.00 7.38 460.84 261.46 -194.76 -0.62 -0.30 0.59 0.02 0.66 0.85 0.39
19.00 47.90 -199.94 494.67 134.11 0.21 -0.59 0.24 0.87 0.07 0.02 0.37
16.00 48.73 -277.79 -691.01 -271.18 0.86 -0.05 0.57 0.52 0.51 0.40 0.24
14.00 45.91 123.48 429.03 -625.25 0.06 -0.36 -0.62 0.30 0.84 0.09 0.96
29.00 116.70 519.28 185.51 -475.02 -0.27 -0.29 0.22 0.23 0.79 0.91 0.08
10.00 9.33 3.52 -724.99 -52.28 0.86 -0.93 0.84 0.77 0.80 0.32 0.21
5.00 6.99 -24.22 -754.51 86.18 -0.53 0.84 0.61 0.65 0.82 0.48 0.25
7.00 11.57 4.94 523.38 -325.70 0.29 -0.81 -0.48 0.25 0.44 0.79 0.26
16.00 3.40 -72.94 387.48 47.32 -0.94 0.91 -0.22 0.50 0.31 0.75 0.25
11.00 8.21 -154.54 224.94 -425.93 -0.39 -0.09 0.08 0.97 0.10 0.07 0.83
27.00 9.81 -433.47 194.65 -61.37 -0.26 -0.86 0.11 0.66 0.21 0.53 0.70
8.00 12.05 -251.39 330.22 -184.18 -0.01 0.77 -0.93 0.70 0.82 0.34 0.78
14.00 3.70 612.34 56.00 111.20 -0.51 -0.40 0.76 0.49 0.12 0.18 0.73
10.00 2.59 398.19 399.64 -263.15 0.83 -0.83 0.45 0.11 0.58 0.73 0.89
6.00 2.88 -59.25 440.06 99.84 -0.69 -0.58 0.89 0.34 0.06 0.07 0.79
6.00 1.46 -483.30 53.87 -557.36 0.33 -0.62 -0.87 0.36 0.29 0.34 1.00
19.00 49.06 -271.86 682.15 -78.02 0.78 0.66 -0.65 0.89 0.23 0.08 0.16
19.00 80.99 -465.24 -209.95 -505.75 0.92 -0.69 0.89 0.92 0.26 0.01 0.08
6.00 6.02 41.15 91.31 488.95 -0.29 -0.48 -0.86 0.87 0.17 0.04 0.78
24.00 106.28 5.39 649.99 -457.41 0.17 0.94 0.76 0.13 0.26 0.18 0.37
15.00 45.51 601.67 -281.78 393.29 0.99 0.16 0.78 1.00 0.46 0.71 0.93
17.00 58.67 -101.45 377.49 600.98 -0.13 0.30 0.18 0.96 0.04 0.64 0.32
14.00 18.94 62.59 -674.17 -356.44 -0.02 0.08 0.46 0.73 0.67 0.09 0.53
5.00 6.00 -227.87 338.52 291.07 -0.51 0.84 -0.73 0.91 0.89 0.51 0.33
12.00 37.46 234.86 325.44 256.76 0.47 0.43 -0.81 0.11 0.71 0.39 0.01
9.00 20.80 98.48 -408.66 -189.72 -0.41 0.67 0.99 0.32 0.24 0.40 0.20
15.00 35.63 -384.96 -310.22 488.63 0.36 -0.54 0.49 0.32 0.24 0.19 0.03
18.00 33.56 -486.51 134.96 162.60 -0.83 -0.73 0.70 0.00 0.47 0.10 0.09
14.00 34.40 -621.40 -77.46 -52.66 0.50 -0.78 -0.51 0.17 0.40 0.60 0.79
6.00 9.27 17.99 -140.67 -471.52 0.35 -0.13 0.84 0.56 0.24 0.90 0.64
19.00 42.73 -417.52 -310.17 377.95 0.17 0.42 -0.37 0.86 0.24 0.55 0.34
8.00 15.97 -199.43 82.08 -461.65 -0.66 -0.56 0.70 0.42 0.40 0.24 0.46
10.00 20.61 -504.97 250.11 -194.37 0.95 0.96 -0.67 0.16 0.36 0.81 0.96
12.00 12.24 -2.79 -304.31 -485.11 -0.78 -0.61 -0.44 0.73 0.87 0.49 0.33
5.00 2.65 117.92 -128.37 435.36 0.16 0.22 0.77 0.17 0.41 0.34 0.30
9.00 6.74 514.99 -314.22 -362.10 0.28 0.24 -0.30 0.42 0.02 0.29 0.33
9.00 16.03 -175.72 -315.24 517.25 -0.99 -0.54 -0.01 0.30 0.94 0.84 0.05
10.00 10.73 173.81 185.93 672.04 0.56 0.22 -0.63 0.17 0.16 0.61 0.72
18.00 77.72 -309.36 -101.35 -587.93 0.30 -0.02 0.63 0.85 0.36 0.85 0.94
16.00 23.54 -156.84 298.41 359.89 -0.88 0.65 -0.88 0.33 0.53 0.20 0.35
12.00 19.11 -294.18 -446.72 -160.97 -0.05 -0.88 -0.61 0.74 0.18 0.91 0.11
7.00 11.27 546.72 331.97 -464.36 0.40 -0.09 -0.97 0.80 0.26 0.51 0.97
6.00 3.44 -276.67 307.44 -674.85 -0.89 -0.34 0.10 0.78 0.38 0.92 0.46
15.00 47.74 -597.30 -42.54 524.59 -0.42 0.48 -0.62 0.28 0.34 0.55 0.10
30.00 12.64 556.10 193.36 531.55 0.36 -0.43 0.69 0.83 0.57 0.31 0.53
13.00 0.78 550.43 -332.32 406.93 -0.42 -0.66 0.74 0.30 0.68 0.86 0.98
14.00 25.52 239.86 -730.05 -10.87 0.05 -0.95 -0.04 0.65 0.79 0.70 0.90
13.00 14.41 135.53 -3.36 147.14 0.14 0.87 0.78 0.06 0.66 0.32 0.35
12.00 10.97 -405.82 -72.37 672.02 0.04 0.60 -0.32 0.31 0.94 0.02 0.09
7.00 2.62 -277.82 -581.48 63.24 0.26 0.40 0.92 0.33 0.81 0.43 0.06
12.00 2.22 -488.68 -126.47 -136.55 -0.26 0.24 -0.37 0.85 0.63 0.63 0.61
5.00 6.59 -22.81 -592.61 -386.01 -0.22 -0.99 0.71 0.74 0.33 0.49 0.02
15.00 61.66 407.01 -343.53 516.60 -0.30 -0.63 0.95 0.70 0.52 0.23 0.05
10.00 6.50 -346.40 -286.88 -187.46 0.64 0.40 -0.57 0.16 0.42 0.75 0.90
5.00 1.32 -96.96 563.55 463.80 0.02 0.39 0.73 0.32 0.73 0.43 0.06
20.00 5.57 75.18 -334.44 712.89 0.91 0.64 0.39 0.72 0.34 0.69 0.34
25.00 142.57 64.05 376.41 -441.24 -0.14 0.22 -0.86 0.86 0.23 0.26 0.03
17.00 7.30 -510.95 169.17 -255.73 0.74 -0.79 -0.11 0.20 0.17 0.55 0.27
5.00 5.51 -260.02 -604.67 -454.61 0.50 0.72 0.43 0.87 0.39 0.26 0.17
10.00 18.98 546.49 -352.92 -271.10 -0.45 0.74 -0.48 0.99 0.85 0.89 0.43
5.00 2.48 440.43 78.21 -109.12 -0.80 -0.40 0.03 0.85 0.21 0.08 0.69
17.00 25.25 -336.10 -387.66 -176.39 0.91 0.15 0.88 0.34 0.31 0.79 0.69
33.00 165.47 674.45 254.67 -186.37 0.29 -0.46 0.65 0.18 0.21 0.12 0.42
6.00 6.46 438.47 546.27 150.43 -0.78 -0.46 -0.96 0.89 0.63 0.64 0.89
30.00 248.11 -66.84 -716.88 -213.55 -0.77 1.00 -0.61 0.12 0.22 0.81 0.75
32.00 100.36 125.44 -13.84 559.24 0.29 0.24 0.13 0.30 0.29 0.37 0.49
25.00 53.54 252.46 -523.51 -536.23 -0.04 0.33 0.50 0.15 0.00 0.63 0.95
17.00 77.66 240.59 660.26 283.83 -0.13 -0.09 0.38 0.63 0.77 0.18 0.79
28.00 96.88 412.60 -90.63 50.96 0.79 0.49 0.21 0.50 0.59 0.72 0.33
25.00 1.91 301.23 430.88 400.81 -0.56 0.55 0.44 0.35 0.75 0.12 0.88
15.00 11.51 322.30 -175.46 -210.61 0.90 0.29 -0.23 0.83 0.28 0.52 0.63
10.00 13.76 -397.26 298.14 35.75 -0.78 0.80 -0.74 0.09 0.15 0.80 0.74
5.00 2.69 336.85 -48.26 -474.80 -0.34 0.27 0.22 0.81 0.07 0.12 0.11
15.00 8.35 9.36 529.14 498.95 0.62 0.67 0.30 0.65 0.20 0.59 0.50
9.00 4.51 363.35 135.33 -81.57 -0.95 -0.12 0.77 0.76 0.77 0.95 0.84
6.00 0.25 -240.66 -516.88 533.23 0.24 -0.67 0.53 0.67 0.81 0.70 0.43
35.00 50.12 -137.77 228.91 -736.01 0.57 -0.04 0.09 0.68 0.35 0.44 0.49
13.00 10.94 -351.54 -85.57 400.76 0.73 0.35 0.09 0.84 0.38 0.23 0.75
18.00 65.78 -115.97 -700.82 -50.48 0.50 0.38 -0.39 0.76 0.18 0.47 0.07
9.00 21.28 341.91 -605.00 336.99 -0.17 0.87 0.54 0.75 0.07 0.13 0.87
24.00 133.79 381.06 -81.20 439.94 -0.10 -0.68 -0.70 0.79 0.94 0.48 0.29
7.00 13.26 -130.79 676.01 256.29 -0.55 -0.68 -0.52 0.97 0.52 0.24 0.56
5.00 4.43 -391.31 289.31 -175.30 0.88 -0.99 -0.97 0.37 0.92 0.90 0.25
6.00 8.25 -260.07 -64.60 -396.55 -0.34 -0.13 -0.65 0.49 0.17 0.43 0.29
12.00 34.10 256.23 702.02 46.68 0.77 -0.21 -0.19 0.08 0.80 0.78 0.28
6.00 3.42 574.09 -177.56 189.29 -0.56 0.51 0.46 0.09 0.97 0.55 0.50
7.00 2.51 154.76 -184.49 610.63 0.70 0.48 0.29 0.22 0.80 0.13 0.36
21.00 55.93 -154.60 402.01 -534.05 -0.77 0.23 -0.98 0.96 0.53 0.28 0.98
18.00 19.58 90.51 49.99 -501.82 0.38 -0.87 0.08 0.84 0.32 0.76 0.12
12.00 5.46 -251.13 0.67 428.05 -0.53 -0.38 0.04 0.81 0.39 0.40 0.68
6.00 7.91 108.44 595.95 -2.52 -0.03 -0.81 -0.02 0.94 0.08 0.63 0.34
10.00 9.57 348.24 399.26 -208.64 -0.30 -0.82 -0.70 0.42 0.41 0.06 0.83
7.00 9.51 779.81 -130.50 -82.30 0.64 -0.77 0.58 0.55 0.73 0.79 0.57
8.00 1.69 -373.42 -110.69 -619.54 -0.11 0.20 -0.80 0.64 0.06 0.04 0.60
10.00 25.75 5.14 -181.37 -173.59 0.36 0.94 0.67 0.20 0.92 0.64 0.54
27.00 137.19 309.63 434.19 249.59 0.95 0.26 -0.99 0.07 0.62 0.68 0.69
13.00 1.69 -387.96 -169.02 671.65 0.20 0.88 0.59 0.07 0.99 0.92 0.12
25.00 34.92 -47.13 170.99 282.90 0.74 0.46 0.02 0.79 0.88 0.98 0.66
6.00 3.11 -545.68 544.46 -158.53 -0.21 0.77 -0.36 0.12 0.92 0.49 0.93
16.00 22.76 -165.21 571.29 265.67 0.73 -0.08 -0.93 0.74 0.17 0.39 0.38
12.00 29.73 541.32 16.12 -217.87 0.01 -0.85 0.88 0.44 0.59 0.57 0.04
7.00 2.36 387.01 338.90 -200.89 -0.14 0.43 -0.87 0.64 0.39 0.89 0.97
32.00 18.01 14.33 239.26 -745.45 0.34 0.52 -0.51 0.55 0.93 0.24 0.83
17.00 62.67 -504.03 457.59 -1.49 0.77 -0.61 0.08 0.85 0.87 0.82 0.93
14.00 15.82 -253.85 162.51 675.57 -0.87 0.80 -0.55 0.37 1.00 0.46 0.46
6.00 5.46 414.46 -199.09 574.96 0.45 0.01 -0.60 0.24 0.71 0.32 0.29
19.00 20.24 -67.47 -132.53 -752.56 -0.21 -0.48 0.25 0.54 0.58 0.61 0.19
16.00 13.81 485.44 -388.41 268.50 0.89 -0.16 0.07 0.03 0.32 0.21 0.47
16.00 64.16 464.16 147.87 151.65 -0.88 0.78 0.50 0.19 0.22 0.41 0.80
12.00 24.42 -206.21 632.03 -75.30 -0.81 -0.44 0.89 0.22 0.38 0.55 0.39
14.00 0.93 -117.77 130.18 224.65 0.24 0.36 -0.91 0.44 0.17 0.96 0.35
8.00 12.33 -130.14 6.52 -393.48 0.02 -0.58 0.12 0.47 0.59 0.91 0.51
5.00 6.83 47.65 -195.90 24.75 -0.37 0.14 -0.21 0.72 0.79 0.84 0.30
11.00 1.12 -247.77 246.06 138.42 -0.40 -0.40 0.51 0.43 0.45 0.79 0.05
15.00 62.71 -490.49 154.57 65.94 -0.34 0.74 -0.08 0.77 0.70 0.73 0.01
5.00 5.85 290.07 707.15 -59.53 0.24 -0.05 0.57 0.50 0.66 0.50 0.21
12.00 9.32 -359.61 411.62 -34.31 -0.27 -0.03 -0.73 0.38 0.42 0.09 0.19
22.00 12.07 -128.73 -387.13 -494.85 0.85 0.15 0.94 0.91 0.50 0.57 0.10
5.00 2.49 -220.05 692.16 -62.62 0.62 0.83 0.53 0.58 0.70 0.02 0.24
20.00 79.76 -279.10 -579.59 -73.67 0.60 -0.05 -0.25 0.53 0.76 0.55 0.97
9.00 6.57 293.67 308.30 417.87 -0.20 -0.70 -0.20 0.74 0.54 0.61 0.48
15.00 12.68 93.93 -489.90 -334.47 0.30 0.83 -1.00 0.57 0.19 0.48 0.00
13.00 16.73 -451.60 143.59 -352.60 -0.85 0.79 -0.24 0.15 0.65 0.86 0.26
7.00 4.91 -133.99 -221.58 629.44 0.90 0.08 -0.29 0.31 0.20 0.97 0.50
33.00 97.43 384.56 -153.52 -486.36 -0.98 0.84 -0.72 0.04 0.26 0.31 0.35
16.00 53.96 354.61 -12.12 -92.12 -0.72 -0.66 -0.80 0.44 0.99 0.10 0.57
23.00 99.91 -305.54 368.19 25.79 -0.06 -0.94 -0.37 0.53 0.88 0.15 0.17
22.00 95.76 399.03 -568.42 -130.02 -0.33 0.53 -0.93 0.39 0.95 0.59 0.11
37.00 87.65 533.39 -404.58 57.77 0.70 0.70 0.70 0.95 0.16 0.27 0.81
16.00 41.15 -79.20 -290.62 -645.21 0.06 0.43 -0.81 0.56 0.29 0.19 0.89
12.00 25.44 166.55 483.97 608.51 0.61 -0.24 0.44 0.57 0.23 0.91 0.15
13.00 22.76 -124.43 369.88 -253.74 0.03 0.24 -0.86 0.04 0.46 0.51 0.73
5.00 4.33 427.65 -169.61 623.77 0.79 0.32 0.01 0.19 0.62 0.66 0.41
16.00 4.28 471.53 200.77 261.61 0.11 -0.84 -0.95 0.92 0.86 0.97 0.68
36.00 30.26 -184.49 -568.25 398.53 0.58 0.88 0.94 0.99 0.87 0.52 0.13
15.00 20.47 37.01 533.57 254.26 -0.68 0.43 0.08 0.40 0.81 0.27 0.17
12.00 3.08 -227.24 689.39 68.99 -0.31 0.96 -0.49 0.22 0.70 0.34 0.68
7.00 11.44 -438.12 487.80 233.69 -0.62 0.96 -0.39 0.11 0.98 0.88 0.34
15.00 58.05 -585.24 -522.71 144.58 0.06 -0.73 0.82 0.46 0.03 0.86 0.37
21.00 67.43 51.33 762.91 -159.65 -0.82 0.22 -0.02 0.29 0.31 0.76 0.83
29.00 70.77 316.67 401.00 -499.20 -0.45 0.97 0.20 0.61 0.31 0.72 0.93
8.00 8.36 -119.08 312.15 -363.34 -0.96 -0.01 -0.33 0.45 0.24 0.33 0.13
17.00 39.29 -442.35 -152.21 -334.60 -0.99 0.29 -0.15 0.62 0.45 0.56 0.28
13.00 29.01 363.62 -331.22 500.15 0.40 0.35 -0.16 0.86 0.27 0.29 0.53
7.00 6.23 136.28 -80.03 -358.61 0.64 0.08 -0.83 0.82 0.99 0.48 0.65
8.00 14.88 -598.78 -295.52 -31.60 0.67 0.87 -0.54 0.15 0.44 0.35 0.78
18.00 39.02 271.35 -172.54 -3.59 -0.14 0.68 0.18 0.16 0.52 0.43 0.80
11.00 8.19 -569.27 346.25 -411.39 0.95 -0.93 0.65 0.03 0.84 0.61 0.09
36.00 182.96 -412.64 486.78 182.13 -0.75 -0.62 0.66 0.85 0.02 0.67 0.26
18.00 61.01 -389.91 487.89 417.16 0.43 -0.67 0.68 0.89 0.59 0.73 0.72
5.00 2.00 349.43 208.37 -452.12 -0.90 -0.33 0.62 0.26 0.49 0.31 0.42
33.00 216.07 42.28 -494.05 332.58 -0.66 0.85 -0.60 0.22 0.76 0.92 0.76
6.00 3.23 -303.19 405.90 223.76 -0.71 0.74 -0.80 0.05 0.48 0.23 0.04
5.00 1.44 384.30 101.59 -621.70 -0.14 -0.33 0.17 0.56 0.49 0.78 0.59
26.00 145.62 309.25 193.99 -155.17 0.50 0.70 0.74 0.76 0.47 0.93 0.25
6.00 9.94 -545.87 -334.66 53.37 0.08 0.08 -0.51 0.39 0.74 0.01 0.87
11.00 11.08 -118.28 -615.26 60.13 -0.31 -0.08 0.24 0.96 0.32 0.67 0.20
12.00 36.97 -349.40 -266.65 -339.35 0.82 0.47 0.02 0.66 0.77 0.55 0.48
9.00 14.77 221.56 318.72 -546.57 0.89 -0.11 -0.14 0.86 0.07 0.14 0.91
11.00 8.11 -87.89 -396.06 -219.04 -0.72 0.51 -0.46 0.61 0.66 0.79 0.05
13.00 27.70 455.20 -359.89 178.30 0.04 0.51 -0.82 0.12 0.01 0.52 0.16
7.00 9.05 87.23 44.84 450.45 -0.67 0.78 -0.30 0.20 0.41 0.69 0.92
5.00 2.37 242.56 -425.16 188.98 0.63 0.60 -0.48 0.02 0.37 0.77 0.35
18.00 63.89 -596.09 -28.05 -98.30 -0.90 0.98 -0.15 0.53 0.28 0.49 0.80
16.00 24.11 145.22 16.70 -393.08 -0.81 -0.05 -0.27 0.27 0.46 0.11 0.16
15.00 5.12 144.39 -585.21 220.76 0.70 -0.65 -0.69 0.46 0.25 0.73 0.66
15.00 29.01 -325.88 100.44 55.36 -0.98 -0.41 0.47 0.28 0.26 0.92 0.39
8.00 11.28 -280.51 103.37 408.39 0.09 0.08 -0.21 0.95 0.73 0.28 0.22
19.00 36.97 -247.23 323.68 596.97 -0.50 -0.22 -0.71 0.56 0.32 0.37 0.36
5.00 1.43 603.18 -50.44 307.86 0.13 -0.65 -0.89 0.64 0.75 0.40 0.44
22.00 49.75 -284.66 -419.67 -421.37 -0.79 0.43 -0.72 0.84 0.69 0.27 0.58
24.00 51.41 193.59 -5.99 401.56 0.45 -0.42 0.19 0.28 0.14 0.34 0.43
15.00 6.79 -101.65 556.94 -397.10 -0.83 0.89 0.90 0.49 0.18 0.75 0.67
17.00 24.79 151.09 509.40 199.90 0.77 0.59 -0.63 0.45 0.16 0.24 0.76
8.00 17.69 -91.47 -734.04 40.26 0.33 -0.44 0.95 0.47 0.88 0.14 0.69
5.00 5.75 -332.65 178.24 -142.38 0.30 0.81 -0.90 0.43 0.64 0.38 0.68
5.00 2.44 333.88 -361.90 57.99 0.36 -0.92 0.65 0.57 1.00 0.39 0.16
9.00 0.21 -15.27 469.33 365.69 -0.61 0.34 -0.81 0.69 0.07 0.02 0.40
21.00 115.19 217.94 426.02 497.58 0.33 0.16 0.87 0.40 0.25 0.36 0.04
9.00 17.00 -437.89 -36.67 252.78 0.44 -0.90 0.46 0.06 0.56 0.10 0.96
5.00 5.17 -322.10 -144.12 -201.30 0.65 -0.58 0.30 0.80 0.93 0.05 0.92
5.00 6.26 -28.79 225.47 -51.04 0.44 -0.34 -0.36 0.80 0.60 0.51 0.77
8.00 4.81 269.16 321.01 -121.31 0.54 0.06 -0.80 0.16 0.77 0.45 0.77
7.00 8.94 420.01 521.42 -432.52 0.63 0.84 -0.78 0.80 0.16 0.80 0.56
8.00 11.93 -139.87 -100.57 309.75 -1.00 -0.98 0.71 0.52 0.66 0.47 0.98
18.00 81.77 -412.98 -492.46 -471.48 -0.48 0.11 -0.42 0.87 0.19 0.26 0.79
23.00 20.98 -435.27 161.85 491.82 -0.02 0.37 0.01 0.34 0.57 0.35 0.74
26.00 168.76 -104.98 268.93 -446.03 -0.26 -0.13 0.35 0.70 0.31 0.25 0.96
11.00 32.71 -610.51 118.44 -201.65 0.11 0.93 0.78 0.75 0.75 0.36 0.68
21.00 94.59 -111.42 579.12 274.88 -0.30 0.67 0.43 0.82 0.57 0.63 0.99
20.00 17.70 207.35 240.32 -92.75 -0.98 0.52 0.34 0.50 0.55 0.60 0.88
28.00 55.91 -112.53 45.42 340.15 -0.51 0.08 -0.91 0.51 0.98 0.24 0.80
13.00 1.40 81.51 714.32 315.34 -0.95 -0.54 -0.01 0.31 0.09 0.74 0.60
6.00 6.56 578.59 204.12 -194.03 -0.03 -0.63 0.41 0.63 0.37 0.73 0.04
5.00 6.78 123.61 310.72 143.84 0.38 -0.75 -0.04 0.12 0.67 0.31 0.27
14.00 13.73 -639.52 110.96 133.41 -0.96 -0.65 -0.84 0.67 0.60 0.47 0.88
13.00 21.67 -362.82 502.97 -416.58 0.33 0.47 0.69 0.43 0.04 0.54 0.80
15.00 56.84 -217.94 -367.56 -442.43 0.79 0.56 -0.64 0.07 0.07 0.14 0.72
11.00 16.81 -130.30 -231.63 139.37 0.85 -0.36 0.01 0.42 0.49 0.21 0.69
30.00 21.10 -620.67 -299.58 205.43 -0.74 -0.67 -0.40 0.06 0.53 0.15 0.51
9.00 20.26 -700.94 243.16 33.20 0.54 -0.31 -0.93 0.19 0.91 0.58 0.20
14.00 21.90 387.02 -217.09 423.33 0.43 0.12 0.29 0.95 0.14 0.40 0.98
13.00 29.88 535.51 489.26 277.51 -0.14 -0.50 0.03 0.28 0.81 0.91 0.77
9.00 3.96 123.51 157.66 644.00 -0.98 -0.96 -0.51 0.87 0.70 0.04 0.49
11.00 22.28 -215.63 616.66 320.46 0.97 0.34 0.06 0.03 0.22 0.16 0.81
7.00 4.56 330.60 134.31 426.72 -0.53 -0.05 -0.16 0.62 0.49 0.01 0.32
9.00 11.80 263.91 440.89 272.34 0.87 0.65 -0.36 0.03 0.58 0.65 0.69
15.00 31.99 -141.02 -125.23 -38.38 -0.55 -0.48 -0.77 0.83 0.36 0.25 0.79
5.00 3.08 -663.38 48.31 441.66 0.14 0.50 0.67 0.20 0.70 0.91 0.96
16.00 1.23 -593.82 -277.24 343.23 -0.06 0.21 -0.54 0.95 0.44 0.67 0.19
7.00 4.41 619.97 -369.32 -310.80 0.32 -0.72 0.95 0.03 0.62 0.60 0.34
6.00 3.17 636.84 46.45 399.83 0.03 0.28 -0.89 0.32 0.89 0.23 0.24
10.00 16.24 -618.98 -101.27 -486.22 0.98 -0.97 -0.68 0.95 0.28 0.61 0.98
24.00 111.55 -29.36 355.74 -560.15 0.26 -0.88 0.00 0.06 0.15 0.84 0.62
14.00 41.92 203.14 -460.98 75.90 -0.28 0.22 0.63 0.99 0.76 0.69 0.50
21.00 66.90 -381.63 400.17 152.01 0.60 -0.71 0.10 0.71 0.43 0.17 0.13
8.00 17.23 -637.07 -321.22 -269.01 0.38 -0.39 0.14 0.69 0.18 0.49 0.15
14.00 36.39 540.61 -242.40 240.70 0.01 -0.22 -0.26 0.78 0.01 0.50 0.22
8.00 2.44 -210.56 -216.65 -460.24 -0.75 -0.50 -0.56 0.12 0.79 0.12 0.56
14.00 33.83 132.35 460.17 12.46 0.47 -0.15 0.63 0.70 0.01 0.99 0.35
9.00 2.31 -630.26 484.36 -63.15 0.28 0.66 0.54 0.63 0.15 0.09 0.18
7.00 12.25 -436.97 88.40 559.17 -0.43 0.27 -0.65 0.46 0.98 0.49 0.77
12.00 17.24 253.00 -229.79 -444.40 0.15 0.10 0.50 0.40 0.74 0.12 0.95
11.00 23.08 -159.71 -97.51 704.21 0.91 0.67 0.32 0.70 0.69 0.74 0.84
6.00 3.66 -461.66 62.49 465.85 -0.03 0.05 -0.49 0.37 0.90 0.75 0.17
14.00 44.26 -310.43 -81.57 316.37 -0.68 0.61 -0.12 0.24 0.04 0.63 0.02
8.00 13.12 -409.69 -301.47 -496.53 -0.11 -0.98 0.12 0.34 0.72 0.52 0.04
7.00 9.04 403.02 378.25 233.06 0.49 0.64 -0.67 0.21 0.64 0.01 0.76
21.00 80.18 -84.05 -42.89 -94.00 -0.47 0.82 0.41 0.03 0.97 0.81 0.06
8.00 0.16 438.03 264.20 153.50 0.88 0.70 -0.57 0.76 0.31 0.13 0.76
8.00 15.08 351.34 160.01 169.80 0.76 0.77 -0.62 0.91 0.47 0.31 0.40
7.00 3.44 -639.63 -231.21 -236.55 0.25 -0.15 -0.65 0.63 0.74 0.92 0.19
8.00 7.47 -40.99 -521.73 -336.01 -0.92 -0.34 0.55 0.02 0.74 0.07 0.51
5.00 4.88 100.47 480.70 627.76 0.19 -0.72 0.55 0.18 0.46 0.96 0.97
9.00 7.17 318.55 -424.59 -334.32 -0.25 0.44 -0.49 0.40 0.76 0.50 0.52
15.00 54.50 -111.36 -23.76 5.08 0.56 0.67 -0.51 0.90 0.47 0.94 0.32
6.00 2.62 -19.74 -445.76 -519.59 0.25 -0.83 0.83 0.14 0.12 0.06 0.23
5.00 5.24 -276.48 -149.64 447.33 0.49 0.08 -0.34 0.01 0.97 0.72 0.74
15.00 43.01 -65.30 -338.31 -585.56 -0.49 0.16 0.89 0.29 0.56 0.78 0.73
11.00 5.30 153.69 -458.51 -62.04 0.11 0.06 -0.96 0.39 0.41 0.39 0.27
6.00 4.14 -356.92 -159.99 -272.90 -0.75 -0.85 0.37 0.57 0.18 0.78 0.33
14.00 39.03 395.40 454.29 304.45 0.76 -0.52 0.10 0.35 0.81 0.36 0.32
26.00 32.16 620.10 231.70 19.97 -0.77 -0.36 0.69 0.16 0.31 0.55 0.56
31.00 133.59 -33.23 267.97 -42.25 -0.80 -0.94 -0.51 0.24 0.69 0.58 0.65
21.00 91.12 -76.68 -131.67 -325.42 -0.48 -0.96 -0.62 0.62 0.65 0.85 0.68
7.00 2.79 -315.95 307.45 -219.46 -0.43 0.63 -0.90 0.77 0.63 0.25 0.55
18.00 81.20 549.91 29.00 307.62 -0.52 -0.47 0.35 0.91 0.17 0.16 0.11
14.00 30.06 380.33 -428.50 118.99 -0.20 -0.22 -0.37 0.14 0.68 0.56 0.12
11.00 4.29 -136.90 -73.59 -722.94 0.95 0.32 0.29 0.33 0.04 0.12 0.33
25.00 165.19 189.40 18.28 158.67 -0.30 0.71 0.64 0.06 0.31 0.05 0.73
12.00 1.97 318.38 -88.20 37.48 -0.71 -0.77 -0.40 0.69 0.39 0.68 0.67
6.00 0.33 -237.40 742.17 50.79 0.89 0.10 0.86 0.57 0.28 0.19 0.69
10.00 4.92 -231.24 351.90 -442.94 -0.35 -0.05 0.76 0.85 0.46 0.67 0.09
31.00 94.39 -289.24 -442.85 -597.67 0.99 0.71 0.88 0.82 0.85 0.39 0.18
9.00 6.79 76.83 219.33 -564.16 -0.67 0.51 -0.15 0.08 0.52 0.87 0.01
9.00 8.68 -376.63 -259.13 -168.41 0.95 0.55 -0.96 0.35 0.57 0.15 0.10
18.00 18.09 266.16 384.74 247.93 0.02 -0.21 0.96 0.27 0.27 0.68 0.16
15.00 50.56 585.42 104.01 -510.96 -0.72 0.09 -0.51 0.19 0.72 0.89 0.18
22.00 95.12 262.49 -25.95 146.95 -0.06 -0.70 -0.82 0.18 0.72 0.02 0.49
5.00 1.20 -41.05 94.36 284.76 -0.28 -0.26 0.67 0.62 0.22 0.04 0.99
26.00 183.26 389.19 280.26 -509.37 -0.75 0.12 0.81 0.86 0.35 0.29 0.52
34.00 204.10 -510.39 -311.09 -307.79 -0.09 0.85 0.66 0.86 0.25 0.46 0.69
8.00 7.57 -487.70 423.96 -55.98 0.71 0.24 -0.22 0.72 0.79 0.38 0.48
15.00 12.06 -426.18 533.93 115.24 -0.49 0.01 0.44 0.70 0.78 0.89 0.97
6.00 7.80 182.15 100.71 -361.18 0.40 -0.49 0.51 0.30 0.09 0.23 0.34
12.00 21.46 225.27 -118.43 587.14 -0.92 0.02 0.76 0.42 0.88 0.81 0.33
8.00 7.82 239.10 481.47 491.42 0.80 0.44 -0.40 0.83 0.45 0.84 0.19
7.00 1.39 -277.67 -123.62 19.23 0.25 0.76 -0.39 0.86 0.27 0.62 0.85
10.00 5.97 611.73 -187.70 92.05 -0.97 -0.44 -0.30 0.16 0.11 0.73 0.42
11.00 17.15 -174.81 -426.03 32.35 0.90 -0.62 -0.90 0.06 0.05 0.70 0.86
23.00 120.44 203.36 -82.12 565.75 -0.94 0.38 -0.95 0.47 0.92 0.23 0.46
5.00 0.03 -14.73 -443.17 -361.07 -0.10 -0.95 0.79 0.79 0.54 0.13 0.95
14.00 29.65 -271.44 -51.04 423.83 0.06 -0.46 -0.42 0.90 0.65 0.02 0.47
15.00 50.83 230.31 299.16 -414.37 0.64 0.92 0.85 0.30 0.51 0.61 0.60
9.00 5.54 -278.39 -257.09 250.69 0.13 0.07 -0.32 0.79 0.41 0.04 0.61
16.00 0.03 -241.79 -78.41 -732.31 0.39 0.85 -0.25 0.36 0.95 0.09 0.29
7.00 3.67 -486.44 154.37 -525.30 -0.26 -0.59 -0.33 0.12 0.27 0.63 0.42
7.00 12.18 300.42 -39.89 -215.94 0.10 0.21 -0.11 0.87 0.42 0.66 0.72
6.00 6.36 -384.22 -79.09 -695.51 -0.67 0.85 -0.50 0.05 0.26 0.72 0.33
6.00 6.53 515.85 315.76 -35.20 0.24 0.53 0.49 0.32 0.70 0.21 0.94
5.00 6.17 -400.48 235.17 -517.68 -0.98 -0.73 -0.44 0.61 0.82 0.96 0.24
6.00 3.35 -118.48 -84.03 -478.74 -0.15 0.44 -0.63 0.39 0.41 0.90 0.54
11.00 15.77 36.04 111.98 675.37 0.53 -0.08 0.11 0.80 0.33 0.38 0.16
20.00 63.44 73.30 -289.28 -184.54 -0.87 0.00 0.88 0.87 0.83 0.58 0.05
13.00 39.00 -385.65 168.36 514.30 0.09 -0.63 0.49 0.69 0.87 0.27 0.44
26.00 177.06 414.12 -126.06 652.20 -0.95 -0.48 0.92 0.09 0.88 0.31 0.48
12.00 25.82 157.91 289.55 -412.25 -0.71 -0.12 -0.63 0.10 0.56 0.29 0.86
9.00 9.69 -246.76 469.52 218.52 -0.46 0.71 0.48 0.08 0.93 0.10 0.25
27.00 74.59 149.80 110.50 230.90 0.75 0.65 -0.45 0.80 0.91 0.32 0.67
13.00 41.78 533.99 -279.84 -486.17 0.91 0.27 -0.94 0.63 0.57 0.21 0.16
13.00 27.38 652.84 94.52 -239.78 -0.15 0.76 0.70 0.24 0.99 0.15 0.98
12.00 25.91 121.60 459.76 633.47 -0.51 -0.54 0.08 0.91 0.02 0.65 0.03
21.00 80.13 430.68 408.29 273.64 0.55 -0.01 -0.24 0.94 0.93 0.32 0.28
11.00 24.70 180.52 172.28 222.18 0.50 0.20 -1.00 0.88 0.13 0.43 0.88
30.00 243.04 -436.08 123.82 -548.28 0.02 0.94 0.22 0.39 0.24 0.30 0.01
6.00 9.18 -233.95 191.30 22.91 -0.96 0.83 0.61 0.51 0.57 0.20 0.50
33.00 58.31 651.43 -191.57 -343.11 0.20 0.21 0.46 0.76 0.78 0.62 0.11
18.00 48.41 74.96 -728.26 108.89 -0.86 0.56 0.51 0.52 0.38 0.95 0.47
36.00 1.81 36.77 236.76 -590.50 0.10 0.47 0.70 0.91 0.33 0.94 0.88
9.00 0.68 -74.13 394.19 668.45 -0.68 -0.57 0.49 0.11 0.99 0.61 0.34
6.00 2.68 -457.32 -114.14 263.87 -0.07 -0.60 -0.60 0.56 0.29 0.27 0.85
9.00 13.19 -9.30 -729.02 -156.70 -0.81 -0.15 -0.28 0.84 0.96 0.42 0.22
9.00 9.40 281.39 -341.78 -516.45 0.33 -0.25 -0.44 0.31 0.36 0.02 0.14
5.00 1.73 -405.46 74.69 -648.42 0.50 0.68 0.90 0.17 0.17 0.75 0.16
10.00 16.20 12.12 103.80 -489.26 0.16 0.39 -0.81 0.78 0.95 0.66 0.57
10.00 21.22 -650.85 -377.19 118.47 0.16 -0.24 0.18 0.55 0.76 0.33 0.61
17.00 0.40 176.94 -163.72 94.50 -0.50 -0.53 -0.92 0.65 0.67 0.80 0.22
5.00 3.51 -670.38 -392.41 151.33 0.71 0.19 0.45 0.95 0.90 0.80 0.62
7.00 6.53 -224.11 -297.02 -702.74 -0.54 0.39 -0.83 0.57 0.73 0.24 0.15
24.00 52.68 -134.44 -26.02 -49.22 -0.75 0.04 -0.33 0.51 0.67 0.79 0.26
21.00 111.38 -305.34 -294.19 -664.95 0.97 0.68 0.29 0.16 0.56 0.14 0.66
8.00 12.90 -120.20 427.07 98.42 0.38 0.34 0.55 0.14 0.98 0.08 0.69
7.00 6.12 97.28 -308.90 -671.53 -0.34 0.97 -0.99 0.09 0.75 0.44 0.97
10.00 26.39 103.96 -384.34 501.63 0.09 0.95 -0.04 0.68 0.75 0.36 0.11
18.00 6.47 176.07 -729.26 -71.77 0.66 -0.70 0.32 0.08 0.99 0.96 0.44
5.00 6.52 -326.05 46.06 -298.10 0.62 -0.32 0.74 0.23 0.84 0.78 0.87
11.00 7.77 -225.91 131.66 -489.96 0.40 -0.96 0.73 0.26 0.93 0.02 0.15
5.00 5.11 95.47 -173.72 691.22 0.38 0.26 -0.45 0.69 0.17 0.77 0.91
14.00 16.29 -236.73 -322.11 -433.19 -0.95 -0.40 -0.99 0.80 0.44 0.57 0.94
24.00 141.54 -555.15 -7.76 -93.56 -0.52 -0.78 0.34 0.14 0.58 0.17 0.44
9.00 2.13 -327.16 -144.46 522.66 -0.71 0.15 -0.10 0.89 0.18 0.35 0.75
15.00 14.40 -60.79 -227.80 425.13 -0.88 0.04 0.52 0.30 0.45 0.76 0.60
7.00 12.31 193.31 649.43 -50.11 0.61 -0.81 -0.92 0.53 0.12 0.50 0.35
21.00 30.08 -91.37 762.87 -27.50 -0.72 0.77 0.79 0.95 0.00 0.82 0.06
7.00 5.86 -48.56 -634.67 -144.85 0.66 -0.53 -0.80 0.31 0.86 0.29 0.26
7.00 6.99 212.00 368.39 323.80 -0.05 0.71 0.37 0.22 0.35 0.25 0.85
11.00 14.51 -329.76 -652.38 -8.41 0.20 0.36 -0.90 0.61 0.91 0.84 0.70
6.00 5.39 435.57 496.03 -313.51 0.42 -0.90 -0.85 0.29 0.68 0.12 0.05
13.00 8.73 -354.65 -551.11 369.28 -0.40 -0.57 0.15 0.83 0.41 0.05 0.81
13.00 26.76 339.83 -492.24 409.68 -0.49 -0.52 -0.98 0.10 0.80 0.50 0.88
34.00 231.45 156.01 37.08 -471.43 0.42 0.32 0.82 0.75 0.81 0.79 0.03
6.00 5.17 258.04 420.70 -228.80 -0.13 -0.63 0.65 0.76 0.00 0.19 0.42
18.00 60.18 501.03 372.37 -65.11 -0.25 -0.68 -0.09 0.66 0.75 0.95 0.58
15.00 42.69 511.91 -31.42 266.23 0.51 -0.21 -0.23 0.90 0.70 0.77 0.33
11.00 23.42 100.40 89.19 389.84 0.39 0.28 -0.42 0.58 0.63 0.92 0.14
18.00 19.37 -524.74 152.76 446.59 0.65 -0.61 0.13 0.16 0.68 0.05 0.21
12.00 5.98 446.26 72.89 -77.38 -0.09 -0.56 0.72 0.77 0.87 0.04 0.24
20.00 64.34 -78.12 171.93 620.48 -0.87 0.71 -0.34 0.02 0.15 0.83 0.11
37.00 151.37 -252.65 306.93 419.30 -0.02 -0.79 0.37 0.12 0.55 0.88 0.34
16.00 1.36 7.49 -231.23 -720.06 0.96 -0.86 0.79 0.16 0.99 0.87 0.38
29.00 81.56 -359.73 -353.64 199.95 -0.52 -0.66 -0.06 0.08 0.51 0.40 0.91
11.00 21.05 -425.08 181.45 -244.44 -0.04 -0.15 -0.04 0.87 0.84 0.78 0.08
8.00 3.58 35.76 -100.13 661.23 -0.80 0.32 -0.54 0.47 0.76 0.62 0.11
26.00 100.19 -435.78 55.42 575.27 0.19 -0.79 -0.40 0.07 0.47 0.52 0.51
14.00 29.89 180.94 88.66 -652.37 0.45 0.51 -0.74 0.87 0.47 0.10 0.47
17.00 52.07 567.90 110.72 -230.12 -0.52 -0.94 -0.40 0.81 0.87 0.49 0.74
17.00 24.69 522.45 -334.24 -167.02 0.52 0.64 -0.02 0.58 0.61 0.25 0.05
8.00 15.16 -57.21 -362.94 294.13 0.18 0.75 -0.45 0.79 0.05 0.61 0.21
14.00 3.87 -407.65 -494.14 -228.15 0.56 -0.03 -0.61 0.44 0.56 0.39 0.29
11.00 20.78 -285.68 441.96 -590.51 0.50 -0.82 -0.06 0.12 0.50 0.15 0.89
7.00 10.48 -168.21 765.41 -110.99 -0.60 -0.98 0.13 0.13 0.22 0.21 0.41
17.00 18.71 -165.46 -315.40 -530.39 0.09 0.16 0.66 0.25 0.87 0.19 0.08
13.00 25.19 258.62 234.17 -713.91 0.42 0.88 0.25 0.38 0.35 0.11 0.43
26.00 161.55 645.71 -169.79 400.22 0.06 -0.00 0.01 0.21 0.77 0.38 0.69
39.00 242.88 -79.52 -438.19 -404.78 -0.26 -0.14 0.97 0.11 0.43 0.44 0.90
8.00 0.88 -11.09 -395.59 90.02 0.24 0.53 0.27 0.79 0.21 0.30 0.46
11.00 15.97 654.00 -68.18 -435.13 0.45 0.02 -0.06 0.80 0.70 0.24 0.11
14.00 8.52 -143.01 623.39 -201.18 0.08 0.73 -0.07 0.08 0.08 0.89 0.77
13.00 9.73 320.06 -407.42 216.79 0.79 -0.25 0.30 0.40 0.62 0.16 0.43
35.00 155.47 190.47 457.56 553.34 0.24 0.95 0.47 0.24 0.21 0.22 0.02
32.00 124.74 68.09 -302.97 -576.97 -0.44 -0.79 -0.94 0.49 0.01 0.26 0.26
10.00 15.92 76.08 -527.10 553.43 0.78 -0.06 0.77 0.48 0.23 0.04 0.80
9.00 4.54 62.26 -668.50 373.52 -0.92 -0.64 -0.52 0.34 0.04 0.20 0.68
13.00 2.50 -525.02 -30.11 -300.68 -0.54 -0.80 0.98 0.35 0.42 0.08 0.54
18.00 43.36 320.70 674.25 -226.32 0.71 -0.60 -0.84 0.57 0.56 0.20 0.68
5.00 1.46 -156.73 98.18 -738.88 -0.42 -0.07 -0.16 0.53 0.87 0.37 0.24
29.00 221.72 265.61 585.16 -162.83 0.06 0.92 0.39 0.94 0.75 0.10 0.90
8.00 13.17 -50.28 470.21 -378.21 0.00 -0.36 0.00 0.77 0.32 0.87 0.93
17.00 1.68 365.31 -135.22 -115.02 -1.00 -0.88 -0.13 0.57 0.82 0.06 0.65
5.00 1.81 57.56 445.64 660.11 0.83 0.86 0.83 0.43 0.87 0.83 0.85
5.00 6.21 -561.31 244.15 -147.19 -0.59 0.92 -0.38 0.60 0.69 0.06 0.54
12.00 28.21 -635.22 352.48 -299.70 0.93 -0.24 0.70 0.22 0.08 0.78 0.13
7.00 0.20 -262.35 -441.76 438.91 0.68 0.51 -0.47 0.12 0.61 0.34 0.31
20.00 32.98 -22.22 -587.29 -530.61 0.82 -0.66 0.40 0.27 0.43 0.21 0.98
11.00 23.81 361.97 -244.02 -248.41 0.17 0.94 0.66 0.80 0.42 0.04 0.09
34.00 289.89 -705.29 -291.24 -210.66 0.37 0.82 0.36 0.57 0.14 0.43 0.79
23.00 70.18 237.77 298.73 -684.72 -0.69 0.84 0.46 0.75 0.22 0.09 0.06
17.00 6.52 -30.11 337.31 443.07 -0.62 -0.57 -0.14 0.75 0.70 0.30 0.56
17.00 57.18 -113.10 -85.52 -411.11 0.88 -0.30 0.38 0.15 0.68 0.85 0.07
23.00 125.01 -591.06 -369.75 -208.18 0.02 0.71 -0.81 0.29 0.98 0.71 0.70
5.00 6.93 145.52 181.48 11.03 -0.31 -0.07 0.14 0.81 0.29 0.86 0.14
17.00 29.90 -50.33 38.71 -275.66 0.87 -0.74 -0.70 0.93 0.27 0.30 0.32
9.00 4.71 -543.87 580.43 42.98 0.12 -0.63 -0.62 0.48 0.98 0.92 0.13
9.00 2.69 -745.96 -117.83 178.95 -0.12 -0.67 0.71 0.14 0.13 0.67 0.25
7.00 3.96 -677.50 -77.21 282.27 -0.15 0.21 -0.03 0.18 0.85 0.13 0.24
5.00 1.70 84.60 -180.10 -88.92 -0.81 -0.23 0.11 0.65 0.29 0.66 0.35
14.00 27.83 213.08 334.76 -279.81 -0.20 -0.14 -0.98 0.83 0.57 0.34 0.20
13.00 9.00 225.23 541.75 -539.38 0.45 -0.79 0.24 0.37 0.60 0.80 0.92
6.00 9.89 -41.77 -48.56 -291.36 0.87 -0.84 0.05 0.29 0.53 0.97 0.61
9.00 17.93 303.26 529.23 -493.97 -0.81 0.70 0.89 0.74 0.87 0.76 0.43
18.00 71.59 -517.39 -123.90 561.08 -0.93 -0.01 -0.06 0.31 0.56 0.07 0.11
26.00 25.65 9.29 -210.95 -406.64 -0.32 -0.32 0.08 0.58 0.22 0.00 0.67
15.00 20.23 -126.40 616.21 180.35 -0.31 -0.66 0.49 0.68 0.73 0.24 0.01
6.00 10.06 135.49 -461.59 -173.97 -0.89 0.51 -0.73 0.11 0.81 0.71 0.06
8.00 11.65 313.37 454.24 -81.64 -0.81 -0.09 0.07 0.63 0.54 0.18 0.91
8.00 6.33 -330.45 -37.42 -435.94 0.04 0.60 -0.75 0.81 0.40 0.93 0.06
16.00 43.07 166.51 -42.65 -219.83 0.71 -0.48 0.67 0.72 0.32 0.31 0.41
14.00 31.40 346.01 -564.75 -347.98 0.75 -0.07 0.46 0.93 0.69 0.39 0.12
11.00 15.94 -167.28 -323.50 -335.57 0.45 -0.05 -0.06 0.13 0.01 0.19 0.83
6.00 6.41 689.50 29.76 -83.14 0.36 -0.81 -0.99 0.64 0.46 0.25 0.43
11.00 16.28 -440.12 456.68 232.55 -0.11 0.75 0.22 0.52 0.46 0.54 0.28
8.00 14.05 9.39 -152.28 638.73 0.37 0.02 -0.92 0.13 0.93 0.44 0.52
6.00 5.58 662.44 -389.77 -212.42 -0.90 0.01 -0.55 0.32 0.31 0.91 0.63
8.00 16.67 302.41 -508.96 -29.79 -0.79 0.44 0.51 0.37 0.74 0.57 0.09
14.00 8.91 135.41 -120.24 -438.03 -0.09 0.70 0.46 0.72 0.11 0.07 0.09
6.00 8.06 441.33 364.01 -43.82 0.39 -0.90 -0.99 0.68 0.12 0.91 0.12
13.00 27.01 467.79 -384.10 120.17 0.20 -0.97 -0.70 0.77 0.21 0.04 0.77
24.00 17.00 -539.56 235.85 65.24 0.94 0.78 0.17 0.31 0.71 0.63 0.37
8.00 10.16 -309.53 -663.01 285.02 0.42 -0.83 0.99 0.91 0.71 0.63 0.97
22.00 53.27 -250.12 -57.66 610.95 0.96 -0.37 0.95 0.63 0.48 0.20 0.22
5.00 3.42 -125.86 527.64 337.65 -0.38 -0.79 -0.97 0.86 0.62 0.26 0.48
16.00 0.54 453.16 -291.34 498.87 -0.82 0.35 0.29 0.11 0.09 0.21 0.26
23.00 117.81 54.09 633.89 150.16 0.15 -0.14 -0.36 0.36 0.45 0.69 0.40
6.00 5.31 631.51 -141.75 80.20 0.65 -0.52 -0.91 0.22 0.07 0.70 0.44
12.00 32.06 133.39 -730.33 165.12 0.95 -0.91 0.04 0.50 0.37 0.77 0.08
13.00 10.90 -37.32 507.56 -254.71 -0.90 -0.73 0.29 0.18 0.18 0.16 0.87
13.00 44.82 -374.42 574.67 -279.27 0.90 -0.74 0.90 0.46 0.59 0.96 0.84
26.00 143.07 506.38 -492.13 -373.83 -0.36 0.82 0.67 0.35 0.31 0.87 0.06
7.00 0.06 342.70 -219.77 162.19 -0.57 0.83 0.50 0.92 0.59 0.16 0.02
37.00 79.32 716.79 55.73 108.47 -0.37 0.12 0.92 0.09 0.51 0.44 0.87
10.00 4.68 -668.29 411.97 71.93 0.37 -0.04 0.45 0.97 0.34 0.30 0.03
6.00 5.12 -508.32 -76.29 -253.94 -0.08 0.36 -0.35 0.97 0.83 0.79 0.27
6.00 5.76 538.91 -208.67 -146.68 -0.06 0.81 -0.87 0.31 0.01 0.18 0.27
8.00 1.19 -393.73 -301.17 -159.24 0.74 0.81 -0.22 0.92 0.09 0.80 0.04
22.00 24.75 -88.79 122.44 159.09 0.49 0.91 0.09 0.55 0.72 0.14 0.51
8.00 5.12 -434.06 -128.07 -172.56 0.87 0.48 -0.53 0.17 0.91 0.92 0.98
12.00 27.01 -228.76 -390.54 186.34 0.04 -0.33 -0.78 0.72 0.78 0.95 0.96
18.00 79.23 -368.61 -462.14 354.02 -0.78 0.93 0.17 0.35 0.67 0.18 0.75
8.00 7.86 -351.36 58.37 84.29 0.27 -0.37 -0.27 0.86 0.02 0.14 0.44
5.00 5.39 260.90 -678.46 -35.03 -0.66 0.67 0.54 0.53 0.93 0.49 0.31
23.00 44.14 324.26 -113.78 625.96 -0.28 -0.30 0.89 0.60 0.74 0.50 0.01
10.00 7.88 540.73 456.40 158.20 -0.15 0.45 -0.55 0.27 0.68 0.09 0.72
6.00 10.03 227.30 -148.88 144.88 0.37 0.74 0.94 0.77 0.11 0.40 0.43
23.00 146.21 -723.93 101.95 11.78 0.30 0.70 0.19 0.51 0.23 0.63 0.41
13.00 27.69 133.72 749.19 -51.86 -0.50 0.09 -0.45 0.77 0.88 0.22 0.37
22.00 19.65 16.35 -370.20 228.87 0.59 0.59 -0.06 0.24 0.17 0.28 0.23
13.00 17.77 287.95 234.40 -359.88 0.88 0.25 0.96 0.89 0.43 0.86 0.26
10.00 6.28 -267.48 -235.08 -547.41 0.95 0.53 -0.53 0.14 0.93 0.79 0.45
5.00 3.48 -502.44 -66.50 -295.10 -0.28 -0.96 0.37 0.48 0.49 0.71 0.60
17.00 17.16 99.56 -40.85 -760.97 -0.05 0.24 -0.57 0.25 0.37 0.15 0.53
25.00 61.60 77.19 277.64 737.66 -0.09 0.49 0.53 0.18 0.18 0.56 0.71
20.00 111.72 -20.29 411.92 664.10 0.85 0.67 0.89 0.59 0.42 0.08 0.48
12.00 5.46 130.14 -46.32 224.98 -0.80 -0.58 0.88 0.58 0.82 0.06 0.20
19.00 37.20 -698.72 353.29 -86.85 0.68 -1.00 0.91 0.65 0.13 0.63 0.59
11.00 32.89 216.27 -510.35 -140.96 -0.57 -0.32 -0.48 0.24 0.41 0.51 0.71
13.00 37.20 -41.05 -321.29 340.79 -0.47 0.71 -0.87 0.28 0.19 0.53 0.31
22.00 31.16 -201.69 -311.98 215.27 0.87 -0.08 0.71 0.82 0.37 0.41 0.30
9.00 2.42 -311.38 -522.12 -518.01 -0.60 -1.00 -0.88 0.98 0.57 0.85 0.41
6.00 0.23 -573.77 -191.90 -205.23 -0.45 -0.21 0.04 0.84 0.29 0.84 0.30
9.00 17.17 -73.62 -742.77 -123.59 -0.54 -0.38 0.67 0.77 0.09 0.08 0.04
5.00 5.28 331.15 -17.73 300.87 0.59 -0.86 0.43 0.66 0.15 0.86 0.38
12.00 8.63 -211.62 208.37 -552.86 -0.78 0.47 0.87 0.20 0.05 0.38 0.56
10.00 25.26 449.51 -283.31 427.65 -0.13 0.68 0.81 0.51 0.55 0.96 0.76
9.00 2.44 86.24 130.43 -440.50 -0.57 -0.01 -0.39 0.92 0.74 0.44 0.54
11.00 16.44 95.26 342.98 84.97 -0.43 -0.78 0.44 0.00 0.34 0.13 0.14
12.00 27.01 -343.93 -362.66 -310.35 -0.66 -0.93 0.04 0.61 0.68 0.03 0.63
14.00 26.29 454.51 155.79 250.51 0.53 0.22 -0.06 0.60 0.32 0.47 0.58
12.00 18.59 72.06 -475.45 -637.94 0.55 -0.77 0.91 0.62 0.17 0.73 0.69
11.00 8.63 91.02 -61.68 569.49 -0.17 -0.63 -0.08 0.92 0.29 0.77 0.28
14.00 21.53 632.23 -343.95 -307.65 -0.44 0.54 -0.13 0.04 0.61 0.60 0.62
18.00 23.59 -173.03 39.17 -429.42 -0.65 0.22 -0.86 0.49 0.84 0.12 0.70
11.00 8.39 637.34 25.32 181.23 -0.01 0.25 0.24 0.61 0.19 0.45 0.53
5.00 1.84 102.55 -587.71 -216.27 0.18 0.73 -0.96 0.31 0.71 0.40 0.12
31.00 86.67 -481.19 186.71 -20.24 0.74 -0.21 0.77 0.03 0.21 0.22 0.94
24.00 77.19 92.07 597.31 -356.34 0.02 0.16 -0.31 0.58 0.46 0.04 0.11
20.00 12.43 282.87 46.94 84.99 0.80 0.02 0.03 0.49 0.93 0.20 0.50
32.00 46.00 519.62 -221.81 301.97 -0.66 -0.85 -0.17 0.54 0.81 0.44 0.14
9.00 16.18 42.66 -271.94 -248.32 0.21 -0.10 0.12 0.15 0.45 0.11 0.86
17.00 75.41 -85.52 624.82 -41.10 -0.11 -0.70 0.27 0.85 0.30 0.21 0.79
15.00 11.00 113.55 -287.07 500.01 0.46 -0.39 -0.49 0.76 0.10 0.10 0.35
6.00 0.98 -137.92 640.24 -1.20 0.36 0.01 -0.09 0.98 0.76 0.31 0.91
12.00 40.22 148.23 -621.63 307.54 0.47 0.11 0.32 0.12 0.63 0.55 0.02
15.00 39.06 244.89 531.62 -233.94 -0.69 -0.17 -0.87 0.73 0.71 0.35 0.58
7.00 1.57 -285.49 -616.58 -378.16 -0.24 -0.66 0.56 0.14 0.14 0.79 0.13
16.00 61.90 474.70 -337.49 109.01 -0.96 -0.95 0.47 0.48 0.64 0.40 0.61
31.00 145.73 -187.21 505.88 223.36 -0.29 0.52 -0.87 0.21 0.82 0.60 0.57