17.62 1138
14.00 18.17 -170.81 36.85 432.68 0.38 -0.99 -0.75 0.84 0.37 0.10 0.58
8.00 5.76 373.67 70.41 -222.61 -0.51 0.11 0.41 0.46 0.87 0.00 0.69
14.00 46.69 -421.65 273.03 65.62 0.69 0.59 0.97 0.45 0.84 0.98 0.23
6.00 0.94 130.55 -552.53 -315.61 0.89 0.71 -0.44 0.74 0.33 0.91 0.81
20.00 76.25 -553.85 -534.56 -183.96 0.16 -0.77 0.62 0.11 0.75 0.96 0.15
11.00 11.10 313.31 -40.33 493.74 0.63 -0.29 -0.50 0.61 0.45 0.23 0.37
6.00 0.92 -482.30 507.91 232.12 0.54 -0.18 -0.96 0.65 0.14 0.49 0.78
11.00 9.96 400.56 272.59 -549.08 -0.07 -0.69 -0.77 0.01 0.34 0.60 0.43
7.00 5.98 517.09 -241.33 -9.34 0.54 0.49 -0.91 0.42 0.77 0.64 0.53
9.00 1.09 -716.72 19.16 -157.15 -0.01 -0.56 -0.43 0.55 0.24 0.42 0.54
30.00 135.19 -400.89 164.56 658.20 0.75 -0.92 -0.65 0.17 0.92 0.82 0.79
35.00 167.04 105.53 5.47 193.59 0.47 0.17 -0.53 0.31 0.33 0.41 0.59
19.00 39.07 -157.53 -562.38 489.23 0.55 0.79 0.47 0.25 0.39 0.30 0.29
18.00 23.05 -58.77 -485.23 -546.81 0.28 0.69 0.41 0.16 0.21 0.60 0.75
6.00 8.69 -142.64 209.69 298.14 -0.05 -0.34 0.25 0.99 0.19 0.17 0.05
11.00 0.20 337.55 699.58 87.65 -0.95 -0.30 -0.23 0.66 0.02 0.98 0.50
22.00 2.36 -353.41 -524.49 432.95 0.66 -0.05 0.89 0.69 0.98 0.06 0.32
7.00 1.12 -658.05 -170.30 -98.59 -0.73 -0.92 -0.66 0.52 0.81 0.19 0.83
7.00 1.13 45.36 -334.88 214.55 -0.96 0.50 0.80 0.88 0.30 0.99 0.24
14.00 41.32 -282.48 129.93 342.65 -0.41 0.08 -0.67 0.38 0.54 0.91 0.07
5.00 6.99 -110.41 -495.91 411.11 -0.28 0.51 -0.79 0.10 0.87 0.07 0.14
25.00 75.02 -244.63 577.36 -279.91 -0.63 -0.15 -0.56 0.59 0.12 0.10 0.39
7.00 12.07 679.21 -174.59 -274.98 -0.49 0.54 -0.16 0.26 0.92 0.45 0.17
7.00 2.31 309.93 401.89 586.57 -0.00 0.11 0.41 0.89 0.87 0.79 0.72
23.00 27.77 -508.02 145.53 -491.97 0.67 0.70 -0.01 0.87 0.35 0.89 0.62
29.00 17.13 287.76 -471.50 26.00 0.62 -0.62 0.99 0.84 0.63 0.02 0.06
22.00 87.15 -514.30 -180.94 542.43 0.82 0.14 0.91 0.37 0.20 0.57 0.75
21.00 2.57 -111.90 494.57 342.35 -0.89 0.08 0.93 0.72 0.38 0.40 0.14
9.00 5.63 275.69 523.08 -93.62 -0.89 0.87 -1.00 0.94 0.21 0.98 0.16
7.00 10.23 199.95 384.95 197.70 0.77 0.36 0.08 0.06 0.43 0.44 0.09
15.00 42.84 280.66 -282.90 -471.58 -0.60 -0.54 -0.66 0.76 1.00 0.59 0.97
10.00 17.32 -504.97 250.11 -194.37 0.23 0.49 -0.65 0.73 0.79 0.61 0.53
8.00 8.89 244.54 -90.50 -92.48 0.46 -0.02 -0.82 0.83 0.79 0.98 0.86
9.00 22.75 -207.50 -318.73 -242.50 0.91 -0.96 -0.24 0.47 0.40 0.14 0.07
35.00 114.28 482.19 -171.53 479.56 -0.29 0.74 -0.01 0.59 0.07 0.18 0.85
11.00 33.97 189.27 73.32 -464.18 0.97 -0.37 -0.21 0.36 0.17 0.98 0.57
6.00 0.50 -532.97 251.67 -66.76 0.29 0.12 0.74 0.65 0.94 0.53 0.71
16.00 26.58 318.24 182.21 398.03 -0.21 0.36 -0.17 0.81 0.53 0.42 0.93
24.00 133.55 245.80 115.60 628.08 -0.13 -0.85 -0.07 0.09 0.05 0.23 0.03
8.00 16.20 -189.18 -505.60 399.65 -0.46 -0.95 0.56 0.87 0.57 0.28 0.06
7.00 1.51 474.65 381.90 -94.39 0.05 -0.83 -0.77 0.74 0.72 0.18 0.94
13.00 43.91 158.90 270.77 162.38 0.30 0.95 -0.12 0.36 0.29 0.29 0.69
9.00 7.10 -255.73 332.62 192.18 0.36 -0.94 -0.96 0.10 0.99 0.62 0.92
6.00 3.82 -88.33 -513.49 -138.85 0.88 0.59 -0.12 0.72 0.79 0.14 0.23
11.00 4.31 100.46 251.59 242.39 0.02 -0.88 -0.97 0.76 0.41 0.50 0.70
7.00 13.16 -34.03 -220.34 -34.96 -0.96 0.18 -0.43 0.07 0.70 0.57 0.36
25.00 71.17 28.25 108.25 -430.70 0.55 0.54 -0.38 0.96 0.23 0.64 0.20
10.00 28.13 -233.44 -41.00 293.78 0.27 0.85 -0.58 0.12 0.14 0.70 0.19
6.00 9.55 -224.98 696.46 2.97 0.72 -0.70 0.95 0.43 0.68 0.78 0.57
9.00 16.27 -324.42 223.32 125.12 0.11 0.03 -0.95 0.69 0.84 0.16 0.43
24.00 35.37 -613.20 -280.69 -376.27 0.70 0.52 -0.84 0.03 0.30 0.78 0.03
32.00 176.71 -103.83 436.88 400.41 -0.50 0.03 0.19 0.74 0.75 0.57 0.12
9.00 21.08 691.36 -177.19 196.26 -0.24 0.39 0.09 0.55 0.27 0.32 0.48
8.00 10.07 -36.06 -479.65 386.13 0.36 -0.27 -0.81 0.52 0.65 0.34 0.17
13.00 1.47 606.02 -307.86 -19.55 0.84 0.81 -0.12 0.43 0.72 0.31 0.61
14.00 4.13 241.16 197.69 -592.42 0.06 -0.20 0.68 0.22 0.67 0.34 0.19
8.00 2.05 -405.47 -129.55 97.05 0.00 0.77 0.59 0.13 0.54 0.83 0.70
8.00 13.44 470.01 266.75 -341.58 0.37 0.51 -0.84 0.52 0.24 0.79 0.07
34.00 123.70 -32.99 397.68 -36.43 -0.47 -0.48 -0.06 0.05 0.67 0.96 0.79
13.00 49.87 4.22 408.49 -254.26 0.94 -0.60 -0.88 0.41 0.68 0.17 0.73
5.00 6.92 -78.54 151.83 -399.72 -0.00 -0.90 -0.84 0.31 0.62 0.27 0.33
8.00 10.87 758.22 -175.41 -60.26 0.87 -0.19 0.10 0.97 0.84 0.52 0.93
20.00 9.15 -444.91 394.98 -206.21 -0.30 -0.74 0.86 0.20 0.23 0.94 0.33
29.00 30.65 -627.04 28.91 -461.24 0.96 -0.43 -0.98 0.72 0.95 0.07 0.46
6.00 8.11 661.25 -57.43 -216.11 0.56 0.86 -0.97 0.11 0.23 0.32 0.55
23.00 22.06 72.58 -497.91 -549.01 0.83 0.48 0.63 0.79 0.12 0.26 0.82
35.00 122.45 213.54 -472.86 -504.59 -0.56 -0.76 -0.99 0.45 0.25 0.33 0.23
9.00 2.39 -125.32 -198.01 -78.04 0.19 0.46 0.53 0.95 0.34 0.86 0.15
27.00 122.63 692.03 -23.57 169.41 0.32 0.30 0.16 0.95 0.75 0.63 0.09
5.00 1.54 -205.27 323.98 666.83 -0.16 0.15 0.86 0.42 0.42 0.30 0.50
23.00 117.67 -187.73 352.40 -222.85 0.80 0.01 0.07 0.29 0.92 0.72 0.31
20.00 105.30 -31.33 121.57 299.15 0.85 0.45 -0.68 0.25 0.05 0.46 0.93
6.00 9.15 -103.85 -760.71 55.57 -0.12 0.04 0.75 0.49 0.90 0.98 0.24
12.00 11.55 -634.57 139.86 -67.68 -0.54 0.54 -0.88 0.50 0.95 0.93 0.62
6.00 1.18 745.30 -117.30 -11.31 0.79 0.79 0.28 0.35 0.24 0.13 0.88
25.00 9.72 604.39 109.65 -171.14 0.85 0.15 -0.02 0.29 0.64 0.12 0.49
12.00 10.14 440.80 -56.11 554.47 -0.74 0.25 -0.22 0.65 0.93 0.32 0.66
9.00 11.54 -141.13 175.57 209.94 0.67 -0.97 1.00 0.64 0.59 0.54 0.76
14.00 7.50 -634.28 -284.94 157.99 -0.84 0.90 0.21 0.85 0.06 0.75 0.33
15.00 16.08 184.11 -542.88 -443.48 -0.89 -0.49 -0.20 0.40 0.34 0.25 0.13
27.00 74.66 86.93 -70.29 206.29 -0.06 -0.77 0.91 0.22 0.44 0.45 0.94
6.00 9.90 465.33 37.57 -353.56 0.81 0.50 0.56 0.06 0.18 0.12 0.23
9.00 1.93 75.04 562.63 -355.17 0.78 -0.78 0.31 0.09 0.78 0.32 0.78
5.00 6.48 -312.78 -337.95 651.09 0.13 0.54 -0.33 0.18 0.00 0.02 0.48
8.00 1.78 -55.47 551.75 214.13 -0.80 -0.76 -0.53 0.82 0.47 0.29 0.89
10.00 3.13 470.21 -386.12 233.81 0.84 0.08 0.42 0.62 0.78 0.14 0.21
9.00 2.67 -312.43 -354.77 246.22 0.71 0.97 0.99 0.35 0.72 0.18 0.82
15.00 2.33 648.07 321.32 -177.87 0.66 -0.23 0.88 0.05 0.08 0.42 0.97
31.00 0.70 87.33 -95.64 264.13 -0.67 -0.72 0.44 0.03 0.34 0.94 0.42
7.00 2.96 -587.37 97.49 -371.79 -0.54 0.18 0.69 0.95 0.45 0.32 0.57
5.00 1.06 153.81 -718.28 29.97 -0.57 0.62 -0.91 0.84 0.10 1.00 0.52
11.00 19.14 153.69 -458.51 -62.04 0.48 0.11 -0.58 0.38 0.58 0.89 0.85
6.00 1.43 459.18 -186.67 -28.63 -0.92 0.54 0.51 0.01 0.65 0.76 0.92
7.00 11.80 513.53 -219.30 494.68 0.07 -0.26 -0.02 0.98 0.43 0.24 0.39
6.00 7.90 -351.14 421.33 -130.64 0.36 0.75 0.51 0.05 0.45 0.80 0.71
10.00 24.06 381.98 599.13 141.75 -0.13 -0.54 0.49 0.93 0.29 0.87 0.73
9.00 4.05 -303.19 -47.51 -40.68 -0.99 0.37 0.97 0.89 0.94 0.62 0.21
6.00 8.74 -568.40 -510.70 -122.64 -0.24 0.35 -0.13 0.94 0.00 0.84 0.91
19.00 7.34 83.60 587.60 63.80 0.76 -0.89 -0.37 0.93 0.76 0.72 0.69
11.00 29.89 -116.11 147.71 434.33 -0.42 -0.60 -0.18 0.93 0.72 0.56 0.01
5.00 0.57 2.24 -315.26 -531.44 -0.48 0.41 0.94 0.46 0.57 0.91 0.69
22.00 135.88 -94.55 529.99 13.47 -0.85 -0.42 0.85 0.51 0.29 0.05 0.05
9.00 8.39 333.23 -635.56 -26.13 0.59 -0.52 0.81 0.34 0.80 0.55 0.18
12.00 36.86 -3.47 496.99 352.22 0.77 0.93 -0.10 0.91 0.45 0.11 0.43
7.00 12.57 -741.16 129.19 -176.19 0.45 0.53 -0.73 0.74 0.87 0.21 0.02
15.00 30.73 196.83 356.62 530.37 -0.05 -0.06 0.36 0.12 0.14 0.58 0.49
9.00 18.49 104.50 113.96 633.99 0.19 0.37 0.76 0.26 0.32 0.65 0.20
8.00 6.40 225.24 269.53 -390.05 0.34 0.95 0.62 0.41 0.08 0.41 0.23
5.00 2.21 -166.97 -572.84 -341.89 0.85 0.01 -0.36 0.20 0.34 0.12 0.34
11.00 6.73 -624.95 410.45 131.36 0.43 0.48 0.38 0.15 0.13 0.71 0.13
7.00 13.34 -82.52 422.89 323.56 0.10 0.01 0.58 0.25 0.38 0.07 0.74
7.00 9.49 -211.86 309.44 58.53 0.95 0.36 -0.31 0.60 0.09 0.27 0.93
5.00 2.55 -105.10 658.37 -428.80 -0.60 -0.34 0.06 0.03 0.44 0.07 0.61
17.00 68.55 169.19 -173.62 34.28 -0.97 0.01 0.78 0.76 0.73 0.47 0.90
10.00 10.93 158.77 629.81 441.37 0.23 -0.68 -0.21 0.49 0.14 0.28 0.11
31.00 226.12 302.11 -275.00 -63.85 -0.73 -0.49 0.45 0.88 0.02 0.88 0.04
16.00 60.62 -251.63 626.14 20.47 0.99 0.22 -0.58 0.60 0.88 0.02 0.54
10.00 19.09 -264.89 -52.91 -697.27 0.98 -0.75 0.51 0.47 0.55 0.02 0.96
13.00 37.80 483.28 370.77 245.00 0.26 0.91 -0.13 0.67 0.24 0.96 0.01
10.00 20.31 -326.85 634.15 -297.26 -0.62 -0.47 -0.46 0.06 0.83 0.99 0.82
12.00 8.43 162.72 291.24 30.57 -0.03 0.23 0.32 0.84 0.32 0.58 0.53
23.00 130.87 -448.65 -487.12 27.48 0.02 -0.39 -0.20 0.89 0.53 0.56 0.77
11.00 3.31 187.62 -520.99 -484.91 -0.21 0.45 0.10 0.18 0.36 0.00 0.32
8.00 15.93 -36.62 -168.18 -332.02 0.22 -0.29 0.45 0.56 0.95 0.18 0.40
21.00 50.06 173.92 -289.71 516.14 0.12 -0.55 0.63 0.24 0.85 0.01 0.72
5.00 4.94 461.28 -374.96 -78.27 -0.73 0.33 0.53 0.18 0.97 0.19 0.82
15.00 5.45 -5.44 -440.19 -392.42 -0.32 0.76 -0.67 0.75 0.26 0.36 0.35
12.00 25.46 -623.12 -416.85 -97.80 0.71 -0.65 -0.20 0.96 0.98 0.04 0.51
24.00 106.96 92.07 597.31 -356.34 -0.09 -0.18 0.81 0.63 0.72 0.79 0.62
24.00 116.40 486.23 629.14 -59.61 -0.36 0.67 0.61 0.81 0.15 0.13 0.71
14.00 18.14 -217.04 372.66 -147.94 -0.65 0.62 0.68 0.00 0.24 0.80 0.93
10.00 17.70 170.75 316.33 -243.32 -0.75 -0.70 -0.19 0.41 0.87 0.76 0.52
5.00 3.45 -371.30 448.60 218.56 0.28 -0.49 -0.36 0.50 0.14 0.06 0.62
23.00 114.53 -758.49 -159.23 186.95 -0.85 0.86 0.87 0.72 0.12 0.48 0.66
8.00 2.60 146.54 550.29 -491.50 -0.35 -0.85 0.12 0.66 0.67 0.06 0.77
17.00 43.74 -173.18 -545.13 -313.72 0.54 0.75 0.60 0.88 0.48 0.51 0.02
13.00 40.98 -132.83 554.04 86.33 -0.71 -0.40 -0.82 0.64 0.57 0.08 0.22
10.00 19.64 10.68 -545.03 231.02 -0.61 -0.27 0.76 0.37 0.45 0.54 0.08
12.00 37.27 -617.33 -354.44 -362.58 -0.03 -0.74 -0.45 0.37 0.09 0.96 0.28
7.00 5.74 -573.39 342.81 13.97 0.37 -0.27 0.60 0.95 0.56 0.59 0.04
19.00 48.97 -176.75 -366.13 -685.82 -0.04 0.27 -0.59 0.36 0.37 0.27 0.86
33.00 266.38 -245.86 -2.18 479.85 0.66 -0.84 -0.61 0.51 0.24 0.69 0.06
11.00 34.25 -323.99 -303.97 -591.50 0.54 0.69 0.42 0.86 0.03 0.29 0.15
32.00 10.37 470.27 345.90 -512.68 -0.86 0.04 0.48 0.19 0.56 0.79 0.11
8.00 17.39 -577.39 129.65 -377.81 -0.01 -0.16 -0.71 0.30 0.36 0.45 0.64
15.00 52.09 516.12 132.28 -286.59 0.68 -0.29 -0.28 0.02 0.83 0.71 0.64
8.00 5.33 -4.79 563.91 -102.52 0.52 -0.48 0.45 0.51 0.93 0.96 0.88
10.00 6.54 469.55 231.29 140.37 -0.12 -0.77 0.19 0.26 0.87 0.11 0.67
6.00 8.09 587.36 -270.86 283.72 -0.39 0.48 -0.82 0.03 0.46 0.97 0.95
10.00 9.25 -545.33 -261.60 521.93 0.42 -0.61 0.03 0.52 0.49 0.81 0.87
19.00 44.93 246.02 250.71 -72.89 -0.05 -0.23 0.34 0.36 0.16 0.49 0.65
7.00 14.28 435.57 -421.84 228.07 -0.59 -0.99 0.24 0.29 0.39 0.67 0.76
5.00 7.33 -360.14 -502.18 50.76 0.53 -0.45 -0.01 0.03 0.79 0.11 0.18
22.00 22.06 -140.23 582.72 -324.54 -0.39 0.31 -0.47 0.61 0.34 0.51 0.01
7.00 14.14 451.17 45.54 -13.17 0.63 0.44 0.89 0.93 0.95 0.92 0.26
7.00 3.77 41.17 334.80 -454.26 -0.17 0.29 0.90 0.04 0.64 0.57 0.86
28.00 188.93 -578.32 162.11 -145.30 0.85 -0.74 -0.42 0.93 0.87 0.14 0.68
6.00 6.38 -285.28 -393.43 250.63 0.67 0.97 -0.90 0.46 0.15 0.12 0.86
12.00 13.38 -577.81 -211.90 288.67 0.01 0.53 -0.18 0.54 0.62 0.04 0.25
9.00 20.67 -108.89 222.08 -236.98 -0.97 0.89 0.62 0.24 0.06 0.28 0.34
6.00 3.30 -472.13 443.66 -96.01 0.55 -0.59 -0.04 0.32 0.86 0.22 0.85
13.00 31.22 -169.74 137.76 -558.81 0.86 0.04 0.32 0.48 0.36 0.54 0.57
28.00 49.94 18.73 -63.87 147.44 -0.63 0.62 0.21 0.97 0.87 0.09 0.77
6.00 9.33 -43.73 -667.04 222.19 0.87 -0.76 0.24 0.99 0.24 0.92 0.17
10.00 11.36 -459.15 -249.14 -65.18 0.88 0.47 -0.59 0.89 0.02 0.68 0.32
26.00 46.37 -635.23 -32.79 0.47 0.04 -0.22 -0.01 0.30 0.79 0.64 0.84
6.00 2.87 20.33 -458.07 351.23 0.68 -0.97 -0.65 0.91 0.05 0.27 0.63
9.00 12.32 -30.25 471.51 -0.62 -0.45 0.06 -0.47 0.60 0.19 0.59 0.61
14.00 36.75 531.05 -246.33 -461.06 -0.06 0.37 0.43 0.52 0.44 0.73 0.75
13.00 46.23 144.81 -623.58 -409.61 0.46 0.14 -0.91 0.23 0.76 0.12 1.00
19.00 24.38 -661.69 269.54 113.77 -0.83 0.72 0.22 0.95 0.08 0.50 0.86
7.00 12.62 414.72 -391.34 213.66 0.91 0.22 -0.26 0.26 0.07 0.51 0.67
12.00 37.76 186.89 401.36 42.60 -0.74 0.94 0.06 0.94 0.53 0.70 0.06
6.00 2.48 -289.42 31.50 494.82 -0.88 0.22 0.83 0.09 0.17 0.41 0.87
14.00 38.71 -506.17 -47.35 354.46 0.13 -0.11 0.72 0.26 0.08 0.33 0.30
12.00 1.71 343.75 457.76 -541.68 0.34 0.78 -0.23 0.87 0.34 0.66 0.04
26.00 66.68 230.54 -469.28 -154.91 -0.98 0.01 -0.06 0.73 0.72 0.35 0.08
26.00 27.56 -152.07 -229.49 -703.42 0.74 0.09 0.36 0.44 0.98 0.16 0.54
16.00 63.61 -568.28 -415.32 -1.86 0.11 0.52 0.40 0.17 0.38 0.73 0.65
19.00 20.49 113.46 509.25 520.67 -0.54 0.56 -0.12 0.63 0.46 0.26 0.70
5.00 4.56 208.34 732.78 -96.00 -0.11 0.68 0.13 0.05 0.72 0.74 0.32
7.00 2.71 409.15 106.37 172.10 0.11 -0.83 -0.40 0.96 0.72 0.22 0.22
11.00 6.17 -515.48 404.61 -150.93 0.45 -0.02 0.08 0.21 0.66 0.31 0.70
9.00 4.86 -299.96 60.40 -550.83 -0.27 -0.04 -0.50 0.30 0.81 0.92 0.15
6.00 4.42 693.23 -343.72 94.69 -0.18 -0.81 -0.24 0.49 0.87 0.68 0.04
18.00 6.90 141.61 -60.32 -672.57 0.47 0.59 0.97 0.35 0.07 0.24 0.11
16.00 64.43 -493.74 -268.89 20.63 0.17 -0.37 0.11 0.18 0.92 0.42 0.76
9.00 1.28 -73.62 -742.77 -123.59 0.86 0.73 -0.31 0.63 0.45 0.72 0.59
24.00 98.17 -392.84 327.53 407.48 -0.56 0.67 -0.78 0.41 0.40 0.33 0.08
12.00 18.42 595.33 -258.95 -240.24 -1.00 -0.41 -0.65 0.34 0.05 0.07 0.80
30.00 128.33 -606.03 -491.77 -128.59 0.70 -0.46 -0.34 0.13 0.91 0.07 0.59
7.00 3.76 418.84 -125.18 -437.92 -0.98 0.82 0.39 0.48 0.93 0.96 0.05
6.00 4.76 -29.15 -329.56 525.86 -0.37 -0.76 0.24 0.27 0.73 0.46 0.95
30.00 118.04 136.47 704.30 273.55 -0.68 -0.65 -0.35 0.94 0.09 0.32 0.71
21.00 114.28 -194.23 -86.83 682.86 -0.59 0.77 -0.49 0.30 0.04 0.94 0.54
15.00 20.09 -301.54 -11.86 -316.94 -0.93 0.73 0.12 0.63 0.51 0.64 0.36
21.00 66.81 322.43 -527.70 -290.45 0.91 -0.23 -0.88 0.18 0.98 0.65 0.09
8.00 18.77 -409.69 -301.47 -496.53 0.88 -0.63 -0.84 0.99 0.62 0.03 0.12
8.00 2.72 182.36 -304.14 582.48 -0.06 0.46 -0.82 0.85 0.89 0.54 0.57
16.00 73.51 400.42 236.60 455.15 0.50 -0.63 0.67 0.43 0.72 0.50 0.98
8.00 5.15 338.88 41.37 291.38 -0.81 -0.79 0.73 0.10 0.78 0.08 0.12
17.00 76.35 173.73 399.57 458.26 -0.73 -0.60 0.62 0.37 0.84 0.10 0.24
9.00 4.20 -2.36 -484.17 618.48 0.92 0.43 0.62 0.25 0.72 0.36 0.67
10.00 13.92 -370.05 -115.59 -415.61 -0.03 -0.24 -0.83 0.33 0.77 0.06 0.13
16.00 75.53 391.67 -260.26 -271.11 0.94 -0.71 -0.25 0.21 0.79 0.61 0.24
11.00 14.94 -85.22 -91.03 -496.67 0.32 0.58 -0.25 0.34 0.62 0.60 0.55
8.00 18.49 154.03 -447.92 642.65 -0.92 0.43 -0.95 0.91 0.32 0.91 0.59
23.00 130.78 468.59 417.45 -473.88 -0.99 0.13 -0.48 0.91 0.10 0.48 0.46
8.00 6.17 -71.32 62.28 739.03 -0.11 0.93 0.55 0.33 0.50 0.96 0.60
24.00 14.62 197.98 673.88 -105.84 0.90 0.27 0.47 0.17 0.61 0.85 0.64
5.00 6.64 -279.45 136.79 575.21 -1.00 0.52 0.87 1.00 0.28 0.01 0.07
39.00 214.62 570.19 -166.85 122.78 0.88 0.36 0.98 0.24 0.41 0.22 0.08
11.00 32.47 -242.62 250.05 322.65 -0.78 -0.61 0.24 0.25 0.04 0.56 0.61
5.00 2.35 -242.63 625.71 411.02 0.31 -0.56 0.86 0.62 0.03 0.29 0.20
7.00 12.66 46.13 578.70 104.90 -0.44 -0.14 0.97 0.27 0.35 0.48 0.30
7.00 1.70 77.68 427.04 -464.26 -0.89 0.47 -0.78 0.09 0.30 0.43 0.16
9.00 22.31 83.21 -224.49 -575.59 0.04 -0.77 -0.27 0.93 0.68 0.19 0.74
10.00 9.54 -109.26 -350.70 -472.02 0.19 -1.00 0.68 0.47 0.52 0.13 0.23
6.00 9.83 -285.95 -217.65 -80.78 0.57 0.62 0.26 0.73 0.84 0.24 0.15
9.00 7.67 30.43 531.43 556.59 0.56 -0.31 0.79 0.21 0.58 0.55 0.96
16.00 19.43 -467.92 26.59 -474.39 0.79 0.21 -0.01 0.99 0.18 0.13 0.52
37.00 20.58 206.33 -214.31 738.51 -0.03 0.52 -0.08 0.43 0.89 0.39 0.31
18.00 35.38 162.07 -479.71 94.62 -0.80 -0.79 0.75 0.76 0.68 0.65 0.15
7.00 1.36 474.58 -574.83 -264.65 -0.14 -0.02 -0.20 0.45 0.96 0.84 0.71
13.00 44.88 -249.46 462.11 -548.98 -0.39 0.39 0.33 0.82 0.20 0.10 0.14
15.00 27.87 542.88 -22.58 -313.36 0.14 0.64 -0.03 0.19 0.18 0.24 0.92
13.00 16.49 180.72 97.00 191.33 0.57 -0.76 0.92 0.08 0.66 0.81 0.90
21.00 92.39 -20.81 682.48 385.85 0.42 0.32 -0.96 0.49 0.11 0.64 0.86
12.00 40.44 -299.80 511.29 -329.70 0.44 0.92 -0.60 0.86 0.13 0.47 0.01
13.00 29.88 -243.57 204.79 462.47 0.29 0.04 -0.31 0.76 0.56 0.67 0.15
20.00 20.59 -238.95 463.24 -415.69 -0.44 0.51 -0.14 0.66 0.84 0.98 0.44
7.00 8.22 -77.45 -38.91 -445.90 0.93 0.09 -0.17 0.79 0.22 0.26 0.37
22.00 15.35 -110.77 285.54 -383.47 0.35 0.79 0.41 0.44 0.38 0.59 0.25
9.00 1.36 -663.91 384.89 -184.35 0.65 -0.14 0.08 0.86 0.84 0.53 0.86
5.00 0.98 -532.14 -52.82 349.36 -0.76 0.04 0.48 0.81 0.70 0.84 0.32
11.00 34.43 -414.09 361.92 452.26 0.87 -0.29 -0.50 0.37 0.30 0.29 0.90
8.00 5.02 -553.70 -481.56 50.70 -0.94 -0.40 0.67 0.59 0.12 0.51 0.39
5.00 7.12 610.10 -80.32 -32.72 -0.62 0.11 -0.02 0.07 0.18 0.75 0.34
8.00 18.19 -493.39 -195.92 -570.97 -0.02 0.58 0.80 0.76 0.99 0.21 0.48
9.00 20.68 322.24 41.53 122.14 0.69 -0.30 0.43 0.48 0.16 0.90 0.07
8.00 13.97 -11.31 283.11 -641.56 -0.87 -0.17 0.93 0.54 0.95 0.16 0.89
12.00 12.49 407.62 27.39 -684.73 -0.01 0.69 -0.36 0.42 0.28 0.74 0.48
8.00 10.17 -644.12 225.58 50.67 -0.76 0.75 -0.70 0.24 0.87 0.39 0.52
23.00 143.73 324.87 -597.27 -260.72 -0.00 -0.25 0.28 0.46 0.06 0.24 0.73
18.00 69.15 -229.88 -2.74 566.20 -0.25 0.49 0.70 0.55 0.07 0.76 0.95
16.00 3.57 -234.39 370.57 -275.60 -0.86 -0.75 -0.83 0.15 0.95 0.55 0.19
16.00 42.60 355.76 294.98 -227.19 0.75 -0.10 -0.11 0.89 0.58 0.87 0.02
22.00 83.53 199.24 -569.44 -404.70 -0.75 0.03 0.89 0.21 0.11 0.32 0.71
7.00 4.79 204.98 -232.87 -274.02 0.36 0.41 -0.93 0.37 0.27 0.26 0.33
30.00 197.43 398.24 -47.80 591.93 -0.02 0.22 -0.56 0.47 0.91 0.93 0.51
12.00 17.07 -86.48 -498.86 80.29 0.45 0.16 -0.04 0.91 0.39 0.23 0.61
7.00 2.17 -280.14 -18.76 375.83 -0.91 -0.88 -0.72 0.14 0.10 0.37 0.17
22.00 96.47 339.41 -182.18 491.38 0.88 0.85 -0.21 0.84 0.22 0.64 0.12
14.00 27.77 -534.62 125.69 28.43 0.88 0.90 0.38 0.80 0.12 0.45 0.51
19.00 17.65 80.98 490.14 -614.12 0.74 0.82 0.32 0.61 0.06 0.82 0.08
15.00 0.37 734.70 -168.73 -55.01 -0.79 0.82 0.76 0.04 0.43 0.09 0.49
9.00 15.32 -416.39 -646.06 -88.37 -0.74 0.35 -0.88 0.71 0.90 0.52 0.75
6.00 5.43 43.06 -279.05 139.63 0.48 0.27 0.56 0.98 0.45 0.08 0.73
24.00 165.48 280.22 6.22 -241.20 -0.08 0.61 0.58 0.11 0.84 0.25 0.38
5.00 4.96 -265.64 -587.36 -282.69 -0.32 0.36 0.73 0.56 0.01 0.64 0.43
17.00 83.00 233.01 -123.07 -561.23 -0.29 -0.18 0.75 0.70 0.10 0.71 0.90
36.00 357.50 249.29 -390.69 -437.34 -0.67 -0.59 -0.09 0.79 0.10 0.74 0.40
16.00 43.57 -51.81 -124.75 783.29 -0.19 0.95 -0.59 0.63 0.43 0.53 0.32
8.00 9.91 421.14 -180.54 606.92 0.66 0.02 -0.69 0.75 0.70 0.00 0.19
19.00 105.98 -304.23 -110.84 -644.59 -0.83 -0.00 0.96 0.03 0.27 0.12 0.79
18.00 42.12 183.26 -409.24 -593.53 -0.59 0.61 0.35 0.41 0.81 0.51 0.92
8.00 11.76 -101.96 179.84 -124.94 0.94 -0.21 -0.18 0.32 0.72 0.60 0.91
7.00 11.02 354.77 400.63 549.81 -0.40 -0.03 0.14 0.23 0.07 0.87 0.29
16.00 4.76 248.84 -561.89 491.63 0.28 -0.10 0.18 0.43 0.47 0.25 0.53
8.00 12.46 -635.45 -149.00 -401.73 0.84 0.50 0.94 0.97 0.33 0.44 0.72
9.00 13.08 -188.70 599.26 -102.03 -0.24 -0.63 0.78 0.10 0.33 0.51 0.58
16.00 32.15 -133.51 -378.30 -449.17 -0.49 -0.26 -0.12 0.16 0.53 0.31 0.17
15.00 13.57 178.38 -157.06 586.46 0.63 0.58 0.75 0.38 0.56 0.81 0.78
6.00 9.01 627.60 347.96 -183.73 0.98 0.06 0.36 0.62 0.08 0.49 0.26
11.00 28.54 -526.38 417.99 288.29 0.37 0.86 0.19 0.07 0.12 0.20 0.06
6.00 2.50 184.74 -244.44 654.80 0.97 0.22 -0.82 0.68 0.25 0.99 0.14
13.00 30.70 216.27 -195.91 -471.12 0.51 0.29 0.65 0.08 0.34 0.78 0.83
6.00 5.56 186.50 10.44 612.08 0.67 0.49 -0.35 0.08 0.42 0.61 0.31
21.00 57.30 69.55 -404.82 270.93 -0.16 -0.84 -0.00 0.99 0.38 0.23 0.65
29.00 154.61 -531.72 -233.88 -473.00 0.64 -0.81 -0.99 0.89 0.51 0.41 0.64
23.00 134.28 -147.18 443.85 -575.30 -0.79 0.10 -0.36 0.64 0.14 0.52 0.25
14.00 20.73 345.73 624.82 -191.30 0.34 -0.89 0.74 0.12 0.39 0.04 0.64
24.00 140.39 687.95 -153.66 -229.04 0.25 -0.96 -0.55 0.44 0.05 0.06 0.52
11.00 8.59 264.29 217.82 271.96 0.57 0.89 -0.33 0.00 0.30 0.31 0.06
5.00 5.69 -119.27 -589.68 -165.16 0.84 0.03 -0.19 0.21 0.27 0.86 0.85
9.00 3.45 -24.31 -96.15 638.75 0.55 -0.42 0.78 0.16 0.90 0.87 0.10
8.00 12.58 -487.23 -458.62 -356.13 0.56 -0.23 0.83 0.86 0.29 0.45 0.33
27.00 97.09 -409.70 626.33 271.46 0.58 0.62 0.88 0.15 0.35 0.06 0.22
22.00 106.18 106.53 -624.65 -353.34 0.74 -0.19 0.97 0.08 0.64 0.39 0.62
10.00 9.52 371.94 -82.69 -178.35 0.39 0.38 -0.33 0.51 0.83 0.90 0.76
10.00 15.88 642.39 326.66 237.53 0.09 -0.60 0.60 0.54 0.38 0.30 0.40
21.00 130.61 170.46 -499.23 -583.02 -0.46 -0.09 -0.48 0.88 0.24 0.57 0.15
11.00 8.79 575.80 -135.58 22.65 0.34 0.97 0.29 0.33 0.66 0.99 0.62
11.00 29.74 -287.56 -575.03 -472.48 0.59 -0.10 -0.61 0.32 0.10 0.03 0.62
31.00 95.21 -407.43 232.64 591.20 -0.06 -0.21 -0.32 0.87 0.76 0.15 0.23
9.00 1.41 -460.20 185.81 309.93 0.64 0.92 0.97 0.05 0.09 0.34 0.31
38.00 286.27 373.90 -165.15 -264.30 -0.22 0.90 -0.22 0.97 0.96 0.34 0.18
28.00 109.09 -614.75 -56.77 -440.95 -0.89 -0.06 -0.92 0.48 0.45 0.50 0.90
32.00 241.18 -534.97 262.05 -530.72 -0.18 -0.21 0.42 0.36 0.44 0.11 0.21
6.00 2.95 -166.01 -296.02 673.75 0.17 0.92 -0.40 0.84 0.52 0.23 0.19
21.00 81.02 -347.35 328.01 -605.40 -0.57 0.16 0.98 0.63 0.13 0.95 0.10
16.00 32.26 457.88 94.88 73.63 -0.38 0.16 0.69 0.87 0.66 0.39 0.52
8.00 15.48 224.88 -333.25 -307.48 -0.18 0.47 0.66 0.70 0.89 0.58 0.03
5.00 0.47 425.29 367.45 -223.99 0.56 -0.05 -0.45 0.07 0.31 0.97 0.82
5.00 6.05 31.15 -19.95 -138.12 -0.62 0.26 -0.79 0.94 0.94 0.08 0.42
24.00 0.74 567.77 254.72 -409.09 0.61 -0.41 0.49 0.18 0.36 0.95 0.80
14.00 2.71 -439.68 127.27 -209.71 -0.27 -0.76 -0.09 0.31 0.99 0.63 0.57
6.00 0.00 -361.57 267.27 -144.78 -0.90 0.66 -0.77 0.61 0.03 0.55 0.33
5.00 0.54 77.02 524.08 518.91 0.56 0.21 -0.36 0.12 0.58 0.06 0.17
27.00 207.29 -236.64 202.79 -121.10 0.98 -0.54 -0.07 0.65 0.09 0.64 0.27
25.00 75.64 -391.30 -311.04 126.24 -0.02 -0.31 -0.79 0.10 0.26 0.04 0.94
15.00 66.30 -277.66 137.27 -280.30 -0.24 0.93 0.98 0.23 0.00 0.95 0.24
12.00 22.68 -155.62 -625.91 -93.22 -0.60 -0.87 -0.95 0.65 0.26 0.53 0.63
5.00 4.85 -97.63 86.73 586.96 0.89 -0.90 -0.34 0.88 0.46 0.94 0.41
10.00 24.91 404.73 424.39 528.41 0.86 0.05 -0.28 0.47 0.13 0.07 0.69
36.00 122.32 -76.26 -61.95 -625.83 0.84 0.38 0.25 0.45 0.07 0.10 0.73
10.00 28.61 277.97 -465.76 214.05 0.13 0.22 -0.90 0.24 0.12 0.09 0.21
38.00 8.65 739.66 253.16 136.34 0.86 0.66 0.83 0.97 0.67 0.83 0.61
13.00 42.72 -318.27 -338.05 -85.61 0.47 -0.95 -0.99 0.94 0.61 0.18 0.80
5.00 1.72 -208.07 103.89 -447.40 -0.53 -0.41 -0.44 0.46 0.62 0.81 0.96
10.00 0.86 -592.07 -354.24 257.70 -0.95 -0.24 -0.85 0.61 0.33 0.84 0.77
18.00 6.95 -685.11 276.95 223.68 -0.97 0.55 0.21 0.47 0.14 0.47 0.95
6.00 3.83 606.12 -65.25 -270.98 0.73 -0.66 0.59 0.26 0.12 0.21 0.52
7.00 5.42 74.19 -627.67 142.20 -0.47 -0.98 -0.75 0.45 0.47 0.65 0.36
12.00 38.41 588.58 -133.13 -7.00 0.59 0.08 0.46 0.33 0.09 0.41 0.87
28.00 31.50 -625.17 -448.37 -31.13 0.54 0.41 -0.64 0.20 0.42 0.42 0.86
20.00 15.67 391.29 537.64 -302.97 -0.69 0.02 -0.90 0.31 0.23 0.80 0.32
5.00 3.80 100.47 480.70 627.76 -0.28 0.26 -0.88 0.50 0.86 0.19 0.19
7.00 10.47 192.63 -65.03 373.29 0.97 0.58 -0.33 0.14 0.30 0.14 0.05
13.00 24.77 308.00 369.07 44.21 0.60 0.74 0.74 0.24 0.96 0.95 0.28
6.00 6.99 65.51 733.78 142.40 -0.91 0.43 0.71 0.06 0.85 0.66 0.73
13.00 43.12 -37.32 507.56 -254.71 -0.20 0.49 -0.59 0.40 0.85 0.59 0.66
5.00 7.10 163.85 -8.86 2.29 0.31 0.34 0.20 0.86 0.21 0.40 0.60
33.00 166.73 -483.50 283.73 48.19 0.31 0.32 -0.06 0.72 0.82 0.80 0.32
30.00 26.62 -217.70 608.91 -332.55 -0.72 -0.26 -0.67 0.13 0.26 0.97 0.18
17.00 2.49 -189.83 76.85 533.54 -0.62 0.03 0.66 0.20 0.69 0.11 0.51
28.00 169.66 -113.61 -635.23 -288.37 0.19 -0.79 0.49 0.65 0.28 0.01 0.25
18.00 72.92 -91.77 -406.15 -273.86 -0.33 0.96 -0.15 0.89 0.60 0.94 0.34
39.00 367.51 378.21 -54.01 -645.10 -0.82 0.51 0.03 0.36 0.50 0.85 0.48
11.00 24.02 -177.64 314.12 -267.32 -0.43 0.55 -0.17 0.50 0.02 0.35 1.00
36.00 95.65 60.95 -612.68 456.80 0.12 -0.86 -0.74 0.45 0.37 0.82 0.94
6.00 10.31 -272.53 175.49 176.62 -0.57 -0.16 -0.38 0.14 0.31 0.47 0.37
19.00 24.48 -100.37 262.69 571.12 -0.64 0.96 0.26 0.03 0.05 0.45 0.18
17.00 9.56 183.59 -363.51 -581.24 -0.66 -0.51 0.26 0.33 0.98 0.44 0.14
39.00 63.93 363.62 -284.77 205.36 -0.23 0.32 -0.51 0.61 0.36 0.46 0.72
17.00 55.48 -435.86 1.45 -553.57 -0.92 0.22 -0.70 0.82 0.04 0.95 0.11
15.00 26.93 -627.96 127.30 -410.05 -0.69 0.14 -0.70 0.75 0.73 0.79 0.19
19.00 6.92 -579.26 376.64 -54.45 0.37 -0.89 -0.62 0.47 0.72 0.35 0.67
12.00 33.11 90.96 112.66 385.71 0.44 0.93 -0.63 0.02 0.18 0.16 0.69
8.00 5.79 685.10 148.59 330.87 0.92 -0.46 -0.05 0.88 0.79 0.37 0.11
9.00 12.43 349.99 -188.60 -464.89 -0.63 0.29 0.87 0.88 0.07 0.97 1.00
11.00 34.20 96.35 1.66 -630.40 -0.30 -0.89 -0.12 0.47 0.16 0.55 0.50
7.00 4.13 75.01 -581.33 -454.07 -0.48 -0.37 0.62 0.94 0.76 0.06 0.08
15.00 62.02 100.99 53.89 380.47 0.24 0.64 0.94 0.96 0.07 0.57 0.02
16.00 72.16 -8.43 -405.60 -86.02 -0.47 -0.36 -0.34 0.94 0.40 0.87 0.84
9.00 9.49 628.73 181.53 -252.55 0.88 -0.20 0.91 0.93 0.11 0.12 0.25
7.00 0.83 -194.04 530.84 145.69 -0.48 0.47 -0.24 0.38 0.70 0.33 0.33
13.00 41.92 135.53 -3.36 147.14 -0.52 -0.02 0.52 0.96 0.70 0.73 0.50
6.00 2.23 278.80 -556.71 438.82 0.67 0.45 0.57 0.61 0.00 0.38 0.73
10.00 17.63 -301.29 -640.82 -205.59 -0.38 -0.11 -1.00 0.44 0.87 0.95 0.96
8.00 14.34 -63.95 426.85 456.68 -0.15 0.49 0.11 0.15 0.73 0.91 0.25
16.00 26.49 -573.45 -262.53 -3.80 -0.89 0.95 -0.92 0.73 0.27 0.39 0.81
14.00 11.83 474.05 -417.99 -148.56 -0.47 -0.66 -0.36 0.25 0.57 0.09 0.01
16.00 10.48 316.13 428.77 -210.33 -0.43 -0.33 0.31 0.74 0.95 0.57 0.60
8.00 15.32 -466.17 -64.55 362.41 -0.09 -0.72 0.64 0.69 0.08 0.69 0.01
10.00 25.75 -124.13 -466.50 324.42 -0.89 -0.26 -0.51 0.21 0.74 0.67 0.24
12.00 33.64 250.78 507.83 467.62 0.17 0.46 0.07 0.39 0.87 0.48 0.07
5.00 2.33 372.81 340.79 -541.23 -0.82 0.96 -0.14 0.90 0.43 0.77 0.66
10.00 29.32 244.81 573.54 -340.95 0.36 0.90 0.02 0.57 0.79 0.75 0.07
14.00 47.36 -176.20 198.65 -26.77 0.21 0.32 0.40 0.87 0.84 0.56 0.16
17.00 77.45 358.06 -443.30 -282.32 -0.51 -0.22 0.21 0.61 0.10 0.09 0.82
32.00 129.88 228.68 549.09 369.37 0.20 0.59 0.17 0.79 0.93 0.09 0.65
6.00 3.48 182.15 100.71 -361.18 0.76 0.70 -0.87 0.44 0.07 0.95 0.19
28.00 161.83 -261.95 -28.46 -383.30 0.16 -0.21 0.49 0.48 0.30 0.85 0.18
13.00 45.55 272.44 -111.56 -265.01 0.64 0.75 0.36 0.78 0.11 0.01 0.86
24.00 71.16 375.58 -521.05 -382.89 0.08 0.28 -0.44 0.73 0.34 0.54 0.67
18.00 9.97 270.72 -419.97 470.51 -0.99 0.85 0.90 0.05 0.26 0.47 0.70
20.00 37.21 129.53 -424.86 438.97 -0.66 0.59 -0.68 0.29 0.35 0.89 0.94
15.00 44.80 147.63 -370.54 -385.28 0.41 0.61 -0.63 0.58 0.80 0.23 0.10
5.00 5.18 -697.43 -45.29 319.25 -0.18 0.67 0.99 0.75 0.13 0.13 0.17
16.00 66.09 147.46 394.67 515.92 -0.34 -0.04 -0.53 0.74 0.26 0.14 0.91
13.00 20.60 227.76 -277.64 -459.92 0.59 0.14 -0.22 0.88 0.51 0.29 0.29
13.00 38.89 287.12 634.88 -25.63 0.30 0.48 0.85 0.37 0.60 0.57 0.68
10.00 13.99 -294.57 453.37 507.17 0.42 0.27 -0.57 0.63 0.84 0.74 0.08
30.00 32.88 -40.22 375.52 -424.88 -0.47 0.19 0.53 0.73 0.13 0.77 0.14
10.00 24.19 -585.77 -44.59 496.43 0.53 -0.39 0.22 0.62 0.90 0.49 0.07
6.00 0.75 348.91 -330.81 251.61 0.06 -0.10 0.99 0.54 0.89 0.41 0.36
5.00 0.61 -211.58 198.94 244.58 -0.57 0.47 -0.10 0.84 0.17 0.63 0.37
12.00 7.56 580.91 -76.06 -167.61 0.62 -0.36 0.70 0.87 0.10 0.57 0.04
10.00 1.38 92.43 -236.39 -32.77 0.41 -0.50 0.31 0.77 0.49 0.84 0.75
11.00 31.56 -117.06 249.02 708.78 -0.75 0.64 -0.11 0.47 0.33 0.88 0.49
9.00 4.05 -392.95 -244.60 -36.43 -0.86 0.10 0.41 0.38 0.75 0.68 0.65
6.00 2.68 280.75 -637.56 212.91 -0.16 0.83 -0.17 0.78 0.49 0.13 0.92
7.00 12.82 622.67 155.60 351.59 -0.97 0.79 0.11 0.83 0.20 0.79 0.29
29.00 65.73 358.59 188.77 440.55 -0.97 -0.02 0.73 0.72 0.60 0.75 0.83
6.00 10.45 -172.69 -147.90 328.87 -0.73 0.60 -0.84 0.07 0.74 0.24 0.90
5.00 4.36 -354.60 448.08 438.39 0.32 -0.61 0.31 0.17 0.28 0.09 0.98
5.00 3.56 -492.35 305.30 -257.21 -0.81 -0.82 0.38 0.93 0.33 0.47 0.94
12.00 14.54 -373.47 462.26 141.11 -0.71 -0.68 -0.28 0.85 0.19 0.26 0.81
6.00 5.59 403.74 -469.09 472.95 -0.27 -0.73 -0.05 0.34 1.00 0.41 0.46
10.00 11.62 -181.63 583.18 112.16 0.75 -0.54 -0.13 0.39 0.08 0.55 0.43
16.00 71.04 77.78 711.63 -113.01 -0.92 0.93 0.96 0.87 0.16 0.92 0.67
8.00 16.87 108.70 147.69 459.35 0.19 0.58 0.05 0.77 0.60 0.01 0.31
6.00 4.04 -463.25 250.43 -185.07 -0.90 0.98 -0.92 0.18 0.15 0.17 0.31
20.00 16.30 223.17 -187.19 -40.85 0.58 0.49 -0.85 0.59 0.21 0.59 0.91
18.00 2.73 -309.14 -667.81 -243.25 -0.38 0.98 -0.88 0.38 0.39 0.26 0.27
10.00 6.36 -335.43 -162.25 -401.69 -0.04 -0.88 0.54 0.67 0.88 0.51 0.92
24.00 38.13 -434.47 528.40 -137.82 -0.13 0.77 -0.87 0.17 0.41 0.28 0.92
20.00 56.27 -480.73 -227.96 521.31 -0.47 0.26 0.32 0.65 0.32 0.73 0.72
8.00 6.35 -441.65 242.29 -529.02 -0.84 0.69 0.36 0.15 0.23 0.16 0.30
11.00 17.36 61.88 343.60 485.80 0.43 0.85 0.39 0.69 0.70 0.91 0.94
8.00 17.68 -557.31 -502.93 63.06 0.20 -0.58 -0.19 0.67 0.26 1.00 0.75
17.00 42.69 -369.27 -627.67 -181.16 -0.38 -0.28 -0.98 0.62 0.39 0.14 0.93
15.00 31.59 718.94 -248.24 -43.39 -0.63 -0.59 0.36 0.01 0.75 0.39 0.83
16.00 32.18 -401.04 -308.56 -541.27 0.69 -0.04 -0.34 0.69 0.53 0.23 0.03
27.00 15.81 -377.41 -63.62 -421.11 -0.25 -0.20 0.63 0.03 0.97 0.04 0.48
8.00 9.40 526.05 -450.95 164.57 -0.30 -0.50 -0.59 0.01 0.16 0.25 0.18
7.00 1.68 634.31 -296.35 45.49 0.41 0.47 0.18 0.02 1.00 0.74 0.20
5.00 4.61 -415.53 108.86 637.70 -0.16 0.77 -0.08 0.01 0.79 0.46 0.88
16.00 33.62 30.97 -440.48 165.37 -0.27 0.32 0.52 0.93 0.51 0.80 0.04
16.00 21.25 -327.47 271.90 -478.25 0.83 -0.26 0.82 0.31 0.76 0.08 0.40
22.00 109.76 26.29 199.29 -79.73 0.32 -0.40 0.21 0.83 0.44 0.54 0.06
10.00 17.54 -286.72 -231.24 106.39 -0.76 0.80 -0.40 0.07 0.50 0.81 0.98
15.00 27.89 -463.86 536.11 338.56 -0.60 -0.37 0.48 0.03 0.47 0.97 0.54
20.00 41.68 275.88 -151.09 36.97 -0.51 -0.26 0.04 0.16 0.83 0.74 0.15
8.00 8.94 -365.22 570.58 -148.41 -0.24 0.18 0.93 0.22 0.65 0.22 0.29
5.00 0.78 -378.70 507.06 -487.83 0.43 -0.45 0.64 0.68 0.73 0.67 0.46
10.00 18.14 -670.20 230.23 370.63 0.24 0.27 0.61 0.64 0.60 0.28 0.36
14.00 29.97 74.04 300.91 87.83 -0.11 -0.65 0.84 0.96 0.21 0.74 0.88
10.00 18.01 -345.10 477.65 18.26 -0.85 -0.96 0.80 0.93 0.04 0.44 0.86
19.00 44.29 523.99 395.91 251.99 0.31 -0.96 -0.92 0.77 0.94 0.84 0.99
5.00 5.41 -252.37 63.96 338.41 0.34 -0.24 0.56 0.44 0.50 0.53 0.97
36.00 225.18 -518.68 -38.86 -358.42 0.47 0.77 -0.50 0.08 0.50 0.72 0.12
9.00 14.56 251.84 477.14 -159.73 -0.35 -0.84 -0.70 0.12 0.70 0.40 0.61
11.00 31.00 -685.21 -348.47 -89.85 -0.71 0.46 0.57 0.16 0.49 0.98 0.70
10.00 0.20 -462.04 -509.65 65.90 -0.90 -0.94 -0.70 0.32 0.36 0.79 0.12
7.00 9.96 -386.33 -45.71 -302.90 0.50 -0.75 0.46 0.86 0.94 0.18 0.12
15.00 14.56 -190.06 -354.30 -562.52 0.49 0.40 0.69 0.96 0.85 0.78 0.38
28.00 163.59 -240.89 -228.99 -91.15 0.94 0.02 0.90 0.47 0.17 0.46 0.61
9.00 11.63 425.82 -168.81 301.43 0.85 0.29 -0.42 0.58 0.10 0.76 0.87
7.00 2.18 254.99 -737.38 135.66 -0.59 0.80 -0.80 0.64 0.05 0.96 0.53
19.00 1.41 -632.16 338.63 149.01 -0.81 0.91 -0.82 0.97 0.38 0.25 0.27
16.00 69.43 -477.95 67.16 637.27 -0.38 -0.11 0.33 0.59 0.87 0.52 0.13
16.00 60.58 331.29 -139.55 -611.83 0.76 -0.65 0.10 0.51 0.39 0.71 0.12
6.00 7.11 -227.29 -359.97 -568.25 -0.01 -0.81 -0.40 0.69 0.58 0.61 0.28
8.00 1.77 20.02 -492.40 -586.68 -0.72 0.01 -0.78 0.58 0.81 0.24 0.38
6.00 6.21 -91.93 196.04 5.76 -0.66 0.71 0.32 0.98 0.64 0.72 0.66
5.00 5.77 -578.18 199.11 255.84 -0.41 -0.20 -0.48 0.24 0.33 0.32 0.74
10.00 20.22 130.80 613.83 13.47 0.08 -0.20 -0.83 0.52 0.91 0.60 0.98
12.00 5.16 -104.77 -651.04 94.89 0.38 -0.06 -0.54 0.73 0.40 0.27 0.98
11.00 19.89 89.13 449.42 -459.69 -0.64 0.79 -0.51 0.04 0.66 0.01 0.86
7.00 3.19 -19.63 -218.94 -759.35 0.70 0.62 0.48 0.81 0.18 0.40 0.95
15.00 60.73 -111.54 -370.83 401.83 0.78 0.17 -0.95 0.11 0.64 0.94 0.40
10.00 8.35 745.29 -13.89 148.31 0.14 -0.27 -0.63 0.60 0.95 0.23 0.26
8.00 15.00 501.99 419.56 -450.77 -0.27 -0.52 0.02 0.05 0.74 0.50 0.36
14.00 27.70 -127.50 -351.57 49.44 0.52 -0.55 -0.26 0.86 0.87 0.04 0.34
11.00 2.56 -113.91 -178.80 340.36 0.24 0.20 -0.35 0.41 0.16 0.25 0.74
7.00 9.24 369.38 -85.67 607.53 0.35 -0.46 -0.51 0.66 0.50 0.66 0.79
17.00 26.29 118.16 -151.44 -441.97 -0.63 -0.58 0.44 0.49 0.29 0.61 0.26
12.00 2.10 -173.94 -214.91 -655.66 0.66 -0.96 0.44 0.82 0.89 0.85 0.61
5.00 3.26 142.21 -665.51 -41.80 -0.78 -0.81 -0.91 0.29 0.69 0.05 0.01
8.00 7.62 122.75 -408.26 666.33 -0.45 -0.25 0.92 0.08 0.94 0.35 0.15
39.00 318.05 759.10 -199.26 -137.68 0.19 0.09 -0.04 0.42 0.92 0.43 0.29
26.00 45.44 -546.47 -171.63 -405.20 -0.63 -0.60 0.38 0.16 0.16 0.99 0.24
9.00 8.04 -16.78 -757.69 202.82 0.76 0.28 -0.48 0.94 0.04 0.70 0.88
7.00 4.58 162.99 -487.05 -259.73 0.65 -0.05 0.00 0.97 0.76 0.42 0.31
7.00 11.09 16.34 -192.22 153.97 -0.16 -0.39 0.64 0.35 0.09 0.46 0.84
26.00 4.62 458.23 223.83 -200.56 -0.30 -0.45 0.82 0.62 0.30 0.55 0.78
26.00 175.27 -60.19 -113.42 -529.82 0.55 0.71 0.27 0.48 0.04 0.75 0.73
10.00 18.46 175.60 162.17 169.47 -0.35 -0.07 -0.69 0.40 0.73 0.09 0.71
33.00 291.17 148.41 -563.26 -541.66 -0.02 0.58 0.15 0.07 0.21 0.45 0.84
18.00 16.14 -163.05 -479.54 234.20 -0.39 0.60 -0.39 0.31 0.97 0.81 0.80
23.00 14.42 -352.29 -222.90 -46.24 0.15 -0.55 0.88 0.91 0.64 0.41 0.76
17.00 40.26 -98.89 -215.33 -738.46 0.63 -0.12 -0.92 0.63 0.88 0.38 0.17
17.00 36.54 68.66 -706.63 -236.09 0.10 0.86 0.47 0.49 0.44 0.42 0.76
9.00 1.91 -260.38 -285.91 208.85 -0.62 -0.64 0.12 0.32 0.04 0.10 0.36
6.00 6.51 -303.19 405.90 223.76 0.03 0.84 0.41 0.92 0.67 0.58 0.51
11.00 29.08 -51.02 314.11 627.72 0.27 -0.28 0.84 0.92 0.58 0.77 0.10
6.00 10.07 -603.03 -112.14 -249.83 -0.18 0.28 -0.55 0.88 0.71 0.79 0.06
8.00 11.88 -410.74 -379.17 344.86 -0.65 -0.99 0.91 0.46 0.08 0.28 0.88
5.00 1.89 380.49 -34.61 -367.19 0.36 0.43 -0.54 0.67 0.54 0.77 0.33
6.00 5.57 234.69 -449.24 -318.75 0.16 0.96 0.48 0.69 0.31 0.42 0.61
8.00 16.33 482.26 -188.99 -589.26 0.56 0.33 0.82 0.16 0.74 0.76 0.12
12.00 0.44 -54.56 -296.32 208.28 0.18 0.52 -0.59 0.98 0.03 0.99 0.14
8.00 14.94 -730.49 -43.21 234.81 0.42 0.16 0.50 0.20 0.21 0.89 0.64
38.00 133.50 -529.18 -443.93 -300.17 0.16 -0.98 -0.22 0.00 0.73 0.58 0.38
13.00 31.99 -113.65 -617.18 102.24 0.34 -0.17 0.46 0.68 0.67 0.99 0.81
11.00 32.96 -533.18 -319.84 -356.03 -0.18 0.94 -0.72 0.25 0.22 0.79 0.31
6.00 9.97 -262.75 602.43 -144.89 -0.84 0.70 0.23 0.01 0.95 0.89 0.44
5.00 2.45 -315.59 268.44 74.30 0.58 0.87 -0.46 0.49 0.68 0.39 0.62
6.00 6.22 -85.59 33.72 -195.50 -0.49 0.87 -0.75 0.73 0.11 0.21 0.55
8.00 4.78 277.31 163.44 428.07 -0.47 0.17 0.01 0.25 0.75 0.67 0.22
6.00 3.87 -649.14 94.78 429.57 0.54 -0.12 -0.53 0.58 0.49 0.51 0.08
13.00 24.53 140.42 245.27 -719.06 0.57 0.94 0.09 0.09 0.84 0.90 0.32
18.00 77.40 180.17 -112.10 -47.77 0.86 -0.93 0.06 0.16 0.24 0.84 0.39
22.00 71.90 408.00 -474.57 -307.49 -0.79 0.59 0.09 0.06 0.44 0.29 0.81
5.00 0.02 734.68 47.13 -248.03 0.20 -0.82 0.08 0.61 0.79 0.03 0.92
25.00 84.50 4.80 280.67 -209.30 0.08 0.47 0.38 0.86 0.15 0.29 0.93
7.00 3.49 263.11 619.86 -419.15 -0.15 -0.73 -0.53 0.07 0.43 0.23 0.69
30.00 158.03 347.91 283.74 -308.20 0.45 0.13 -0.56 0.62 0.19 0.98 0.84
12.00 33.69 -123.19 339.84 336.16 0.83 -0.08 0.55 0.89 0.84 0.71 1.00
18.00 88.81 120.65 -692.55 -172.24 0.29 0.18 -0.21 0.29 0.28 0.63 0.55
26.00 80.62 -59.14 66.22 51.82 0.10 -0.80 0.47 0.71 0.31 0.42 0.57
5.00 2.13 -402.40 -220.45 -264.32 -0.36 -0.89 -0.78 0.26 0.73 0.01 0.31
15.00 9.52 -336.47 3.52 546.78 -0.51 0.90 0.49 0.35 0.11 0.02 0.18
9.00 17.45 -45.33 -32.43 -236.87 0.55 -0.39 -0.32 0.74 0.95 0.79 0.22
11.00 6.40 -48.83 -439.20 401.43 0.56 -0.81 -0.31 0.33 0.72 0.83 0.89
36.00 217.76 746.29 162.70 -148.51 -0.01 0.18 -0.91 0.95 0.56 0.93 0.64
7.00 4.72 78.73 261.20 430.32 0.63 -0.68 0.62 0.47 0.26 0.05 0.97
17.00 37.62 -199.14 318.94 -133.34 -0.65 -0.59 -0.22 0.20 0.63 0.81 0.85
5.00 0.52 -678.03 172.56 351.83 0.75 -0.09 0.08 0.40 0.83 0.30 0.29
29.00 67.85 219.14 394.59 -54.11 -0.32 -0.57 -0.97 0.83 0.37 0.62 0.35
9.00 21.86 262.96 -702.76 -132.04 0.11 0.46 -0.30 0.38 0.06 0.15 0.68
13.00 49.52 -433.54 398.74 -384.63 0.45 0.04 -0.03 0.03 0.89 0.50 0.27
6.00 6.15 -119.20 68.21 5.65 0.85 0.65 0.67 0.88 0.25 0.51 0.68
5.00 0.16 730.36 193.93 69.92 0.69 -0.61 0.65 0.19 0.79 0.87 0.17
11.00 29.07 -118.28 -615.26 60.13 -0.74 -0.71 0.54 0.81 0.12 0.79 0.99
12.00 22.08 62.83 380.27 -35.09 -0.15 0.75 -0.83 0.28 0.54 0.00 0.59
25.00 179.79 -165.16 -119.10 355.66 0.10 0.36 -0.45 0.87 0.85 0.82 0.02
29.00 77.43 -569.02 -360.24 -423.15 0.61 -0.44 0.35 0.90 0.57 0.76 0.28
39.00 371.95 173.06 562.56 -358.00 -0.40 0.38 0.64 0.92 0.47 0.33 0.13
5.00 5.59 -105.49 95.53 145.15 -0.85 -0.30 0.56 0.22 0.32 0.81 0.32
17.00 3.81 315.43 60.51 472.82 -0.68 -0.41 0.08 0.18 0.65 0.84 0.65
9.00 17.84 -278.25 -253.64 -71.15 -0.99 -0.59 0.58 0.71 0.89 0.89 0.37
8.00 13.24 390.99 -589.51 -260.72 -0.32 0.50 0.46 0.06 0.61 0.22 0.20
10.00 4.61 105.44 -509.20 -458.21 -0.92 0.96 0.96 0.36 0.36 0.82 0.98
9.00 7.87 -538.58 384.46 279.53 0.96 0.36 0.31 0.25 0.03 0.07 0.22
19.00 78.57 341.94 -180.07 399.99 -0.33 -0.33 -0.71 0.24 0.16 0.95 0.29
8.00 11.58 -233.54 -292.41 -190.23 -0.16 0.94 0.36 0.21 0.65 0.37 0.07
18.00 13.39 -734.32 144.03 -95.37 0.80 0.71 -0.84 0.97 0.21 0.46 0.00
5.00 4.30 -108.94 -125.47 -467.46 0.14 -0.72 -0.07 0.65 0.40 0.86 0.04
10.00 18.08 -166.30 -621.10 -445.79 -0.94 -0.67 -0.86 0.81 0.66 0.56 0.46
12.00 16.52 309.68 -126.54 31.81 -0.90 -0.61 -0.80 0.17 0.18 0.02 0.25
13.00 17.22 -23.85 145.60 38.16 0.51 -0.71 0.83 0.97 0.35 0.82 0.11
16.00 53.44 -158.83 646.94 -320.45 0.44 0.30 0.52 0.22 0.67 0.92 0.46
5.00 3.36 271.97 205.15 118.41 -0.99 -0.24 -0.83 0.80 0.47 0.35 0.18
31.00 55.89 -423.85 99.86 -373.84 -0.93 0.27 -0.55 0.81 0.86 0.77 0.62
18.00 86.99 458.88 203.96 -7.61 0.45 0.79 0.09 0.52 0.95 0.75 0.41
27.00 59.66 638.94 114.89 -413.72 -0.74 -0.30 -0.37 0.89 0.04 0.50 0.45
5.00 6.64 89.69 -494.96 -475.47 0.12 0.45 0.26 0.65 0.15 0.63 0.54
8.00 11.38 -70.79 92.66 726.99 -0.24 0.89 -0.78 0.97 0.26 0.33 0.52
5.00 4.37 -89.45 554.56 -497.34 0.80 0.78 -0.74 0.88 0.97 0.11 0.91
11.00 35.87 -436.74 -410.00 -377.24 -0.82 -0.28 -0.79 0.31 0.74 0.74 0.97
5.00 2.77 127.77 -540.25 490.19 0.63 0.72 -0.64 0.95 0.77 0.11 0.42
6.00 3.65 481.91 -3.30 -212.40 0.36 0.31 -0.17 0.28 0.26 0.85 0.64
25.00 103.55 601.09 -177.93 -19.73 0.92 -0.44 0.91 0.68 0.62 0.51 0.75
15.00 15.30 -363.72 -407.03 -64.77 -0.45 -0.15 0.99 0.90 0.97 0.02 0.36
23.00 131.64 -75.95 37.10 -685.39 -0.41 -0.47 0.04 0.32 0.18 0.47 0.94
12.00 4.64 112.07 -26.63 -111.06 -0.03 -0.19 0.72 0.29 0.66 0.74 0.07
31.00 208.34 -443.43 310.58 277.47 -0.49 -0.58 -0.27 0.37 0.95 0.93 0.01
11.00 20.07 369.73 468.32 290.99 -0.70 -0.90 0.64 0.57 0.95 0.83 0.36
36.00 202.83 724.41 20.91 -306.29 0.22 -0.10 -0.64 0.67 0.77 0.37 0.02
25.00 95.16 200.57 -139.44 -294.64 0.68 0.83 -0.44 0.84 0.46 0.65 0.41
15.00 5.08 203.20 159.11 190.97 0.02 -0.56 -0.12 0.92 0.49 0.01 0.51
17.00 55.71 -322.24 -481.72 -139.10 0.82 0.39 0.03 0.89 0.79 0.50 0.51
7.00 10.03 472.81 111.52 496.37 -0.01 -0.41 0.23 0.90 0.66 0.34 0.78
6.00 6.82 109.85 634.08 228.38 0.61 0.26 -0.07 0.55 0.77 0.51 0.76
15.00 7.98 487.38 -8.03 -493.99 0.52 -0.37 -0.79 0.77 0.22 0.55 0.31
27.00 146.64 168.67 -107.15 -677.37 -0.84 0.18 0.45 0.39 0.08 0.34 0.64
11.00 28.19 -260.21 -123.93 -382.91 0.89 0.70 0.05 0.88 0.42 0.42 0.85
18.00 70.91 -256.80 -123.50 617.28 -0.78 -0.13 0.59 0.15 0.51 0.25 0.21
26.00 75.29 609.98 283.67 -196.01 0.88 0.93 0.05 0.79 0.70 0.63 0.01
15.00 32.13 -36.99 -392.43 -631.19 -0.04 -0.85 0.95 0.98 0.13 0.42 0.34
10.00 26.13 -202.92 25.26 -552.56 -0.27 -0.37 -0.48 0.71 0.39 0.61 0.63
13.00 26.81 214.94 618.26 362.07 -0.07 0.16 0.65 0.25 0.03 0.05 0.52
17.00 71.43 87.49 44.98 -249.62 -0.49 0.71 -0.57 0.12 0.95 0.93 0.45
19.00 42.88 -395.99 -212.81 7.27 0.62 -0.31 -0.49 0.69 0.96 0.80 0.17
16.00 53.50 561.78 -35.70 -567.77 -0.72 -0.15 0.96 0.10 0.62 0.29 0.71
7.00 11.36 593.20 397.93 -35.87 0.23 -0.08 0.82 0.94 0.35 0.34 0.08
9.00 23.72 -243.97 -368.92 556.08 -0.64 0.87 0.99 0.42 0.69 0.93 0.61
7.00 9.63 68.56 189.11 210.89 -0.74 0.98 0.19 0.24 0.00 0.61 0.22
21.00 15.69 290.63 194.46 -404.42 0.98 -0.02 -0.21 0.25 0.61 0.55 0.55
15.00 42.31 -622.76 44.61 -192.54 -0.87 0.11 0.69 0.98 0.94 0.64 0.73
6.00 0.29 289.70 -497.83 511.76 0.81 -0.47 0.54 0.58 0.18 0.88 0.02
10.00 11.86 -32.60 -139.88 347.50 0.17 -0.16 -0.28 0.09 0.07 0.98 0.11
10.00 7.57 -202.52 -223.29 -676.85 -0.63 -0.02 -0.89 0.70 0.72 0.31 0.72
9.00 14.55 -535.06 423.21 -220.35 -0.19 0.25 -0.29 0.47 0.39 0.55 0.59
7.00 8.52 -44.55 -640.48 277.53 -0.23 0.56 -0.83 0.65 0.98 0.49 0.17
13.00 3.26 -325.30 231.87 537.12 -0.02 -0.22 0.61 0.72 0.20 0.14 0.09
9.00 6.73 621.44 -152.44 2.84 -0.42 -0.29 0.14 0.05 0.01 0.55 0.06
14.00 31.83 -396.63 378.71 69.36 -0.95 0.44 -0.86 0.73 0.08 0.47 0.69
13.00 45.07 -534.32 519.60 -8.35 0.51 -0.65 -0.58 0.80 0.53 0.12 0.14
17.00 30.53 153.32 168.85 -341.42 -0.58 -0.08 0.56 0.89 0.52 1.00 0.59
17.00 64.54 -15.69 -267.21 342.46 0.26 0.66 0.25 0.83 0.45 0.56 0.20
16.00 10.95 23.17 -522.89 -146.15 -0.37 -0.80 0.15 0.90 0.83 0.37 0.14
8.00 3.02 116.52 773.97 119.85 -0.87 -0.04 0.16 0.02 0.17 0.01 0.55
6.00 6.05 -88.42 -288.46 -527.57 -0.34 -0.54 0.20 0.91 0.59 0.11 0.83
19.00 63.01 75.28 -183.18 597.50 -0.58 0.27 0.08 0.65 0.28 0.49 0.65
29.00 12.59 -432.80 487.84 -308.81 0.88 0.72 0.43 0.46 0.16 0.75 0.80
13.00 14.91 -293.76 40.74 176.53 0.63 0.20 0.78 0.01 0.65 0.49 0.03
7.00 10.45 -582.18 450.17 -144.02 -0.05 -0.11 -0.86 0.68 0.68 0.75 0.73
8.00 9.93 319.47 183.60 -67.94 0.55 -0.48 0.97 0.31 0.71 0.63 0.54
8.00 0.45 460.86 542.92 -312.05 0.19 0.65 -0.23 0.30 0.87 0.38 0.37
13.00 12.80 619.53 -349.71 -363.48 -0.11 -0.95 -0.26 0.30 0.64 0.45 0.01
7.00 11.27 497.10 -266.57 -239.98 -0.70 -0.49 -0.09 0.87 0.67 0.07 0.21
11.00 25.64 188.71 -0.13 644.07 0.90 0.50 -0.72 0.82 0.27 0.13 0.03
15.00 61.47 -423.18 71.48 -94.07 0.50 -0.64 0.71 0.70 0.71 0.14 0.79
22.00 76.91 495.74 582.07 -167.88 -0.32 0.77 0.66 0.59 0.65 0.19 0.44
7.00 9.72 -722.88 180.18 -17.25 0.58 0.66 0.68 0.25 0.94 0.93 0.58
13.00 33.26 -291.73 237.29 -151.65 -0.69 -0.28 -0.54 0.35 0.83 0.03 0.90
8.00 17.66 -85.69 684.00 -134.14 0.66 0.40 0.29 0.94 0.73 0.46 0.67
6.00 2.82 24.49 277.93 94.06 0.50 0.98 -0.93 0.23 0.53 0.58 0.94
15.00 62.18 -51.52 -641.40 -41.04 0.40 0.90 -0.82 0.72 0.21 0.79 0.68
21.00 89.44 -703.14 160.78 153.05 0.61 0.84 -0.77 0.60 0.68 1.00 0.53
9.00 14.81 491.49 -94.90 -564.84 -0.66 -0.93 0.01 0.99 0.20 0.43 0.06
7.00 2.78 389.64 253.03 -19.71 0.53 -1.00 -0.96 0.87 0.41 0.56 0.33
8.00 17.44 -472.58 -51.80 -336.97 0.68 0.17 -0.32 0.65 0.59 0.46 0.15
5.00 7.00 -308.34 576.51 -370.21 0.06 0.83 -0.23 0.30 0.68 0.37 0.05
7.00 10.95 -227.90 357.73 -246.60 0.80 0.55 -0.16 0.27 0.18 0.01 0.74
12.00 16.87 -526.07 -294.73 91.85 -0.79 0.58 -0.15 0.87 0.20 0.45 0.23
14.00 51.56 45.67 119.64 -687.17 -0.17 0.19 0.28 0.14 0.05 0.38 0.27
37.00 40.95 61.01 574.29 547.87 -0.83 -0.55 0.11 0.85 0.67 0.23 0.29
14.00 41.85 37.55 635.52 -484.28 0.60 -0.27 0.68 0.78 0.43 0.64 0.14
14.00 36.56 258.86 419.05 13.46 0.14 -0.96 -0.63 0.15 0.96 0.06 0.97
10.00 5.73 642.76 62.80 -152.37 0.53 0.97 -0.81 0.79 0.20 0.71 0.05
8.00 15.41 183.15 -654.09 -24.73 0.99 -0.20 0.79 0.70 0.24 0.01 0.30
20.00 87.17 -317.05 530.84 35.77 -0.63 0.88 0.62 0.78 0.20 0.52 0.76
7.00 8.78 -145.71 -382.22 -675.48 0.93 0.61 0.38 0.75 0.45 0.10 0.18
18.00 71.00 -232.04 189.88 290.93 0.81 -0.24 0.61 0.43 0.69 0.44 0.55
13.00 15.53 210.36 -98.15 703.81 0.50 0.65 0.62 0.46 0.42 0.38 0.42
7.00 1.74 277.15 106.92 255.54 0.23 -0.46 0.63 0.69 0.46 0.75 0.15
6.00 8.85 -465.62 328.97 424.87 -0.39 -0.62 0.53 0.07 0.84 0.56 0.69
10.00 9.19 73.82 -12.97 496.24 -0.83 -0.98 -0.19 0.50 0.47 0.24 0.87
8.00 0.19 398.87 300.12 559.76 -0.71 -0.82 -0.30 0.42 0.05 0.58 0.34
31.00 271.99 -369.08 361.60 512.77 0.31 0.61 0.31 0.22 0.77 0.43 0.04
37.00 29.25 60.01 -91.12 345.76 0.27 0.20 -0.87 0.42 0.51 0.65 0.32
16.00 74.81 -194.87 201.49 -697.55 0.37 -0.32 0.18 0.83 0.52 0.35 0.61
6.00 6.57 181.87 676.09 -144.20 -0.50 -0.48 0.21 0.02 0.66 0.40 0.57
17.00 36.67 -124.81 115.39 -726.97 -0.05 0.44 -0.64 0.91 0.47 0.04 0.32
8.00 9.12 0.17 -136.54 657.94 0.73 0.46 0.86 0.81 0.76 0.86 0.64
16.00 17.96 32.90 322.35 -730.26 -0.77 -0.67 0.25 0.12 0.56 0.87 0.55
16.00 41.17 221.57 -309.29 323.14 0.39 -0.28 0.87 0.57 0.47 0.73 0.67
19.00 36.79 62.65 -316.67 588.85 -0.13 -0.19 -0.55 0.18 0.50 0.29 0.97
11.00 0.82 -215.63 616.66 320.46 0.94 -0.96 -0.65 0.77 0.58 0.89 0.37
5.00 3.31 -100.92 608.03 294.33 0.78 0.71 0.84 0.71 0.72 0.44 0.04
7.00 1.24 -621.68 -49.73 -402.78 -0.68 0.41 -0.80 0.97 0.84 0.73 0.41
10.00 1.87 -642.94 -40.46 -39.77 0.66 0.31 -0.65 0.16 0.21 0.47 0.47
21.00 27.27 360.96 -11.20 504.38 0.11 0.62 -0.50 0.14 0.98 0.00 0.90
17.00 52.45 -277.49 -162.36 643.45 -0.37 0.65 0.22 0.04 0.68 0.31 0.33
8.00 17.03 -361.65 -407.03 551.88 0.25 0.06 0.39 0.68 0.32 0.51 0.92
38.00 214.97 -425.18 -67.69 539.78 -0.20 0.12 0.28 0.62 0.23 0.32 0.26
12.00 41.85 -609.51 164.83 454.35 0.11 0.59 -0.51 0.96 0.56 0.12 0.34
11.00 33.58 637.34 25.32 181.23 0.47 -0.72 -0.58 0.37 0.59 0.73 0.84
15.00 34.38 -1.77 367.22 -148.72 -0.81 -0.30 -0.16 0.95 0.78 0.56 0.82
5.00 2.03 -16.92 108.65 -230.35 -0.98 -0.44 1.00 0.61 0.54 0.74 0.81
9.00 23.53 249.10 -576.16 245.15 -0.35 0.38 0.43 0.95 0.76 0.53 0.46
8.00 15.00 -677.45 308.49 -75.93 -0.56 0.03 0.33 0.28 0.26 0.17 0.80
10.00 12.22 -266.25 57.75 -684.67 -0.26 0.93 -0.26 0.27 0.51 0.39 0.36
38.00 211.72 447.24 -151.43 -318.44 -0.88 0.63 -0.09 0.41 0.22 0.41 0.63
20.00 50.19 428.06 514.06 269.88 -0.25 -0.44 0.46 0.93 0.09 0.03 0.26
9.00 8.99 465.94 17.46 -111.08 0.01 -0.40 -0.74 0.68 0.29 0.71 0.81
9.00 14.39 475.10 167.88 322.89 -0.52 0.90 -0.84 0.48 0.30 0.44 0.81
15.00 20.58 84.35 494.64 162.49 -0.07 0.38 0.05 0.88 0.71 0.63 0.49
15.00 65.98 -319.45 -280.12 60.54 -0.58 0.46 0.60 0.38 0.99 0.71 0.97
29.00 17.67 404.39 -342.92 -79.11 -0.66 0.45 0.15 0.73 0.37 0.77 0.56
11.00 16.68 -563.96 74.90 55.70 0.94 0.87 0.28 0.64 0.91 0.87 0.51
25.00 48.84 -233.54 -7.14 616.41 0.17 0.85 0.56 0.22 0.73 1.00 0.54
16.00 18.34 238.67 -609.10 39.55 0.78 -0.55 0.01 0.64 0.46 0.77 0.07
9.00 15.04 -215.19 179.55 268.69 -0.66 -0.70 0.52 0.43 0.62 0.41 0.19
9.00 9.24 485.04 241.90 -445.16 0.30 -0.75 -0.91 0.67 0.53 0.92 0.52
14.00 40.14 -504.52 -181.02 -98.88 -0.54 0.86 0.80 0.37 0.05 0.06 0.62
9.00 5.87 -147.85 -739.64 -0.53 0.44 -0.05 -0.05 0.22 0.33 0.26 0.79
21.00 21.00 543.91 89.72 -149.61 -0.93 -0.84 -0.18 0.24 0.27 0.48 0.55
7.00 9.79 -538.23 -489.70 143.38 -0.49 0.37 -0.93 0.86 0.81 0.11 0.53
11.00 15.40 -100.46 391.33 187.66 0.84 0.95 0.81 0.02 0.44 0.76 0.08
9.00 14.54 406.73 -99.53 -333.42 -0.09 0.46 -0.35 0.02 0.66 0.36 0.77
7.00 10.63 -110.72 -656.49 179.77 -0.24 -0.70 0.49 0.97 0.16 0.45 0.62
16.00 34.85 -398.19 -228.75 -394.60 -0.70 -0.45 0.21 0.34 0.61 0.12 0.07
14.00 45.27 394.02 -11.67 -253.10 -0.72 0.53 0.98 0.98 0.78 0.53 0.04
5.00 5.43 -488.79 -194.07 -596.13 0.97 -0.70 0.42 0.89 0.45 0.17 0.35
10.00 26.21 -197.97 -123.38 -355.60 0.94 -0.01 -0.28 0.31 0.05 0.07 0.11
23.00 130.64 104.10 151.18 -217.47 -0.27 -0.95 0.66 0.61 0.58 0.58 0.75
15.00 14.61 -130.95 -607.68 -429.44 0.95 -0.94 -0.77 0.13 0.42 0.49 0.91
7.00 4.34 462.66 -536.76 -278.57 -0.29 0.83 -0.75 0.90 0.87 0.15 0.41
12.00 19.93 -285.60 -238.33 230.02 0.40 0.68 -0.23 0.46 0.39 0.82 0.54
8.00 14.36 -293.15 54.60 624.71 -0.62 -0.66 -0.42 0.23 0.54 0.96 0.16
6.00 6.17 275.67 -469.64 257.53 -0.71 -0.99 -0.40 0.55 0.60 0.80 0.24
16.00 61.09 -277.79 -691.01 -271.18 -0.98 0.54 0.92 0.51 0.34 0.15 0.70
8.00 7.38 -45.78 -548.81 -422.50 0.94 0.32 -0.41 0.15 0.75 0.51 0.52
16.00 70.19 -42.14 765.31 -25.41 0.20 -0.76 -0.45 0.68 0.15 0.42 0.76
5.00 1.62 -369.25 271.09 -355.59 0.95 0.05 -0.19 0.01 0.49 0.69 0.21
36.00 252.64 -208.51 137.74 -82.58 -0.20 -0.51 -0.26 0.44 0.63 0.39 0.61
11.00 13.25 -571.73 170.70 38.25 0.10 0.99 -0.79 0.34 0.58 0.94 0.92
12.00 7.12 555.60 133.70 -176.93 0.69 0.24 -0.11 0.14 0.07 0.29 0.31
5.00 7.02 123.61 310.72 143.84 -0.03 0.07 -0.33 0.06 0.84 0.81 0.07
7.00 8.03 243.10 150.81 143.80 0.74 -0.45 0.32 0.22 0.55 0.13 0.19
8.00 12.96 658.45 355.67 -198.08 0.20 -0.80 -0.71 0.86 1.00 0.05 0.52
9.00 12.90 -389.97 75.75 1.75 0.36 -0.89 0.92 0.61 0.76 0.61 0.21
31.00 106.06 -232.04 571.03 -191.10 0.80 0.63 0.39 0.41 0.39 0.71 0.16
7.00 9.04 -244.40 602.51 -28.94 0.74 0.82 0.65 0.67 0.94 0.70 0.97
17.00 12.84 190.02 273.48 -8.70 0.87 -0.29 -0.67 0.31 0.42 0.73 0.32
20.00 42.44 -403.63 -146.03 213.19 -0.13 0.96 -0.45 0.24 0.14 0.44 0.37
13.00 25.54 -322.94 216.46 -255.06 -0.77 0.58 0.69 0.13 0.01 0.96 0.90
10.00 21.38 421.71 106.23 262.07 0.49 -0.90 -0.34 0.91 0.68 0.99 0.55
7.00 12.38 -180.90 192.70 -753.08 -0.51 0.44 0.52 0.29 0.34 0.51 0.71
7.00 9.36 -391.97 -165.10 449.84 0.73 -0.10 0.58 0.88 0.63 0.68 0.44
13.00 26.22 516.91 -388.08 -453.42 -0.56 -0.67 -1.00 0.69 0.49 0.18 0.74
10.00 24.11 656.13 -211.15 113.36 0.32 0.75 0.88 0.69 0.53 0.14 0.80
6.00 9.30 -126.62 -217.18 -580.89 -0.93 0.70 0.39 0.07 0.15 0.48 0.86
14.00 31.63 249.70 -79.15 -500.52 -0.76 0.73 0.41 0.18 0.23 0.16 0.76
5.00 4.56 -396.16 112.70 48.37 -0.40 -0.17 0.05 0.89 0.53 0.02 0.77
34.00 279.87 -276.04 625.75 -65.32 -0.48 -0.60 -0.07 0.69 0.65 0.34 0.56
14.00 37.82 -199.16 125.45 -236.82 0.54 0.91 -0.17 0.41 0.34 0.38 0.84
14.00 51.92 434.44 -319.25 -52.42 0.23 -0.05 -0.93 0.44 0.29 0.86 0.44
9.00 12.76 158.03 546.85 520.94 0.91 0.69 0.71 0.27 0.57 0.45 0.31
27.00 2.15 13.90 730.47 231.17 -0.08 -0.83 0.82 0.32 0.32 0.03 0.47
10.00 24.18 -369.71 506.03 -245.48 -0.88 -0.09 0.88 0.28 0.92 0.36 0.59
12.00 22.12 166.55 483.97 608.51 -0.86 -0.64 0.18 0.63 0.68 0.97 0.52
17.00 22.86 372.84 -102.84 519.83 -0.66 -0.57 0.94 0.43 0.86 0.37 0.09
38.00 427.92 -545.15 452.03 -337.07 0.19 -0.31 0.70 0.12 0.39 0.57 0.74
11.00 0.06 348.90 273.12 -377.30 0.75 -0.14 0.05 0.55 0.00 0.30 0.87
7.00 12.67 6.16 -154.50 513.70 -0.70 0.11 0.02 0.93 0.02 0.84 0.12
17.00 74.63 65.84 202.54 -742.49 -0.81 -0.62 0.07 0.44 0.55 0.76 0.24
13.00 44.69 57.31 -156.45 -525.84 0.42 0.83 -0.47 0.08 0.73 0.81 0.51
17.00 14.04 -416.35 152.15 447.79 -0.07 -0.78 -0.90 0.84 0.20 0.22 0.25
11.00 23.74 -211.81 342.82 687.69 -0.25 0.28 -0.17 0.04 0.30 0.73 0.46
10.00 14.32 34.82 502.50 -519.53 -0.95 -0.53 0.60 0.86 0.18 0.22 0.22
24.00 100.05 75.61 153.20 -315.53 0.51 0.41 0.54 0.85 0.91 0.52 0.30
8.00 12.84 -404.74 -381.70 -381.99 0.75 0.91 0.07 0.39 0.77 0.89 0.19
10.00 13.93 87.39 412.06 206.84 0.99 0.05 -0.06 0.66 0.10 0.58 0.61
11.00 15.29 -260.06 -223.36 17.61 0.91 -0.27 -0.73 0.14 0.37 0.10 0.84
8.00 17.07 -562.14 164.48 506.17 -0.61 -0.97 -0.74 0.56 0.69 0.72 0.57
19.00 51.97 -12.04 119.78 779.65 -0.51 -0.63 0.67 0.69 0.08 0.77 0.09
24.00 124.53 184.87 391.54 -282.67 0.57 0.44 0.39 0.03 0.07 0.70 0.87
19.00 15.37 124.67 -154.18 164.81 -0.04 -0.95 -0.89 0.43 0.73 0.87 0.07
6.00 2.44 -413.40 58.54 -465.93 -0.81 0.20 -0.31 0.07 0.40 0.95 0.06
24.00 59.98 -357.33 -374.88 -356.55 0.46 0.75 0.63 0.77 0.54 0.94 0.42
7.00 2.80 -558.49 63.13 370.49 -0.66 0.45 0.88 0.85 0.43 0.52 0.35
6.00 5.16 -377.42 218.47 -386.25 -0.46 0.57 0.33 0.22 0.22 0.55 0.18
17.00 40.72 -587.88 -195.99 -50.62 0.85 0.96 -0.13 0.68 0.91 0.83 0.69
7.00 5.62 -438.12 487.80 233.69 0.61 -0.95 -0.94 0.91 0.64 0.60 0.01
11.00 22.92 353.29 530.75 -357.22 0.46 0.84 -0.12 0.24 0.15 0.54 0.49
9.00 9.25 271.33 -313.02 325.35 -0.05 -0.88 -0.80 0.95 0.65 0.59 0.78
10.00 11.09 125.97 -569.10 341.29 -0.17 0.16 -0.04 0.21 0.29 0.41 0.28
5.00 2.17 -433.14 -159.96 -448.49 -0.29 0.86 0.37 0.43 0.62 0.27 0.91
8.00 0.81 -336.12 243.43 -528.95 -0.84 -0.46 -0.21 0.12 0.25 0.62 0.26
9.00 11.46 -234.49 -279.87 270.42 -0.65 -0.45 -0.15 0.69 0.60 0.86 0.07
8.00 6.01 -46.29 -409.49 -520.38 0.32 -0.25 0.39 0.59 0.28 0.28 0.41
11.00 8.79 -496.50 -460.04 -64.33 0.25 -0.56 0.43 0.73 0.83 0.62 0.24
11.00 18.47 191.69 -219.01 -72.14 0.18 -0.05 0.69 0.89 0.60 0.94 0.93
19.00 77.29 -94.71 161.09 73.30 0.04 -0.42 -0.61 1.00 0.15 0.06 0.41
16.00 15.55 115.65 -61.81 537.68 0.72 0.49 0.11 0.32 0.16 0.26 0.87
7.00 8.21 -356.11 -401.67 -391.98 -0.38 0.22 -0.35 0.52 0.26 0.76 0.12
6.00 1.57 -175.24 -348.67 -274.82 -0.01 -0.19 0.92 0.58 0.69 0.14 0.18
17.00 5.25 -271.55 281.32 -16.97 0.47 -0.74 0.68 0.49 0.68 0.59 0.07
21.00 29.30 67.59 -390.95 -70.00 -0.35 -0.21 -0.66 0.58 0.05 0.97 0.63
5.00 3.38 502.23 189.01 94.93 -0.82 -0.67 -0.97 0.43 1.00 0.98 0.68
7.00 1.00 569.12 510.71 186.05 0.34 -0.55 -0.62 0.95 0.02 0.83 0.45
8.00 8.62 235.79 -1.74 -67.77 -0.83 0.90 0.85 0.70 0.80 0.98 0.93
21.00 11.71 -494.31 287.19 -339.45 -0.80 -0.42 -0.08 0.50 0.25 0.66 0.79
5.00 4.03 217.64 -316.27 632.11 0.24 0.14 -0.08 0.67 0.58 0.16 0.40
14.00 13.04 26.32 562.84 198.88 -0.85 0.09 -0.65 0.43 0.36 0.85 0.61
11.00 0.03 511.51 -26.46 -166.80 0.56 -0.10 -0.77 0.99 0.67 0.87 0.94
20.00 43.79 304.84 -412.83 576.60 0.16 0.79 0.90 0.80 0.47 0.82 0.59
31.00 144.29 -759.89 77.29 -121.31 0.95 0.80 -0.02 0.38 0.32 0.25 0.82
7.00 13.57 402.91 454.74 7.12 -0.18 -0.68 -0.87 0.61 0.98 0.38 0.31
8.00 15.73 157.46 -75.10 -65.55 -0.60 0.62 0.90 0.48 0.96 0.50 0.52
13.00 15.26 -218.15 -11.01 -664.63 -0.15 -0.49 1.00 0.88 0.39 0.80 0.67
34.00 320.23 549.51 215.43 51.03 -0.92 -0.21 -0.95 0.54 0.82 0.92 0.79
30.00 234.72 -140.33 612.24 312.12 -0.91 -0.68 0.25 0.80 0.96 0.72 0.91
16.00 55.23 -163.04 -202.35 -103.93 -0.37 -0.15 0.96 0.92 0.33 0.76 0.48
15.00 53.51 -361.90 -436.48 267.34 -0.06 -0.57 -0.88 0.39 0.32 0.40 0.51
6.00 6.86 -281.25 412.46 -528.53 -0.50 0.42 0.49 0.98 0.94 0.50 0.66
28.00 204.54 326.71 368.01 541.60 -0.09 0.63 0.14 0.78 0.07 0.24 0.82
7.00 12.42 3.61 -634.14 -215.92 -0.03 -0.66 -0.28 0.21 0.23 0.65 0.85
10.00 18.75 36.51 239.49 380.95 0.06 -0.50 0.16 0.40 0.99 0.04 0.97
31.00 13.80 25.80 372.38 456.55 0.80 0.20 -0.02 0.02 0.80 0.01 0.50
10.00 0.61 -182.19 294.96 -284.09 -0.45 0.25 -0.54 0.62 0.88 0.16 0.52
19.00 106.34 -152.81 454.20 188.98 -0.17 0.06 -0.53 0.02 0.95 0.35 0.58
12.00 34.37 507.76 -12.15 -369.52 -0.34 -0.77 0.51 0.03 0.48 0.19 0.54
9.00 23.33 -406.00 392.03 336.05 0.36 0.42 0.69 0.11 0.71 0.51 0.72
7.00 2.47 -543.67 54.72 -41.88 0.55 -0.16 -0.71 0.69 0.49 0.05 0.54
8.00 18.93 -409.66 126.30 374.23 0.78 0.54 0.83 0.94 0.53 0.51 0.89
7.00 8.34 100.88 -81.49 687.94 -0.87 -0.69 -0.29 0.61 0.33 0.65 0.14
16.00 7.21 712.31 -61.37 267.18 0.98 0.88 0.52 0.70 0.23 0.37 0.27
23.00 48.82 -414.59 -676.59 -57.69 -0.87 0.21 0.00 0.08 0.00 0.83 0.89
15.00 39.49 -565.25 138.36 -529.45 -0.77 0.66 -0.35 0.89 0.39 0.13 0.69
5.00 0.50 -570.77 344.21 -322.50 0.54 0.65 -0.84 0.11 0.16 0.25 0.36
5.00 1.09 326.75 141.11 -397.69 0.23 -0.07 -0.60 0.15 0.01 0.93 0.23
5.00 5.46 37.37 -345.47 483.66 0.15 0.23 0.27 0.43 0.59 0.93 0.79
8.00 2.07 -526.18 -80.22 -24.52 -0.48 0.44 -0.46 0.31 0.19 0.01 0.38
5.00 2.15 -441.83 -63.47 110.24 0.82 -0.80 0.95 0.33 0.46 0.55 0.33
16.00 41.34 305.49 337.95 -477.48 -0.09 0.13 -0.75 0.74 0.45 0.40 0.43
5.00 3.79 545.60 -355.12 -312.24 0.94 -0.63 0.37 0.16 0.57 0.53 0.87
12.00 41.89 -609.70 339.93 184.27 0.27 -0.00 0.13 0.28 0.67 0.03 0.50
33.00 152.32 384.56 -153.52 -486.36 -0.86 0.90 -0.57 0.94 0.91 0.16 0.10
36.00 36.10 366.87 245.10 -420.79 0.78 0.49 -0.30 0.20 0.96 0.11 0.30
24.00 56.90 -439.47 -10.91 -60.92 0.23 -0.39 -0.41 0.14 0.33 0.21 0.05
19.00 33.46 -297.36 75.28 -346.49 -0.78 0.38 -0.34 0.65 0.60 0.93 0.65
6.00 0.88 114.53 363.65 -299.44 0.90 -0.45 0.38 0.45 0.85 0.80 0.38
32.00 28.90 -114.28 6.35 778.22 0.37 -0.05 0.14 0.42 0.39 0.64 0.72
12.00 33.96 249.36 610.65 3.45 0.47 0.98 -0.02 0.99 0.80 0.17 0.80
9.00 17.14 162.39 103.97 -122.41 0.79 0.63 0.97 0.99 0.83 0.39 0.24
20.00 28.36 -22.22 -587.29 -530.61 -0.50 0.55 -0.94 0.38 0.95 0.18 0.69
5.00 6.33 25.61 533.95 131.96 0.04 0.87 -0.48 1.00 0.98 0.58 0.86
6.00 8.98 144.05 -576.88 273.17 -0.54 0.89 0.60 0.15 0.10 0.86 0.32
30.00 95.85 640.62 161.89 108.60 -0.33 -0.96 -0.23 0.02 0.57 0.40 0.22
10.00 17.80 219.68 -252.70 -294.08 0.59 -0.16 0.56 0.38 0.51 0.82 0.78
7.00 9.98 279.21 -436.14 108.23 0.58 -0.77 -0.41 0.38 0.53 0.95 0.82
18.00 25.45 -600.16 196.16 -21.22 -0.15 0.80 0.86 0.20 0.14 0.08 0.57
14.00 9.57 -603.72 -172.20 -376.51 -0.41 0.66 -0.01 0.96 0.55 0.83 0.68
9.00 10.67 -456.73 -21.59 475.80 -0.55 -0.65 -0.07 0.96 0.58 0.46 0.29
9.00 3.07 304.36 -229.12 -418.68 0.05 -0.56 -0.91 0.54 0.81 0.98 0.02
8.00 0.13 333.59 -253.99 -278.38 -0.78 0.31 0.17 0.96 0.44 0.03 0.61
12.00 24.98 -253.99 169.74 -27.29 -0.58 0.79 -0.39 0.89 0.53 0.73 0.13
7.00 3.25 -515.97 264.68 192.39 -0.33 -0.91 0.03 0.21 0.76 0.86 0.77
27.00 86.87 96.53 405.77 -397.99 0.19 0.27 0.85 0.04 0.48 0.44 0.02
6.00 8.01 -438.73 -397.04 513.51 -0.42 0.21 0.39 0.01 0.19 0.24 0.05
8.00 4.71 535.77 -546.99 -153.44 0.50 0.10 0.02 0.41 0.85 0.54 0.04
22.00 139.31 -76.31 -92.64 -35.50 0.23 0.61 0.63 0.81 0.81 0.58 0.35
30.00 236.98 253.09 -132.35 -500.16 -0.70 0.83 0.45 0.51 0.08 1.00 0.77
5.00 1.42 79.04 567.89 324.23 0.48 -0.48 0.42 0.12 0.88 0.99 0.59
10.00 5.50 503.02 230.15 -73.11 -0.83 0.31 0.84 0.83 0.98 0.44 0.81
11.00 14.86 415.69 -401.33 -231.88 0.31 0.15 0.38 0.41 0.54 0.54 0.20
9.00 19.72 505.92 345.80 371.35 0.85 -0.48 -0.70 0.99 0.65 0.39 0.92
21.00 108.31 -351.80 -287.03 191.25 0.49 0.92 0.74 0.22 0.42 0.67 0.75
6.00 6.36 -683.26 -309.76 -24.67 0.67 0.54 0.89 0.30 0.29 0.10 0.94
6.00 4.83 22.90 -40.92 -621.99 -0.45 -0.99 -0.36 0.28 0.82 0.27 0.91
8.00 3.47 527.32 219.34 -380.25 0.66 0.11 0.01 1.00 0.67 0.89 0.58
28.00 22.14 -159.32 -440.75 -377.48 0.59 0.36 -0.14 0.74 0.68 0.91 0.54
5.00 0.28 451.00 -47.58 -381.70 0.25 0.49 0.93 0.07 0.07 0.35 0.37
17.00 37.30 435.32 510.01 -26.02 -0.36 0.79 -0.73 0.32 0.78 0.86 0.18
16.00 17.36 -143.04 149.11 690.10 0.97 0.19 -0.54 0.54 0.19 0.55 0.92
9.00 8.94 -420.22 -173.11 297.86 -0.30 0.58 -0.55 0.19 0.05 0.61 0.41
16.00 45.93 -362.32 558.19 90.42 0.12 -0.22 0.97 0.56 0.35 0.31 0.46
14.00 22.49 -228.96 119.33 -753.07 -0.46 0.18 0.12 0.70 0.44 0.47 0.93
21.00 13.61 247.81 490.94 -293.30 0.15 0.37 0.31 0.06 0.55 0.66 0.23
10.00 18.51 -498.88 180.36 342.88 0.28 0.39 0.58 0.73 0.62 0.66 0.92
10.00 23.64 -433.30 16.47 493.63 0.35 -0.04 0.02 0.79 0.80 0.69 0.03
15.00 0.33 290.94 91.01 637.95 -0.59 0.41 -0.21 0.47 0.10 0.84 0.19
12.00 17.08 -225.96 431.63 -210.10 0.86 0.50 -0.99 0.75 0.18 0.42 0.71
12.00 40.28 -267.51 -233.83 -502.79 -0.98 0.77 0.09 0.19 0.28 0.01 0.01
13.00 6.02 371.98 0.33 629.83 -0.16 -0.39 0.54 0.40 0.51 0.21 0.45
12.00 12.31 222.04 -251.07 -535.98 -0.24 0.18 -0.97 0.64 0.15 0.53 0.62
23.00 19.49 611.10 196.46 -19.46 0.94 -0.45 0.98 0.95 0.96 0.26 0.98
9.00 18.03 37.45 341.13 -309.92 -0.97 0.21 0.01 0.37 0.21 0.65 0.61
25.00 125.25 -8.07 270.14 -147.77 0.35 -0.47 0.58 0.23 0.19 0.49 0.05
5.00 1.97 364.11 546.96 -402.18 0.73 0.33 -0.12 0.90 0.84 0.73 0.48
12.00 14.19 117.17 -380.53 -86.12 -0.51 0.42 0.46 0.51 0.93 0.90 0.71
5.00 3.93 367.32 -233.66 131.65 0.70 0.26 0.32 0.83 0.66 0.96 0.96
22.00 113.22 499.47 34.54 170.35 0.08 0.17 0.14 0.86 0.44 0.86 0.84
19.00 90.62 169.50 173.73 74.79 -0.21 0.07 -0.24 0.86 0.79 0.86 0.54
12.00 6.98 -355.12 -95.49 -540.31 0.98 0.82 0.92 0.65 0.71 0.36 0.23
12.00 27.77 140.42 258.16 -264.67 -0.05 0.16 -0.96 0.10 0.94 0.12 0.16
18.00 16.63 306.51 18.11 690.89 0.77 -0.75 0.76 0.89 0.56 0.20 0.27
29.00 114.90 10.04 -502.26 -391.15 0.17 0.78 0.71 1.00 0.55 0.22 0.36
7.00 6.41 -346.88 -379.22 526.44 0.71 0.23 -0.38 0.83 0.88 0.21 0.62
20.00 8.39 544.29 425.85 139.29 -0.62 -0.21 -0.45 0.94 0.91 0.45 0.41
22.00 10.51 -619.47 -274.48 -82.28 0.82 0.50 -0.06 0.09 0.16 0.66 0.17
14.00 35.25 139.53 762.37 80.41 0.70 0.87 0.99 0.51 0.16 0.79 0.28
13.00 0.40 -155.30 -50.85 -407.54 -0.82 0.95 -0.05 0.61 0.37 0.20 0.74
10.00 20.33 236.57 -212.78 32.74 -0.46 0.05 0.30 0.98 0.06 0.02 0.67
9.00 6.88 -510.93 215.81 54.78 -0.08 -0.52 0.49 0.81 0.84 0.94 0.39
20.00 48.89 133.96 -233.32 48.84 -0.64 0.63 -0.20 0.14 0.30 0.71 0.06
29.00 39.65 412.85 300.94 290.39 0.53 -0.75 0.69 0.77 0.68 0.35 0.37
9.00 16.54 -334.42 -9.76 -343.72 -0.19 -0.25 -0.18 0.52 0.53 0.04 0.09
19.00 51.67 313.62 561.86 -329.82 0.85 0.57 0.21 0.39 0.26 0.96 0.93
20.00 68.73 7.71 -79.45 578.21 0.82 -0.88 -0.01 0.95 0.03 0.46 0.60
10.00 9.74 405.25 -192.87 421.32 -0.96 -0.67 0.68 0.04 0.22 0.24 0.04
16.00 54.85 514.75 221.31 -564.12 -0.22 -0.62 -0.20 0.14 0.38 0.38 0.43
6.00 8.61 -514.13 -399.67 -370.79 -0.51 0.48 -0.07 0.84 0.02 0.07 0.23
6.00 3.76 227.74 431.60 -12.34 0.35 -0.58 0.67 0.37 0.49 0.75 0.84
5.00 3.84 77.69 306.32 408.87 -0.73 0.51 0.79 0.22 0.18 0.04 0.13
22.00 71.43 -396.96 79.28 -497.29 -1.00 0.35 1.00 0.47 0.48 0.04 0.47
33.00 174.31 -673.65 188.63 293.06 -0.10 0.86 0.45 0.98 0.21 0.06 0.42
5.00 6.81 -580.12 -16.68 385.69 0.18 -0.28 -0.30 0.77 0.21 0.77 0.52
7.00 14.09 179.78 381.46 -80.02 0.99 0.12 0.20 0.02 0.79 0.28 0.49
15.00 40.47 -135.41 -699.59 -354.57 0.79 0.94 -0.56 0.42 0.67 0.58 0.17
20.00 62.32 -204.88 19.63 240.07 0.34 -0.28 0.23 0.42 0.37 0.20 0.82
5.00 3.79 -338.54 -164.97 -634.06 0.64 0.42 0.12 0.54 0.34 0.50 0.28
5.00 6.16 283.47 657.91 0.84 -0.44 -0.17 0.26 0.17 0.25 0.24 0.75
12.00 41.59 233.66 -626.94 347.22 -0.93 -0.32 0.69 0.04 0.99 0.00 0.01
13.00 36.56 -437.86 347.22 -368.25 0.51 0.06 0.11 0.64 0.45 0.05 0.34
19.00 60.85 179.44 -44.94 -396.78 0.51 -0.01 0.91 0.39 0.47 0.31 0.40
13.00 43.00 103.26 -72.28 380.47 -0.49 -0.73 -0.88 0.08 0.49 0.93 0.02
15.00 8.76 -346.73 350.68 -50.97 0.53 0.92 -0.32 0.37 0.74 0.29 0.22
12.00 28.87 394.56 419.54 -137.83 -0.90 -0.95 0.86 0.17 0.20 0.25 0.75
12.00 28.47 -130.60 114.12 264.79 -0.68 -0.16 -0.23 0.80 0.77 0.96 0.73
13.00 35.70 343.92 259.36 286.12 0.94 0.65 0.18 0.64 0.37 0.99 0.75
26.00 82.51 18.37 737.11 -45.02 -0.68 -0.09 -0.36 0.39 0.71 0.71 0.86
7.00 3.62 -14.06 82.87 274.93 0.09 0.67 0.24 0.28 0.27 0.63 0.24
11.00 1.27 -316.81 -667.00 -69.35 0.29 0.11 -0.99 0.34 0.98 0.45 0.42
21.00 36.83 43.83 183.18 -470.28 0.25 0.96 -0.93 0.97 0.89 0.72 0.66
7.00 3.98 -38.82 -466.79 -300.22 0.88 -0.99 -0.43 0.35 0.96 0.35 0.81
5.00 0.42 124.16 -42.66 -204.01 -0.22 0.54 -0.36 0.10 0.76 0.08 0.09
20.00 39.20 -609.90 315.58 -295.02 0.68 0.52 -0.77 0.16 0.38 0.68 0.76
6.00 10.20 153.92 -736.97 201.03 0.68 0.20 0.54 0.40 0.58 0.90 0.94
12.00 34.57 263.88 -283.12 18.75 -0.37 0.27 0.20 0.60 0.31 0.39 0.97
39.00 374.03 62.39 -745.87 -93.72 0.53 0.61 -0.14 0.77 0.53 0.72 0.73
9.00 9.08 -392.31 212.44 655.02 0.31 -0.50 -0.51 0.61 0.30 0.43 0.18
11.00 24.00 -167.89 77.52 260.15 -0.14 -0.01 -0.67 0.23 0.18 0.14 0.36
19.00 0.25 -162.11 330.98 -343.03 0.55 0.95 0.36 0.28 0.78 0.92 0.25
14.00 17.59 -463.32 -503.74 382.00 0.93 0.64 -0.36 0.73 0.28 0.60 0.75
22.00 86.58 -404.60 32.38 451.50 -0.61 0.66 0.87 0.58 0.31 0.14 0.42
8.00 18.03 392.10 619.22 289.20 -0.78 -0.67 -0.80 0.59 0.22 0.57 0.88
20.00 3.32 563.45 -473.66 -258.87 -0.27 -0.06 -0.19 0.69 0.83 0.23 0.27
10.00 21.44 134.45 -81.75 740.56 0.09 0.71 -0.50 0.25 0.78 0.72 0.89
9.00 4.30 -439.15 299.41 78.98 -0.90 -0.66 0.18 0.15 0.63 0.01 0.48
7.00 5.99 531.18 459.27 -102.61 0.20 -0.81 0.47 0.48 0.45 0.79 0.42
13.00 8.18 -268.69 152.11 27.55 0.52 -0.99 0.56 0.15 0.98 0.66 0.04
36.00 293.66 -402.13 37.98 187.96 0.99 0.65 -0.76 0.34 0.04 0.90 0.10
13.00 31.85 382.11 514.19 -175.36 0.30 0.09 0.20 0.87 0.32 0.97 0.69
23.00 98.14 -459.53 -374.31 -313.66 0.22 -0.47 -0.43 0.42 0.83 0.72 0.58
6.00 10.04 -436.47 573.85 93.84 -0.47 0.35 0.37 0.52 0.94 0.38 0.18
32.00 213.11 148.31 477.27 314.55 -0.10 0.52 0.87 0.55 0.44 0.58 0.20
13.00 4.30 -54.82 -46.17 -578.16 -0.64 -0.47 -0.60 0.24 0.79 0.81 0.16
11.00 23.97 572.11 2.36 261.19 -0.08 -0.03 0.41 0.12 0.25 0.57 0.59
9.00 3.13 294.40 -726.07 -124.63 -0.97 -0.64 -0.33 0.61 0.09 0.72 0.35
11.00 7.12 422.32 256.74 580.69 -0.29 -0.37 -0.53 0.70 0.06 0.95 0.14
15.00 58.03 -490.32 -292.39 151.21 0.82 0.80 0.79 0.31 0.95 0.80 0.61
14.00 13.35 341.20 -347.16 -456.54 0.89 0.84 0.47 0.19 0.64 0.80 0.32
5.00 5.54 -575.27 -20.56 74.67 0.48 0.81 -0.39 0.10 0.03 0.23 0.55
6.00 1.85 -464.26 207.05 27.28 0.10 -0.18 -0.83 0.30 0.75 0.20 0.92
17.00 66.15 -86.77 381.53 470.90 0.16 0.40 0.40 0.06 0.70 0.26 0.13
39.00 284.60 -68.98 -535.86 285.51 0.49 0.58 -0.63 0.48 0.10 0.24 0.62
11.00 31.49 286.79 -215.79 -101.41 -0.76 0.49 0.06 0.13 0.81 0.11 0.49
11.00 27.16 -563.53 309.81 233.21 -0.62 0.49 0.88 0.47 0.55 0.03 0.71
9.00 4.78 -4.26 -549.96 168.61 0.80 0.22 0.10 0.64 0.27 0.97 0.51
16.00 75.22 -456.06 -136.77 493.99 0.63 -0.28 1.00 0.40 0.98 0.21 0.82
8.00 1.80 689.99 -34.33 -233.53 0.29 0.82 0.02 0.34 0.47 0.91 0.97
8.00 0.56 238.45 -356.45 -273.61 -0.75 -0.02 -0.39 0.56 0.54 0.53 0.49
10.00 13.36 -293.34 -340.74 207.59 -0.28 -0.27 0.38 0.94 0.84 0.63 0.05
16.00 18.29 98.06 698.05 217.29 -0.84 -0.34 -0.38 0.15 0.46 0.52 0.40
10.00 11.67 312.36 -63.87 727.85 -0.39 0.73 0.92 0.14 1.00 0.54 0.95
5.00 2.89 238.84 367.58 367.91 0.75 -0.00 0.11 0.53 0.81 0.08 0.55
36.00 295.01 286.19 90.26 -637.53 -0.64 0.06 -0.75 0.33 0.82 0.72 0.16
6.00 4.47 -655.27 321.02 95.16 0.66 0.37 -0.59 0.24 0.11 0.44 0.31
33.00 122.35 387.65 -353.31 -524.63 -0.71 -0.27 -0.83 0.78 0.80 0.76 0.46
20.00 85.62 22.29 -230.25 695.01 -0.19 0.84 0.46 0.72 0.71 0.77 0.05
35.00 150.04 318.85 115.10 105.01 -0.09 0.88 -0.42 0.86 0.33 0.56 0.60
8.00 13.22 -400.06 306.05 314.34 0.94 0.88 -0.68 1.00 0.53 0.76 0.99
5.00 1.69 -94.49 -282.42 -480.40 -0.94 -0.26 0.77 0.38 0.02 0.40 0.20
8.00 15.46 -182.06 572.01 22.60 -0.44 0.40 0.04 0.56 0.52 0.74 0.40
10.00 4.50 192.66 -633.56 392.69 -0.93 0.05 0.97 0.74 0.13 0.17 0.15
15.00 56.63 -447.98 250.75 310.23 0.84 -0.58 0.71 0.85 0.74 0.17 0.55
18.00 56.21 -100.82 507.31 162.87 -0.33 -0.58 0.45 0.34 0.97 0.01 0.48
5.00 2.82 487.68 -175.88 -325.30 0.23 -0.31 -0.58 0.09 0.24 0.29 0.50
10.00 7.24 -112.67 -670.38 -384.71 -0.95 -0.03 0.79 0.43 0.39 0.08 0.85
5.00 3.28 -121.91 83.95 648.23 -0.36 -0.08 0.66 0.48 0.19 0.70 0.80
5.00 2.22 595.40 361.58 -78.88 -0.78 0.46 -0.01 0.60 0.36 0.71 0.70
8.00 2.80 116.14 139.26 730.52 -0.77 -0.10 0.06 0.39 0.27 0.02 0.11
12.00 18.00 -294.18 -446.72 -160.97 0.27 -0.16 -0.52 0.40 0.02 0.26 0.52
19.00 28.74 403.19 -420.60 472.91 -0.38 -0.42 0.43 0.60 0.07 0.48 0.66
11.00 25.03 -109.86 -652.86 139.99 0.66 -0.70 0.24 0.81 0.05 0.80 0.72
9.00 1.33 -646.40 -220.37 166.55 0.03 -0.74 0.13 1.00 0.80 0.75 0.12
11.00 8.87 589.99 11.59 495.96 -0.34 -0.95 0.75 0.34 0.29 0.40 0.00
8.00 17.07 739.77 -145.14 -106.97 0.68 -0.07 -0.60 0.25 0.95 0.82 0.98
7.00 11.28 355.88 158.61 -206.28 0.70 0.45 0.21 0.68 0.56 0.33 0.25
24.00 23.43 485.05 487.46 -150.85 -0.56 -0.75 0.41 0.83 0.46 0.64 0.47
16.00 51.84 368.65 638.08 279.67 -0.62 -0.71 0.63 0.14 0.06 0.95 0.34
18.00 90.27 -79.46 -15.73 222.26 -0.71 0.48 -0.91 0.46 0.83 0.87 0.10
8.00 11.23 643.76 132.79 -324.74 0.65 0.26 0.68 1.00 0.59 0.51 0.65
11.00 6.87 26.80 -325.22 -553.18 0.72 0.08 -0.94 0.66 0.65 0.12 0.49
5.00 1.14 -6.68 -585.61 465.45 -0.43 -0.57 0.39 0.33 0.16 0.00 0.60
6.00 10.18 -175.29 748.05 -109.29 -0.48 -0.57 0.12 0.47 0.45 0.96 0.49
7.00 1.08 116.73 506.29 553.04 0.73 -0.93 0.47 0.78 0.26 0.94 0.56
10.00 7.35 -352.63 -695.46 92.70 0.17 0.97 -0.65 0.24 0.19 0.26 0.48
11.00 0.73 314.83 511.52 -125.32 -0.14 -0.15 -0.30 0.14 0.61 0.21 0.63
7.00 13.95 258.32 -336.82 564.15 -0.98 -0.08 0.01 0.55 0.10 0.20 0.99
5.00 1.73 -736.68 163.85 -157.78 0.03 -0.17 -0.09 0.49 0.53 0.90 0.18
19.00 105.31 223.88 9.09 -553.03 0.46 0.08 -0.84 0.52 0.79 0.23 0.45
36.00 97.40 -363.99 -657.26 194.73 0.23 -0.56 0.63 0.68 0.17 0.76 0.83
15.00 42.41 -203.18 -30.03 163.10 -0.84 -0.46 0.90 0.02 0.32 0.79 0.57
5.00 2.28 -175.36 -710.19 264.62 0.80 -0.64 0.76 0.78 0.54 0.13 0.57
7.00 13.43 160.87 227.35 -293.97 -0.39 0.74 -0.27 0.84 0.96 0.58 0.83
6.00 7.54 -381.94 52.22 105.72 0.11 -0.05 -0.76 0.47 0.33 0.46 0.82
31.00 219.56 -216.65 371.11 203.71 0.70 0.28 0.68 0.22 0.93 0.91 0.52
37.00 185.14 744.17 21.41 -99.13 -0.39 0.33 -0.02 0.74 0.63 0.01 0.08
13.00 6.47 -90.21 -316.65 -103.49 -1.00 -0.29 0.15 0.40 0.29 0.12 0.77
27.00 92.34 -159.68 43.49 -49.99 -0.90 0.42 -0.88 0.44 0.84 0.82 0.11
6.00 0.49 -46.52 280.90 474.27 -0.57 0.72 0.08 0.02 0.23 0.51 0.48
5.00 5.76 -424.21 -237.04 117.48 -0.99 -0.29 0.86 0.19 0.79 0.40 0.71
14.00 44.38 285.11 -432.10 229.03 0.66 0.44 0.29 0.60 0.17 0.96 0.80
17.00 29.82 -36.38 -168.58 -370.83 0.41 -0.06 0.87 0.33 0.25 0.04 0.40
7.00 5.19 568.52 -179.43 248.19 0.60 -0.53 0.37 0.83 0.95 0.45 0.08
22.00 118.73 -128.73 -387.13 -494.85 0.30 0.13 -0.53 0.42 0.23 0.36 0.31
13.00 47.17 475.73 180.02 -155.89 -0.15 0.76 0.24 0.36 0.28 0.13 0.57
14.00 4.56 251.12 231.94 608.20 0.83 -0.73 -0.89 0.88 0.94 0.54 0.16
10.00 2.26 469.43 -224.04 -577.91 0.56 -0.97 -0.31 0.21 0.48 0.21 0.26
5.00 6.20 172.37 364.63 385.48 -0.48 -0.95 -0.98 0.51 0.99 0.25 0.75
9.00 18.88 -48.47 -408.31 -24.14 -0.86 -0.69 0.99 0.94 0.67 0.85 0.70
11.00 4.31 184.24 44.97 -112.91 0.02 -0.03 -0.33 0.90 0.66 0.51 0.99
6.00 2.82 177.35 66.89 676.09 -0.22 -0.48 0.96 0.30 0.22 0.09 0.32
6.00 7.49 332.47 113.75 -459.84 0.79 0.24 0.87 0.69 0.35 0.61 0.65
13.00 12.56 -394.66 -144.91 -565.59 -0.26 -0.68 0.16 0.33 0.08 0.62 0.51
23.00 0.76 92.79 -123.31 -491.29 0.43 0.88 0.10 0.14 0.58 0.04 0.17
6.00 5.68 -71.82 -707.86 223.97 -0.34 -0.41 -0.30 0.50 0.24 0.18 0.78
10.00 3.70 606.97 -49.57 -184.57 -0.08 -0.04 0.66 1.00 0.86 0.78 0.44
6.00 5.40 214.62 -322.39 -627.82 -0.64 -0.40 0.93 0.64 0.35 0.74 0.28
17.00 6.85 -88.61 -659.22 330.86 0.34 -0.58 -0.88 0.85 0.31 0.43 0.40
5.00 5.84 331.01 -131.42 -61.65 -0.76 0.77 0.19 0.73 0.99 0.28 0.53
19.00 101.87 568.90 -63.41 -366.64 0.33 -0.02 -0.93 0.80 0.25 0.69 0.50
8.00 15.55 152.58 663.16 -316.39 0.55 -0.88 0.12 0.17 0.51 0.02 0.02
16.00 5.24 127.98 164.27 -489.10 -0.69 -0.75 -0.27 0.21 0.34 0.87 0.59
18.00 80.76 233.23 379.01 -561.06 0.31 0.04 0.34 0.25 0.71 0.23 0.07
8.00 0.35 689.61 240.09 -107.09 0.97 0.86 -0.52 0.59 0.91 0.64 0.18
5.00 4.71 -394.58 27.62 -380.23 -0.62 -0.40 0.18 0.95 0.48 0.49 0.74
11.00 11.59 531.15 -513.13 -297.63 0.98 -0.42 -0.14 0.16 0.84 0.02 0.92
18.00 56.46 195.30 -429.08 -320.00 -0.44 0.52 0.08 0.29 0.05 0.98 0.26
21.00 121.81 426.74 576.01 -153.18 -0.26 0.44 0.12 0.24 0.84 0.20 0.12
20.00 15.70 581.34 112.00 -353.45 0.48 -0.20 -0.50 0.21 0.92 0.84 0.62
18.00 0.67 564.39 -21.74 -412.28 -0.95 -0.12 0.57 0.96 0.84 0.21 0.84
16.00 39.06 453.16 -291.34 498.87 0.04 -0.00 -0.51 0.80 0.80 0.79 0.96
12.00 10.92 -345.80 -570.72 -340.35 0.07 -0.97 0.70 0.24 0.35 0.37 0.85
15.00 53.17 517.58 4.06 388.59 0.39 0.32 0.83 0.56 0.60 0.30 0.33
25.00 109.30 129.32 242.05 -521.57 0.20 0.61 0.75 0.88 0.05 0.02 0.61
5.00 5.94 -581.21 -333.27 -371.11 -0.42 -0.39 0.12 0.31 0.40 0.88 0.39
16.00 74.53 245.53 -491.38 -405.01 0.13 -0.51 -0.76 0.64 0.25 0.66 0.36
21.00 14.59 -761.68 -208.00 -81.92 -0.99 -0.31 -0.26 0.66 0.87 0.19 0.90
6.00 5.22 429.59 -248.85 3.24 -0.25 0.21 -0.77 0.12 0.30 0.62 0.15
10.00 12.11 478.14 -275.68 -500.13 -0.13 0.00 0.72 0.70 0.53 0.50 0.24
5.00 2.43 -322.10 -144.12 -201.30 -0.24 0.35 -0.13 0.57 0.74 0.86 0.76
25.00 24.95 -254.03 388.79 650.47 0.45 -0.65 -0.23 0.38 0.49 0.04 0.82
19.00 23.66 177.37 -29.60 -126.42 0.47 0.33 -0.94 0.70 0.90 0.21 0.52
28.00 72.19 184.62 442.42 -577.02 0.23 -0.85 -0.97 0.62 0.33 0.57 0.42
6.00 0.26 551.01 288.94 -279.48 -0.91 -0.56 -0.10 0.98 0.64 0.08 0.47
16.00 49.79 253.68 233.25 -111.45 -0.27 0.73 0.05 0.27 0.06 0.37 0.65
20.00 104.69 530.74 -55.35 -331.82 -0.83 -0.38 -0.80 0.44 0.63 0.42 0.35
6.00 2.73 -312.02 -200.33 198.99 0.41 -0.04 -0.37 0.60 0.48 0.55 0.07
16.00 11.97 -245.87 453.14 -515.56 0.24 -0.70 0.95 0.49 0.13 0.51 0.63
11.00 4.09 6.65 17.87 17.79 0.00 -0.81 0.26 0.58 0.07 0.65 0.50
22.00 74.48 18.43 -458.29 -346.11 -0.31 0.95 -0.24 0.37 0.37 0.90 0.52
31.00 149.20 206.60 -0.74 572.59 0.55 0.79 0.49 0.52 0.68 0.40 0.96
15.00 34.41 346.53 451.07 -373.06 0.12 0.56 0.80 0.45 0.92 0.45 0.68
6.00 2.07 155.79 -457.78 -162.01 -0.33 -0.34 0.64 0.86 0.50 0.98 0.88
26.00 152.24 -15.42 451.60 42.52 0.35 -0.46 0.01 0.15 0.03 0.17 0.82
13.00 29.25 96.98 -444.27 -8.73 0.83 0.46 0.22 0.74 0.32 0.53 0.69
20.00 25.33 -9.58 171.98 -527.67 0.29 -0.35 -0.03 0.56 0.38 0.91 0.85
6.00 4.75 261.92 640.04 267.14 -0.79 -0.94 0.34 0.78 0.95 0.31 0.88
5.00 3.85 182.19 -558.02 -370.87 0.17 0.54 0.52 0.44 0.59 0.91 0.27
5.00 1.92 532.04 -69.24 -214.12 -0.78 0.25 -0.06 0.53 0.31 0.11 0.65
24.00 159.88 330.58 297.79 165.75 -0.13 -0.88 0.85 0.39 0.40 0.28 0.06
8.00 17.14 309.60 246.55 -534.07 0.52 0.69 -0.09 0.32 0.18 1.00 0.60
12.00 20.67 -616.04 160.37 -394.27 0.62 0.83 0.47 0.95 0.51 1.00 0.86
17.00 74.69 -613.92 -376.05 -33.09 0.13 0.89 -0.07 0.91 0.96 0.83 0.04
12.00 38.38 197.71 -120.91 -113.97 -0.35 -0.97 -0.00 0.36 0.23 0.13 0.97
5.00 4.03 -405.46 74.69 -648.42 0.17 0.70 -0.11 0.24 0.81 0.21 0.71
7.00 8.57 317.93 613.66 -215.45 -0.45 0.15 0.83 0.20 0.60 0.09 0.85
6.00 9.88 -479.72 232.24 -61.59 0.68 -0.86 0.52 0.37 0.34 0.84 0.73
19.00 65.42 -224.84 98.92 -476.27 0.68 -0.43 0.02 0.92 0.75 0.81 0.49
8.00 14.15 -210.40 -84.29 -556.82 0.54 -0.78 -0.66 0.32 0.09 0.61 0.07
5.00 0.48 -225.70 -659.24 -302.44 -0.02 0.20 -0.20 0.00 0.85 0.76 0.80
16.00 58.19 107.51 34.74 -760.90 -0.35 -0.97 -0.21 0.53 0.93 0.18 0.83
22.00 119.10 32.04 -370.10 -13.88 -0.16 -0.49 -0.40 0.67 0.74 0.19 0.26
25.00 76.45 614.34 -47.64 -374.17 -0.21 -0.95 -0.36 0.69 1.00 0.94 0.00
11.00 32.40 381.06 -52.77 380.20 0.69 -0.16 -0.60 0.82 0.86 0.89 0.48
7.00 4.04 431.30 127.62 -629.56 0.86 0.94 -0.10 0.09 0.61 0.43 0.50
5.00 7.17 -663.38 48.31 441.66 -0.34 0.69 0.20 0.30 0.73 0.06 0.94
11.00 24.45 -114.49 33.69 -632.77 0.47 -0.70 0.28 0.76 0.80 0.85 0.46
9.00 7.10 98.48 -408.66 -189.72 0.77 -0.80 -0.26 0.78 0.57 0.11 0.26
15.00 57.82 -447.52 -142.30 198.19 0.12 0.10 0.53 0.34 0.42 0.34 0.79
18.00 3.54 -42.65 33.05 490.44 -0.68 -0.08 0.07 0.12 0.83 0.52 0.65
9.00 4.01 221.28 -36.86 -58.00 -0.87 0.06 -0.40 0.75 0.54 0.05 0.06
14.00 10.53 -500.35 38.02 -479.73 -0.97 0.34 -0.93 0.19 0.01 0.96 0.57
10.00 8.45 45.81 -323.19 -531.18 -0.09 -0.28 -0.09 0.43 0.88 0.71 0.70
19.00 13.05 -395.80 347.97 323.17 0.18 0.33 0.62 0.00 0.28 0.75 0.58
5.00 2.16 254.62 306.51 187.67 -0.01 -0.87 0.51 0.76 0.46 0.72 0.29
7.00 9.47 -102.35 -577.69 317.55 0.09 -0.04 0.10 0.35 0.53 0.22 0.03
7.00 4.85 632.46 364.83 173.01 0.44 0.18 0.35 0.66 0.15 0.59 0.06
36.00 202.17 -131.79 -10.41 -677.57 0.31 0.98 0.64 0.07 0.36 0.11 0.24
11.00 32.09 221.42 436.27 449.15 -0.23 0.54 -0.63 0.01 0.48 0.68 0.73
9.00 10.02 -301.60 76.97 -144.47 0.46 0.25 -0.18 0.67 0.63 0.65 0.71
5.00 5.89 685.49 -292.34 -187.39 0.54 -0.75 0.37 0.23 0.62 0.24 0.83
37.00 216.34 104.43 -646.14 -290.61 0.95 0.62 0.89 0.34 0.99 0.50 0.30
10.00 26.01 -578.95 -407.47 253.18 -0.90 0.60 0.39 0.04 0.53 0.14 0.73
16.00 48.49 -301.33 266.60 230.03 -0.45 0.51 -0.21 0.57 0.83 0.05 0.72
18.00 41.90 258.10 134.34 -537.88 -0.07 -0.48 -0.07 0.81 0.80 0.61 0.51
9.00 4.32 -48.47 -592.89 -34.61 0.18 -0.08 -0.14 0.54 0.45 0.77 0.84
19.00 29.45 -218.43 -609.55 464.23 -0.82 -0.68 -0.09 0.83 0.69 0.00 0.99
6.00 2.88 426.63 -179.37 268.19 0.21 -0.16 -0.91 0.79 0.33 0.69 0.24
7.00 2.40 437.34 344.57 -140.86 -0.30 -0.55 -0.65 0.34 0.06 0.56 0.24
5.00 1.66 -309.29 -125.85 -127.50 0.65 0.88 -0.81 0.20 0.08 0.15 0.43
28.00 57.43 -173.60 196.05 618.18 -0.37 -0.76 0.72 0.64 0.95 0.00 0.96
6.00 7.42 217.07 272.71 -28.34 0.85 0.06 -0.41 0.20 0.87 0.63 0.06
22.00 104.67 -264.75 179.69 239.01 0.59 0.57 -0.34 0.03 0.16 0.07 0.82
20.00 52.24 103.97 424.36 -138.40 0.11 -0.06 0.72 0.89 0.36 0.84 0.72
11.00 4.52 258.00 -134.74 188.33 0.39 0.24 0.94 0.96 0.01 0.36 0.15
7.00 0.33 114.01 -342.18 168.99 -0.58 -0.53 0.64 0.19 0.95 0.50 0.96
5.00 1.07 -129.40 -253.46 -540.45 0.87 0.46 -0.39 0.48 0.43 0.43 0.30
16.00 63.44 -148.13 612.77 15.33 0.71 0.24 0.16 0.56 0.59 0.15 0.23
23.00 66.86 437.56 616.47 18.29 0.47 -0.41 0.77 0.84 0.84 0.22 0.77
21.00 100.29 -107.61 -200.78 -453.22 0.88 -0.04 0.95 0.61 0.55 0.27 0.59
9.00 17.80 -407.61 -263.68 -402.66 -0.50 0.70 0.53 0.26 0.57 0.75 0.40
14.00 15.78 -2.85 167.35 386.78 0.69 -0.57 -0.43 0.66 0.89 0.28 0.58
5.00 5.09 -245.29 49.77 36.30 -0.84 0.08 -0.93 0.56 0.88 0.82 0.37
9.00 5.53 190.64 -217.97 330.53 0.86 0.49 -0.71 0.51 0.82 0.93 1.00
25.00 108.51 -237.17 200.96 558.64 -0.98 0.47 0.24 0.28 0.06 0.74 0.10
10.00 21.84 31.11 -40.65 23.85 -0.79 0.04 -0.90 0.99 0.75 0.11 0.05
11.00 7.05 91.44 -673.92 204.50 0.04 -0.87 0.92 0.24 0.88 0.65 0.24
36.00 20.68 549.80 -302.76 477.07 -0.10 -0.08 -0.12 0.47 0.58 0.51 0.41
32.00 117.87 -218.18 525.07 309.85 -0.19 -0.66 -0.18 0.50 0.74 0.79 0.21
11.00 16.88 263.50 1.86 -432.20 0.39 -0.96 0.70 0.78 0.21 0.49 0.18
5.00 4.02 -73.69 130.51 563.61 0.88 0.30 0.71 0.05 0.67 0.76 0.24
7.00 3.87 -277.83 -607.69 -397.93 0.16 -0.66 0.96 0.80 0.19 0.23 0.99
37.00 58.63 -227.29 186.04 -378.79 -0.61 -0.18 0.86 0.66 0.09 0.28 0.69
7.00 9.42 -490.59 54.88 313.89 -0.14 -0.15 0.19 0.11 0.59 0.14 0.57
11.00 20.85 -70.50 514.63 327.62 -0.67 -0.52 -0.39 0.41 0.46 0.50 0.66
19.00 86.05 27.91 663.35 -44.59 0.10 0.91 0.11 0.68 0.12 0.89 0.54
6.00 9.42 -549.33 -216.45 -207.03 0.75 0.02 -0.61 0.22 0.50 0.68 0.60
21.00 36.78 -219.44 514.30 487.10 0.04 0.36 0.71 0.72 0.83 0.45 0.61
8.00 3.43 398.21 47.17 452.35 0.04 -0.23 -0.61 0.66 0.86 0.75 0.81
9.00 23.19 184.78 565.67 182.31 0.41 -0.79 0.27 0.70 0.28 0.25 0.11
13.00 28.00 -398.18 224.28 53.90 -0.58 -0.32 0.91 0.27 0.55 0.94 0.66
22.00 104.22 -268.08 24.76 -25.72 0.39 0.07 -0.06 0.50 0.80 0.79 0.70
12.00 28.92 -75.92 452.10 -127.48 -0.58 -0.85 0.41 0.85 0.40 0.42 0.39
10.00 6.32 10.30 -658.32 -371.65 0.60 0.03 0.29 0.49 0.95 0.27 0.30
10.00 14.03 -250.66 -582.96 -109.28 -0.48 0.10 0.03 0.73 0.84 0.66 0.09
7.00 0.23 -559.99 -186.29 -182.24 0.32 -0.76 0.64 0.48 0.56 0.36 0.42
18.00 60.54 -19.75 -153.31 640.07 0.91 0.50 0.29 0.06 0.05 0.24 0.26
9.00 23.93 156.19 207.87 608.30 -0.75 0.90 -0.61 0.64 0.20 0.52 0.25
18.00 73.53 -173.40 -493.93 -557.09 -0.89 -0.67 -0.33 0.99 0.08 0.11 0.54
13.00 26.73 -391.10 544.38 233.85 -0.77 -0.70 0.66 0.73 0.03 0.63 0.43
16.00 61.68 -428.61 471.50 -442.49 -0.51 0.50 0.77 0.44 0.04 0.98 0.53
6.00 8.55 -551.96 329.80 -14.17 0.45 -0.06 0.24 0.43 0.82 0.44 0.26
5.00 3.98 -134.65 191.54 -285.26 0.80 -0.82 -0.62 0.31 0.94 0.49 0.53
12.00 27.44 -195.85 -531.78 -90.58 0.14 -0.55 -0.45 0.55 0.81 0.46 0.26
6.00 2.91 -93.44 471.17 -1.70 -0.43 0.78 0.11 0.32 0.39 0.49 0.12
7.00 3.11 81.52 -253.23 -83.92 0.05 -0.96 0.62 0.82 0.14 0.53 0.83
8.00 9.77 -577.39 -471.73 -79.31 0.32 -0.92 0.04 0.37 0.14 0.50 0.36
11.00 32.90 467.91 -344.57 32.10 0.73 -0.43 -0.34 0.53 0.67 0.19 0.27
8.00 7.14 641.54 279.97 384.34 0.34 -0.04 0.85 0.35 0.05 0.36 0.29
31.00 208.18 -464.47 -406.20 349.38 -0.05 0.04 -0.01 0.26 0.91 0.00 0.83
17.00 79.34 187.83 399.83 -104.50 0.35 0.88 -0.67 0.25 0.14 0.85 0.06
20.00 28.71 -749.56 273.46 -52.78 -0.59 0.38 -0.82 0.03 0.51 0.44 0.80
6.00 9.06 -125.78 41.63 636.16 -0.38 0.29 -0.46 0.30 0.82 0.70 0.46
15.00 44.76 -132.43 -27.44 -575.95 0.30 0.85 -0.09 0.94 0.51 0.51 0.86
17.00 42.26 -392.38 415.95 391.01 0.34 -0.48 0.14 0.94 0.20 0.00 0.66
12.00 34.00 -602.16 -358.42 9.84 -0.51 0.52 0.41 0.07 0.78 0.87 0.53
19.00 46.02 531.50 -43.64 -429.73 -0.51 0.25 0.64 0.24 0.12 0.63 0.26
8.00 4.50 -204.95 -55.53 -483.93 0.99 0.33 0.92 0.22 0.27 0.28 0.02
7.00 12.60 126.94 19.06 326.52 -0.03 -0.13 -0.18 0.36 0.77 0.02 0.47
6.00 0.47 18.13 244.91 53.50 0.34 -0.55 -0.47 0.61 0.25 0.60 0.79
16.00 2.67 -176.20 153.68 740.61 -0.33 0.78 0.41 0.21 0.52 0.86 0.95
12.00 4.30 -48.29 731.73 -81.49 -0.40 -0.55 -0.70 0.77 0.00 0.83 0.79
5.00 1.43 250.90 301.94 314.60 0.80 0.28 0.15 0.35 0.16 0.98 0.40
19.00 72.41 -255.51 725.30 -215.32 0.46 -0.51 0.68 0.95 0.33 0.49 0.08
7.00 8.93 -474.64 -431.83 -287.84 0.03 0.13 -0.54 0.85 0.16 0.55 0.52
35.00 329.03 -279.30 -643.05 -92.47 -0.72 0.18 -0.92 0.47 0.32 0.17 0.81