9.29 30
6.00 1.11 71.20 -86.80 -35.34 -1.23 -1.38 0.47 0.61 0.48 0.86 0.03
24.00 0.65 -9.91 -36.61 -103.74 -0.03 1.00 -1.17 0.12 0.73 0.16 0.83
18.00 0.30 165.49 -24.23 -90.92 2.45 1.30 -0.50 0.66 0.94 0.25 0.23
32.00 1.35 81.50 110.76 42.61 -1.82 -1.68 0.62 0.07 0.18 0.15 0.17
5.00 1.08 92.00 -48.13 3.47 1.85 -0.15 -2.05 0.79 0.26 0.06 0.97
25.00 1.70 153.75 -111.78 32.57 1.20 -0.62 2.33 0.46 0.62 0.99 0.15
23.00 0.82 -5.81 -168.12 33.50 -0.90 -0.12 1.23 0.90 0.43 0.59 0.67
8.00 1.39 105.86 69.95 -2.54 -1.27 -0.05 -0.58 0.14 0.62 0.04 0.43
38.00 0.53 -122.09 -45.23 74.59 -0.50 -1.25 -0.65 0.66 0.13 0.37 0.44
29.00 1.71 59.38 -149.65 78.88 2.35 0.03 0.25 0.38 0.88 0.02 0.41
38.00 1.70 45.28 -7.90 101.60 -0.55 0.15 1.75 0.26 0.15 0.24 0.21
10.00 0.18 39.73 41.07 2.90 -1.52 -1.17 0.28 0.63 0.57 0.33 0.20
33.00 1.01 -11.70 -188.50 -37.36 0.43 1.23 -0.20 0.01 0.02 0.18 0.23
11.00 1.41 123.91 -24.43 64.24 -0.28 0.93 2.40 0.97 0.09 0.54 0.50
29.00 0.19 -135.35 71.59 93.78 -2.40 1.10 -1.68 0.16 0.72 0.70 0.57
35.00 0.57 2.62 -80.79 51.15 -0.78 -0.43 1.93 0.79 0.68 0.50 0.11
18.00 1.43 183.57 -12.08 -52.56 1.68 0.43 -0.10 0.82 0.31 0.50 0.64
15.00 1.23 97.48 -91.98 46.16 2.05 -1.68 0.05 0.66 0.87 0.86 0.11
21.00 0.72 173.85 38.26 61.56 0.68 1.15 0.93 0.88 0.29 0.00 0.18
32.00 1.42 -141.13 -8.62 -69.73 1.23 -2.30 0.35 0.21 0.15 0.52 0.51
16.00 0.76 -53.23 -88.91 19.94 0.88 -0.07 1.02 0.35 0.79 0.47 0.92
22.00 0.34 93.67 27.90 138.89 -0.43 -1.85 -1.50 0.74 0.01 0.85 0.84
10.00 0.81 42.35 61.40 -77.46 1.15 -2.10 -1.70 0.21 0.81 0.46 0.22
5.00 1.72 92.32 -162.46 39.82 -0.03 -1.88 -0.45 0.54 0.32 0.24 0.01
6.00 1.37 -59.81 -103.80 85.52 0.88 -2.10 1.42 0.42 0.05 0.64 0.37
36.00 1.72 -44.58 115.66 132.27 -1.27 -0.58 -0.18 0.09 0.22 0.17 0.16
36.00 0.59 -116.95 10.24 -152.24 1.27 1.85 0.45 0.11 0.79 0.98 0.26
38.00 1.58 -15.26 37.40 23.06 -0.20 0.80 -0.85 0.38 0.85 0.88 0.60
39.00 1.74 70.17 -12.76 -59.51 1.88 -0.60 2.17 0.64 0.55 0.62 0.75
8.00 1.22 -26.55 -101.79 -101.17 -0.65 -0.85 -2.45 0.47 0.69 0.60 0.75
