16.11 500
14.00 0.19 -50.56 179.63 -26.76 -0.88 1.45 -1.10 0.22 0.94 0.55 0.53
18.00 0.26 -81.94 -146.56 1.43 -1.47 -2.12 -1.47 0.40 0.42 0.82 0.46
34.00 0.09 -138.81 -55.26 -41.25 1.80 1.07 1.12 0.12 0.21 0.25 0.97
37.00 0.10 -44.63 47.96 74.50 -2.12 -0.85 -1.17 0.45 0.61 0.44 0.83
27.00 0.16 -9.38 -112.21 -162.16 -1.95 -1.62 -2.33 0.55 0.98 0.52 0.63
21.00 0.33 -39.77 -175.23 71.33 0.15 2.25 -2.05 0.92 0.64 0.49 0.59
24.00 0.29 -106.63 -103.15 -128.45 2.33 -1.20 0.18 0.31 0.78 0.68 0.73
31.00 0.22 78.41 141.89 -109.89 1.30 -2.20 2.40 0.25 0.60 0.35 0.47
38.00 0.17 -129.09 45.00 63.77 0.78 -2.38 -1.10 0.42 0.63 0.77 0.44
11.00 0.05 136.51 -126.11 9.38 -0.78 0.30 -0.38 0.08 0.36 0.18 0.66
21.00 0.33 132.55 -74.20 39.30 -1.12 1.65 1.82 0.85 0.56 0.84 0.42
21.00 0.36 -87.13 -9.55 -152.06 -1.70 -1.95 -1.95 0.64 0.64 0.68 0.63
26.00 0.18 -105.24 -112.78 99.75 -0.72 -1.68 -0.30 0.92 0.21 0.10 0.93
11.00 0.07 -74.55 -85.14 106.97 1.88 0.45 0.50 0.60 0.88 0.42 0.54
15.00 0.09 86.61 -170.03 26.26 -1.33 -1.62 -2.05 0.18 0.35 0.68 0.47
21.00 0.15 133.32 81.48 -64.43 -0.05 -1.70 -1.77 0.08 0.45 0.63 0.40
39.00 0.33 -98.78 147.80 38.16 1.75 -0.30 -0.10 0.57 0.16 0.61 0.60
8.00 0.08 -78.61 27.20 15.90 0.55 -0.98 0.18 0.39 0.05 0.08 0.80
38.00 0.32 94.39 92.75 41.90 2.33 -2.12 -2.45 0.83 0.27 0.01 0.55
34.00 0.18 73.79 -105.36 83.27 2.23 0.58 1.35 0.15 0.03 0.94 0.48
22.00 0.26 -160.21 -13.11 -103.26 -0.85 0.98 1.95 0.75 0.58 0.45 0.65
16.00 0.06 -102.88 24.53 -99.45 2.03 -0.55 0.40 0.79 0.01 0.93 0.76
17.00 0.17 104.21 12.94 -4.12 2.25 -1.93 0.90 0.77 0.78 0.85 0.57
15.00 0.01 -99.00 -97.64 -53.88 2.38 2.03 0.47 0.23 0.48 0.20 0.57
6.00 0.40 -20.44 -54.85 99.24 0.15 1.12 -1.90 0.09 0.06 0.94 0.79
30.00 0.13 96.65 22.08 -151.88 -2.25 -0.95 -0.58 0.13 0.18 0.71 0.48
37.00 0.06 -26.76 -110.94 97.00 -0.95 1.65 1.00 0.56 0.36 0.05 0.44
17.00 0.35 44.89 -137.06 -27.28 0.70 1.27 2.48 0.26 0.71 0.16 0.80
22.00 0.43 76.02 133.47 93.67 -2.12 -2.40 1.05 0.55 0.77 0.12 0.05
14.00 0.07 100.44 -22.39 143.38 0.47 1.38 -1.80 0.06 0.15 0.29 0.81
14.00 0.02 40.81 62.45 150.78 -1.72 1.00 0.07 0.51 0.73 0.35 0.08
11.00 0.32 -56.04 -9.68 -177.28 -1.40 -0.22 0.55 0.86 0.37 0.84 0.28
11.00 0.08 -33.89 6.35 -52.90 0.62 0.15 0.60 0.46 0.33 0.51 0.55
34.00 0.01 31.20 -54.41 41.60 2.35 -0.53 1.70 0.08 0.25 0.79 0.49
9.00 0.14 -17.30 -184.47 -2.35 -2.10 -2.40 0.55 0.17 0.20 0.83 0.54
25.00 0.16 154.81 3.52 -2.17 -2.33 2.20 -0.25 0.01 0.19 0.30 0.41
25.00 0.09 -32.61 -30.29 -79.43 -0.12 -0.88 -1.82 0.56 0.95 0.10 0.04
27.00 0.40 -16.73 58.52 -144.77 1.90 -1.23 0.28 0.06 0.98 0.37 0.51
11.00 0.38 -38.87 -25.62 137.13 2.07 -1.85 -2.03 0.02 0.89 0.06 0.42
29.00 0.07 139.76 -129.69 55.52 1.62 -1.07 -1.15 0.00 0.11 0.70 0.47
10.00 0.20 4.09 -100.53 26.57 -0.88 -1.82 1.70 0.16 0.71 0.77 0.36
14.00 0.36 -75.29 108.00 -24.60 1.23 0.25 -0.20 0.98 0.93 0.77 0.28
19.00 0.21 -69.62 -23.10 -37.15 -0.12 -0.10 1.80 0.72 0.69 0.50 0.07
8.00 0.15 -28.36 -59.04 86.08 -1.57 2.38 -0.83 0.58 0.29 0.41 0.54
30.00 0.14 80.37 156.80 4.55 -1.17 -1.35 -1.80 0.61 0.74 0.47 0.77
11.00 0.10 15.51 0.83 -192.60 -2.45 -1.27 0.25 0.59 0.25 0.81 0.08
7.00 0.25 65.03 -75.29 -78.97 -0.25 -0.05 1.15 0.76 0.11 0.38 0.70
10.00 0.21 -173.13 20.83 -62.32 -0.10 -1.88 0.98 0.42 0.18 0.17 0.88
13.00 0.43 24.69 -102.54 -59.87 2.35 0.25 1.60 0.08 0.61 0.75 0.28
31.00 0.24 -52.97 -164.50 -70.77 1.68 0.15 1.80 0.77 0.63 0.35 0.41
7.00 0.30 117.98 -120.76 -70.51 -0.85 0.33 0.38 0.37 0.99 0.08 0.86
13.00 0.01 -12.34 22.00 -193.46 1.82 -0.50 1.15 0.18 0.85 0.02 0.64
14.00 0.08 -136.07 -79.77 46.28 0.28 1.45 -1.17 0.37 0.06 0.91 0.96
31.00 0.07 -107.84 -52.66 145.17 -0.72 0.75 -1.35 0.62 0.61 0.62 0.64
21.00 0.30 181.48 -83.63 -3.08 -2.03 0.22 -0.28 0.26 0.21 0.86 0.12
21.00 0.14 38.93 52.16 -54.01 -2.25 -1.57 2.23 0.11 0.74 0.50 0.07
23.00 0.03 24.98 -20.38 115.09 -1.30 1.23 -2.48 0.80 0.03 0.96 0.66
26.00 0.33 -10.68 24.16 16.23 -1.17 -2.27 -1.20 0.39 0.13 0.39 0.57
17.00 0.15 1.41 -57.55 -170.22 1.93 1.07 -1.55 0.18 0.33 0.56 0.38
28.00 0.43 -183.95 55.43 -43.05 -1.77 -1.50 1.90 0.07 0.09 0.13 0.74
7.00 0.34 -2.80 137.99 -0.48 2.00 0.47 -1.95 0.67 0.19 0.92 0.57
8.00 0.25 -107.92 -148.51 -50.31 0.83 -2.23 0.58 0.55 0.59 0.94 0.37
9.00 0.13 -27.01 -147.52 52.46 -1.47 -2.38 -0.12 0.31 0.44 0.48 0.17
28.00 0.41 59.52 -45.31 -134.38 -0.47 -0.95 0.35 0.97 0.09 0.23 0.80
21.00 0.14 157.48 120.35 6.94 0.85 -2.42 0.40 0.38 0.68 0.56 0.71
28.00 0.11 164.81 62.43 80.77 -0.35 -1.12 0.65 0.64 0.27 0.70 0.43
8.00 0.44 21.34 -104.06 127.31 2.15 -0.12 -2.00 0.85 0.44 0.98 0.91
25.00 0.22 31.81 -25.80 -84.04 -1.98 -2.12 -1.33 0.68 0.42 0.25 0.82
9.00 0.32 -57.80 114.71 -120.69 2.27 0.28 1.23 0.34 0.41 0.92 0.68
5.00 0.26 -78.19 163.02 -2.60 2.48 -0.88 0.40 0.33 0.18 0.48 0.70
27.00 0.27 83.60 -117.27 -126.02 0.98 1.72 0.22 0.35 0.34 0.49 0.31
5.00 0.12 85.47 -124.43 -27.75 0.88 0.78 2.33 0.72 0.02 0.85 0.61
13.00 0.01 -92.26 -91.68 -2.20 2.17 -0.85 1.07 0.54 0.84 0.58 0.08
19.00 0.16 70.05 20.88 65.86 -2.38 0.88 -0.47 0.35 0.32 0.38 0.52
6.00 0.35 -71.96 131.55 -29.30 -0.33 1.40 1.70 0.88 0.95 0.76 0.28
17.00 0.37 52.19 67.97 -115.66 0.98 0.12 -1.55 0.10 0.40 0.59 0.39
23.00 0.33 -129.44 84.16 -11.81 0.15 1.15 -1.55 0.93 0.59 0.58 0.55
37.00 0.15 -32.72 139.37 107.30 0.05 0.83 -0.62 0.56 0.77 0.26 0.28
6.00 0.20 29.30 -61.08 -171.82 1.20 1.57 -1.80 0.67 0.71 0.38 0.67
22.00 0.30 -39.10 18.73 156.10 -1.52 0.65 -0.40 0.31 0.13 0.83 0.71
29.00 0.40 -45.36 -97.12 -113.60 0.65 1.45 2.12 0.07 0.68 0.37 0.28
7.00 0.19 118.87 -74.28 -105.79 -0.90 -1.33 2.00 0.61 0.97 0.19 0.72
15.00 0.05 13.47 89.30 155.60 -1.45 -1.85 1.62 0.20 0.32 0.46 0.91
6.00 0.35 -22.10 -12.75 -29.60 0.33 -0.22 2.10 0.73 0.70 0.78 0.80
27.00 0.10 -127.97 66.05 -68.79 0.47 1.50 -0.53 0.73 0.91 0.81 0.28
6.00 0.35 -24.93 -98.29 154.73 -1.75 -2.25 2.45 0.02 0.52 0.91 0.16
23.00 0.13 1.09 193.98 -13.46 0.65 -1.00 2.50 0.23 0.70 0.53 0.79
7.00 0.36 38.58 112.79 -85.03 -0.20 -2.38 1.15 0.64 0.91 0.93 0.72
20.00 0.33 -16.52 -24.09 74.59 -0.80 -2.45 -1.33 0.10 0.73 0.79 0.37
15.00 0.10 36.08 -19.15 194.60 -0.45 2.17 2.20 0.87 0.30 0.54 0.64
9.00 0.11 -170.56 3.59 -24.74 -1.12 -2.12 0.80 0.93 0.99 0.74 0.30
9.00 0.11 15.63 -66.38 -12.36 0.43 -0.78 0.62 0.37 0.82 0.97 0.16
16.00 0.15 -19.58 163.09 -87.12 -2.42 0.62 -0.65 0.23 0.98 0.17 0.28
5.00 0.08 70.75 -56.16 88.22 -1.88 1.47 -0.55 0.07 0.91 0.57 0.31
5.00 0.27 13.09 107.26 60.21 -0.10 -1.70 1.27 0.76 0.68 0.52 0.75
14.00 0.11 -153.56 -91.19 -80.82 -2.25 -0.03 1.68 0.54 0.43 0.30 0.84
13.00 0.38 34.21 -110.48 -160.47 2.03 -2.20 -1.38 0.94 0.93 0.10 0.98
6.00 0.12 62.24 33.43 157.83 -1.12 0.93 0.65 0.55 0.52 0.36 0.90
25.00 0.37 -93.60 -30.42 69.64 1.25 -2.50 -1.60 0.11 0.61 0.29 1.00
8.00 0.00 -26.09 32.67 -108.97 -1.70 0.33 -1.80 0.86 0.70 0.24 0.41
11.00 0.24 -114.35 -110.64 -0.53 -1.35 1.85 2.25 0.88 0.53 0.26 0.43
8.00 0.00 -4.04 181.92 -55.06 1.65 -0.50 1.42 0.23 0.40 0.51 0.48
13.00 0.05 -26.08 -16.50 31.92 1.23 0.68 -2.30 0.95 0.08 0.89 0.78
14.00 0.22 33.14 171.53 -31.99 -1.33 -1.07 -1.15 0.67 0.46 0.58 0.24
10.00 0.20 25.46 66.91 125.23 2.05 0.68 -1.52 0.62 0.62 0.34 0.79
5.00 0.07 -130.76 133.08 -18.54 -1.45 0.75 -1.70 0.33 0.17 0.50 0.94
18.00 0.18 55.82 92.82 -25.68 1.23 0.47 0.65 0.22 0.47 0.74 0.62
8.00 0.42 72.75 -177.35 -51.83 -0.80 -0.20 0.80 0.67 0.26 0.48 0.30
5.00 0.37 17.41 143.33 -134.94 -2.00 1.23 -0.70 0.43 0.25 0.28 0.93
13.00 0.39 21.52 42.20 94.80 -0.00 -0.78 2.05 0.63 0.42 0.49 0.24
8.00 0.10 23.56 -169.51 11.56 -2.17 0.25 -1.27 0.90 0.70 0.20 0.75
15.00 0.19 -110.02 24.14 150.90 2.42 -1.47 1.50 0.26 0.93 0.53 0.70
7.00 0.07 -58.86 73.71 121.14 -0.83 1.05 -2.25 0.21 0.07 0.16 0.00
20.00 0.44 39.56 -177.39 -21.11 1.17 -1.85 2.03 0.50 0.84 0.07 0.96
25.00 0.23 41.10 -16.44 -28.52 -1.02 -1.50 1.02 0.55 0.67 0.58 0.34
12.00 0.26 139.01 -25.00 -121.10 2.42 1.50 0.33 0.64 0.75 0.68 0.61
21.00 0.05 128.68 -20.62 111.99 -2.05 2.42 2.30 0.21 0.31 0.61 0.54
20.00 0.15 43.50 179.27 52.71 -2.33 -2.30 2.40 0.14 0.14 0.41 0.82
6.00 0.20 35.37 86.89 38.94 1.80 -1.65 1.00 0.02 0.27 0.39 0.10
16.00 0.24 87.09 25.15 155.07 0.30 -0.18 -0.80 0.91 0.02 1.00 0.06
12.00 0.14 -122.86 57.70 -140.38 1.33 -0.05 0.85 0.37 0.99 0.32 0.86
17.00 0.10 -194.57 -15.97 3.81 -0.62 -0.38 2.27 0.70 0.63 0.47 0.03
10.00 0.33 -107.70 5.89 111.79 -1.90 2.50 -2.00 0.61 0.52 0.84 0.62
11.00 0.18 -51.61 53.56 159.70 0.85 1.35 0.78 0.69 0.75 0.69 0.63
16.00 0.06 119.13 -62.49 129.09 0.35 0.58 -0.28 0.56 0.34 0.05 0.67
6.00 0.10 47.08 -129.38 -58.37 -1.35 -1.10 1.10 0.76 0.20 0.79 0.70
12.00 0.21 -59.85 -128.76 52.30 2.15 1.47 -1.42 0.00 0.36 0.37 0.03
25.00 0.26 98.00 -155.97 -30.66 0.05 -1.55 1.27 0.19 0.50 0.94 0.15
5.00 0.12 -157.27 -6.20 0.30 1.23 -1.88 -0.43 0.16 0.11 0.99 0.49
5.00 0.43 -114.73 56.66 -7.25 -0.45 1.70 0.25 0.27 0.61 0.35 0.47
34.00 0.12 -12.89 93.89 -39.49 2.15 1.02 -0.62 0.42 0.14 0.03 0.94
21.00 0.35 151.37 14.22 -54.40 -2.17 -0.90 -1.88 0.76 0.66 0.20 0.56
19.00 0.11 100.54 86.11 -129.85 -1.77 0.30 1.12 0.88 0.58 0.83 0.24
5.00 0.42 25.58 6.91 -115.90 -0.07 1.75 0.93 0.37 0.27 0.67 0.05
14.00 0.19 -61.93 -162.60 33.90 -0.43 -1.62 1.00 0.26 0.33 0.31 0.84
20.00 0.30 34.58 22.19 -159.48 -0.28 2.38 -0.45 0.42 0.54 0.30 0.04
9.00 0.15 -154.69 -103.76 -45.67 -1.52 0.65 0.55 0.95 0.88 0.72 0.54
8.00 0.04 -17.20 -79.91 151.79 0.65 -1.00 2.33 0.54 0.46 0.57 0.75
16.00 0.41 -162.66 -111.14 -19.66 1.77 1.25 0.35 0.39 0.16 0.02 0.27
26.00 0.05 26.43 -80.71 156.77 0.60 -2.33 -0.18 0.19 0.24 0.27 0.25
14.00 0.16 180.71 65.10 -19.19 0.60 1.38 2.23 0.39 0.55 0.89 0.01
6.00 0.09 -124.66 133.62 -42.49 -0.40 0.03 1.02 0.95 0.03 0.28 0.94
8.00 0.02 -64.21 6.84 98.06 2.27 -0.68 -0.72 0.30 0.78 0.99 0.06
16.00 0.44 105.57 -47.27 80.01 -1.40 0.83 -0.90 0.40 0.66 0.68 0.41
15.00 0.18 31.29 87.24 -135.84 1.50 0.68 1.05 0.73 0.80 0.57 0.21
5.00 0.35 -159.72 72.13 88.35 2.12 0.90 2.07 0.97 0.36 0.72 0.39
13.00 0.09 134.73 -31.97 75.61 2.27 1.72 0.22 0.64 0.46 0.40 0.69
11.00 0.39 -84.29 -1.28 -109.52 0.05 2.17 -0.70 0.26 0.76 0.14 0.10
15.00 0.09 -50.00 -46.94 118.82 -0.85 1.57 -0.58 0.42 0.38 0.13 0.09
33.00 0.19 112.23 100.25 131.40 -0.95 1.10 -1.00 0.88 0.02 0.70 0.63
15.00 0.37 -82.24 -91.18 -82.07 1.98 -2.50 0.68 0.57 0.43 0.44 0.82
9.00 0.05 30.08 26.46 -35.47 -0.43 0.47 0.75 0.78 0.97 0.88 0.95
28.00 0.13 90.57 -23.79 -72.28 1.68 0.85 0.35 0.02 0.68 0.17 0.34
21.00 0.32 -25.22 -24.30 -165.68 0.28 1.25 -1.72 0.80 0.63 0.84 0.54
23.00 0.32 142.97 -109.73 -32.30 -0.10 1.52 -2.40 0.33 0.09 0.59 0.40
13.00 0.43 -57.46 118.34 -1.47 -0.90 1.77 -0.93 0.86 0.58 0.88 0.14
13.00 0.23 28.10 -142.02 -80.58 1.45 0.38 0.07 0.10 0.75 0.93 0.49
5.00 0.32 136.23 96.74 73.94 2.15 -0.62 1.25 0.41 0.14 0.71 0.09
9.00 0.08 16.48 -90.19 -32.43 -2.10 -2.30 -0.50 0.41 0.23 0.98 0.23
10.00 0.37 -121.37 -2.38 -62.01 -1.20 -1.40 -0.03 0.95 0.33 0.70 0.83
24.00 0.04 -109.48 -32.86 -109.94 0.98 1.72 -0.03 0.81 0.44 0.46 0.59
16.00 0.05 51.56 -84.18 -51.24 -1.23 2.00 0.20 0.52 0.63 0.81 0.27
7.00 0.10 13.99 162.29 89.95 0.75 -0.47 -0.90 0.83 0.03 0.79 0.64
11.00 0.26 5.30 167.51 -69.73 2.12 1.72 -1.07 0.84 0.95 0.52 0.31
25.00 0.29 71.36 -61.17 -13.07 -1.00 1.98 -0.88 0.55 0.63 0.09 0.63
19.00 0.30 34.82 20.89 136.66 2.17 1.62 -2.50 0.27 0.42 0.87 0.88
12.00 0.39 183.81 35.80 -46.12 -1.25 -0.22 -0.85 0.60 0.29 0.36 0.23
12.00 0.32 -71.70 -42.06 -100.16 0.68 2.25 1.62 0.62 0.38 0.34 0.20
26.00 0.08 167.88 -46.81 -57.17 -1.07 -1.77 0.47 0.18 0.45 0.15 0.37
20.00 0.42 -1.96 -43.07 -128.96 -0.35 -0.15 -1.00 0.27 0.68 0.76 0.35
8.00 0.43 15.40 -146.18 -35.74 -0.68 -2.35 1.72 0.04 0.12 0.54 0.57
13.00 0.40 -39.36 -19.13 181.78 1.98 -2.17 -1.07 0.85 0.18 0.47 0.30
12.00 0.15 -108.08 -107.24 41.60 -1.82 0.10 -1.23 0.43 0.31 0.37 0.02
6.00 0.05 159.58 91.19 12.91 1.75 -0.47 -1.65 0.70 0.46 0.61 0.99
12.00 0.11 -33.23 -64.13 57.10 -1.02 2.05 1.60 0.52 0.87 0.96 0.92
19.00 0.37 -58.27 48.30 -69.88 0.90 -0.90 -0.50 0.27 0.42 0.43 0.53
28.00 0.13 15.22 -164.33 66.95 1.93 1.55 0.53 0.74 0.59 0.52 0.08
8.00 0.16 102.37 4.61 135.20 -2.12 0.30 -0.58 0.61 0.91 0.81 0.48
10.00 0.22 -52.86 16.42 -128.81 0.03 -1.60 0.38 0.95 0.22 0.44 0.64
7.00 0.25 -3.15 -185.53 21.39 0.68 0.58 0.35 0.57 0.04 0.16 0.55
6.00 0.17 -166.54 -22.27 105.18 2.50 2.48 1.68 0.35 0.56 0.26 0.36
9.00 0.11 8.77 72.79 89.96 1.42 -1.25 1.68 0.05 0.11 0.30 0.14
11.00 0.21 -9.92 -5.25 -13.95 -1.15 -1.15 0.22 0.25 0.14 0.85 0.95
14.00 0.26 96.56 -136.57 37.69 1.25 0.85 -1.80 0.83 0.64 0.65 0.08
10.00 0.36 13.30 -114.25 11.54 2.23 1.23 1.05 0.04 0.70 0.55 0.25
10.00 0.11 52.57 20.25 -83.60 0.58 1.20 0.25 0.82 0.60 0.06 0.13
5.00 0.02 87.07 86.63 -62.39 1.10 -2.20 0.15 0.09 0.69 0.64 0.79
21.00 0.11 177.85 -64.48 54.00 0.25 -2.05 -0.68 0.46 0.44 0.19 0.33
5.00 0.37 -122.71 -0.58 47.07 0.25 -0.38 0.05 0.89 0.75 0.81 0.37
14.00 0.19 -106.80 84.66 -106.50 -1.57 -1.00 -1.23 0.21 0.81 0.06 0.28
19.00 0.26 -35.23 -153.47 3.78 2.07 0.00 -1.45 0.94 0.25 0.25 0.27
13.00 0.44 -16.48 -63.44 -60.59 -1.90 -0.72 -0.68 0.24 0.29 0.75 0.33
5.00 0.19 -61.56 -42.95 -53.40 -1.35 2.50 -1.07 0.69 0.33 0.39 0.45
5.00 0.21 62.38 -98.03 -26.57 2.45 2.20 0.03 0.18 0.55 0.30 0.17
16.00 0.43 -96.13 39.76 -17.65 -1.15 -1.65 0.12 0.99 0.55 0.10 0.53
8.00 0.32 -163.26 36.67 -1.54 1.27 -2.17 -0.38 0.33 0.63 0.33 0.52
13.00 0.24 -55.12 -89.95 -50.55 2.12 2.40 0.05 0.65 0.26 0.03 0.16
22.00 0.27 -102.91 111.69 -52.83 0.88 1.98 -1.42 0.18 0.14 0.91 0.40
5.00 0.19 122.79 51.31 -130.89 0.43 -2.50 1.00 0.22 0.43 0.63 0.98
8.00 0.35 -95.83 9.62 131.33 -0.15 -0.20 -0.80 0.91 0.92 0.88 0.30
6.00 0.43 135.02 -146.86 13.40 2.48 1.70 -1.90 0.29 0.54 0.77 0.72
13.00 0.14 96.08 -56.46 162.57 0.30 -0.55 0.38 0.70 0.48 0.09 0.74
12.00 0.26 159.81 35.97 30.00 1.90 0.83 -0.80 0.54 0.10 0.30 0.01
7.00 0.30 -19.31 107.91 -139.63 -0.88 1.95 -1.70 0.80 0.27 0.28 0.70
7.00 0.42 40.97 38.01 190.97 -1.12 -0.47 0.20 0.61 0.77 0.48 0.26
9.00 0.31 -154.92 -3.75 -65.36 -0.40 2.10 -1.05 0.89 0.93 0.58 0.38
30.00 0.31 -67.11 34.83 -177.83 1.15 0.07 -1.55 0.06 0.58 0.32 0.29
17.00 0.27 123.65 18.41 34.66 -1.40 0.93 1.27 0.96 0.76 0.03 0.88
6.00 0.06 1.15 -8.23 -59.12 -0.22 -2.27 2.23 0.75 0.21 0.68 0.53
22.00 0.42 -16.38 103.95 28.06 1.77 1.95 -1.95 0.96 0.93 0.86 0.75
15.00 0.43 -171.33 -70.60 3.15 1.25 2.40 0.10 0.60 0.16 0.77 0.57
9.00 0.18 3.96 6.56 49.15 -1.40 1.27 1.52 0.13 0.27 0.17 0.86
9.00 0.20 -56.10 -97.06 -159.22 0.65 -1.62 0.22 0.10 0.97 0.59 0.08
6.00 0.18 52.43 86.48 146.31 -2.05 1.90 2.38 0.34 0.61 0.26 0.18
7.00 0.13 26.89 138.62 40.23 -1.70 -1.50 0.75 0.48 0.07 0.27 0.79
24.00 0.26 -18.45 116.42 -101.21 0.90 1.05 1.88 0.34 0.20 0.74 0.51
5.00 0.29 56.68 26.13 -39.51 0.75 -0.95 1.60 0.67 0.98 0.37 0.31
5.00 0.03 55.88 -100.73 33.34 -0.25 -0.68 1.27 0.84 0.99 0.21 0.71
9.00 0.43 -43.06 64.15 24.16 2.10 1.88 0.03 0.46 0.31 0.20 0.87
7.00 0.01 -188.21 61.22 11.17 -0.28 -1.10 1.47 0.37 0.83 0.67 0.06
13.00 0.22 169.50 -4.91 85.88 1.12 2.07 -1.75 0.10 0.40 0.42 0.24
8.00 0.36 -52.93 -28.64 -129.27 -1.57 -1.65 1.33 0.10 0.39 0.50 0.88
14.00 0.02 61.78 -7.44 162.33 2.40 2.48 1.68 0.90 0.92 0.85 0.43
16.00 0.08 51.66 -174.31 -77.56 0.70 -1.33 0.83 0.18 0.59 0.86 0.56
5.00 0.33 109.11 124.60 90.63 -0.88 0.72 -1.93 0.16 0.88 0.71 0.52
10.00 0.14 64.70 27.69 -56.90 0.88 0.38 -2.03 0.09 0.95 0.04 0.73
5.00 0.43 19.25 143.85 -65.39 0.55 0.10 1.98 0.18 0.90 0.94 0.22
12.00 0.16 -92.90 161.00 -19.56 -0.88 -2.20 -0.45 0.01 0.07 0.63 0.48
12.00 0.17 -86.54 -27.79 13.78 0.68 -0.55 1.62 0.68 0.99 0.64 0.11
13.00 0.36 112.40 -89.13 -57.98 -1.45 -0.68 0.43 0.51 0.87 0.84 0.23
6.00 0.44 133.95 -87.82 -82.44 1.20 1.35 -0.95 0.79 0.20 0.29 0.97
6.00 0.03 21.09 149.45 89.87 -0.43 -2.05 -0.45 0.71 0.94 0.57 0.37
10.00 0.39 -3.23 -40.34 99.44 -0.88 -1.00 1.12 0.36 0.63 0.47 0.69
17.00 0.24 39.40 -74.77 -99.16 -2.00 2.42 0.93 0.36 0.23 0.96 0.97
6.00 0.21 25.05 123.27 124.59 -1.15 1.00 1.30 0.95 0.29 0.90 0.61
5.00 0.37 14.45 19.38 66.56 0.65 2.23 0.98 0.62 0.12 0.05 0.85
7.00 0.37 -62.18 49.06 120.49 -1.90 0.47 1.23 0.60 0.65 0.24 0.68
8.00 0.44 57.77 -60.78 171.48 0.80 -2.05 -0.62 0.70 0.64 0.58 0.91
14.00 0.33 -64.30 -83.90 39.80 0.05 -1.47 1.88 0.87 0.59 0.33 0.53
10.00 0.42 62.45 -102.12 158.83 1.47 2.03 -1.80 0.48 0.22 0.28 0.88
6.00 0.00 -28.23 -29.93 -3.73 -0.95 -0.90 0.98 0.72 0.22 0.86 0.33
6.00 0.13 152.27 -4.94 -115.63 2.25 -0.55 0.88 0.24 0.34 0.79 0.12
6.00 0.33 16.41 -188.94 5.63 1.25 -0.55 2.07 0.86 0.98 1.00 0.82
5.00 0.07 60.32 61.13 91.87 2.45 -0.22 -1.95 0.76 0.55 0.92 0.12
9.00 0.33 -67.40 -149.97 84.70 0.03 -1.23 -1.35 0.09 0.04 0.65 0.15
6.00 0.25 -62.72 78.63 153.28 -0.45 -1.88 -2.07 0.91 0.12 0.02 0.05
19.00 0.42 127.28 126.79 -75.68 -0.53 -2.33 0.88 0.81 0.15 0.31 0.15
9.00 0.35 -135.20 110.51 76.87 -2.42 -1.15 -1.90 0.33 0.81 0.29 0.49
7.00 0.12 56.45 41.38 109.78 0.55 -0.33 1.95 0.98 0.36 0.22 0.27
14.00 0.40 -60.99 -52.03 -182.42 -1.85 0.07 -1.82 0.99 0.43 0.38 0.72
13.00 0.02 19.03 -162.73 -99.57 -2.23 1.90 -0.12 0.76 0.41 0.75 0.78
5.00 0.06 -57.70 -7.53 -13.15 1.72 1.42 -1.90 0.71 0.41 0.93 0.40
8.00 0.19 -21.56 -91.60 -4.80 -1.33 0.90 1.15 0.67 0.08 0.11 0.68
14.00 0.10 -58.08 -117.92 2.33 0.40 0.20 0.75 0.53 0.85 0.82 0.87
6.00 0.22 -44.86 -74.20 138.88 -2.27 -2.10 -1.57 0.31 0.34 0.17 0.12
15.00 0.12 -57.35 70.92 -111.97 -0.98 1.65 -0.78 0.85 0.13 0.67 0.72
6.00 0.39 21.96 24.67 191.31 -0.15 -1.70 -2.10 0.71 0.88 0.85 0.34
6.00 0.11 -151.57 -101.58 56.31 -1.05 -2.38 -1.95 0.80 0.42 0.73 0.98
7.00 0.43 -167.11 -58.21 23.52 1.52 2.50 0.88 0.05 0.20 0.59 0.08
6.00 0.01 -64.34 11.60 -7.47 0.58 -2.15 -1.20 0.55 0.44 0.73 0.90
12.00 0.38 -56.23 51.85 -14.63 0.22 1.65 -0.70 0.66 0.85 0.43 0.97
11.00 0.06 -151.81 19.32 -120.51 1.93 -1.33 -1.07 0.14 0.38 0.87 0.82
12.00 0.20 -137.51 -105.62 28.56 -0.78 -0.68 0.25 0.73 0.62 0.42 0.18
9.00 0.34 73.57 137.85 -38.60 -1.82 0.60 1.55 0.32 0.97 0.32 0.26
13.00 0.03 124.25 -78.26 -13.71 2.33 1.10 1.23 0.97 0.73 0.50 0.05
6.00 0.03 54.90 121.05 66.45 2.35 -2.17 -2.42 0.83 0.76 0.36 0.21
10.00 0.04 84.98 -68.11 36.27 -1.02 1.07 2.17 0.81 0.11 0.13 0.67
9.00 0.38 -18.34 159.21 18.43 -2.10 0.53 0.28 0.92 0.36 0.92 0.03
5.00 0.38 -59.73 -4.78 27.22 0.38 2.40 -0.20 0.52 0.73 0.08 0.24
8.00 0.18 -82.72 64.80 131.42 0.90 -1.75 0.05 0.11 0.85 0.54 0.13
6.00 0.33 -83.93 69.31 -156.92 -0.07 0.90 1.85 0.87 0.04 0.38 0.74
9.00 0.33 136.09 67.51 -113.92 0.07 -1.38 1.88 0.70 0.14 0.71 0.01
5.00 0.41 110.98 -118.76 15.24 -0.60 -0.25 2.42 0.63 0.73 0.88 0.34
12.00 0.28 -3.62 89.62 78.80 -0.10 -0.15 1.70 0.65 0.27 0.53 0.17
16.00 0.16 16.02 40.78 56.54 -0.50 2.30 -0.47 0.20 0.64 0.27 0.88
8.00 0.07 29.85 -120.04 -104.18 0.45 0.83 0.83 0.31 0.67 0.04 0.50
5.00 0.20 150.92 110.80 -60.99 0.68 -1.72 2.23 0.27 0.89 0.66 0.93
17.00 0.44 60.78 167.33 -55.77 -2.38 -0.83 -0.30 0.09 0.97 0.88 0.25
5.00 0.13 127.02 -95.10 103.38 1.55 -0.07 1.05 0.50 0.66 0.07 0.94
14.00 0.33 47.06 97.39 90.41 -0.88 -1.05 1.82 0.18 0.14 0.30 0.63
18.00 0.12 19.91 -110.42 52.91 0.07 -1.98 -0.88 0.14 0.76 0.17 0.44
19.00 0.42 -59.53 -50.36 1.01 1.90 1.02 2.45 0.34 0.94 0.95 0.39
5.00 0.39 -109.62 -126.91 -84.07 1.02 -0.78 -1.17 0.50 0.60 0.95 0.26
5.00 0.41 -43.73 -45.52 22.94 0.47 2.20 2.17 0.03 0.34 0.93 0.37
21.00 0.19 -164.64 -16.00 60.75 -2.48 -0.03 0.70 0.32 0.56 0.97 0.40
10.00 0.28 -79.89 -117.88 -42.43 1.62 0.72 0.60 0.59 0.61 0.62 0.04
7.00 0.36 -56.12 -22.18 35.11 1.50 0.22 -1.77 0.30 0.42 0.86 0.48
22.00 0.24 -29.30 78.88 147.42 -1.50 0.70 1.47 0.38 0.03 0.61 0.91
9.00 0.45 118.11 -44.42 20.23 -0.88 -0.25 -2.27 0.12 0.48 0.44 0.18
12.00 0.17 -135.10 -23.82 8.89 -1.25 -1.55 1.38 0.24 0.20 0.81 0.11
15.00 0.40 19.39 -105.08 -121.85 2.07 -1.20 1.77 0.66 0.81 0.86 0.07
12.00 0.01 100.00 -93.16 -32.07 1.47 -1.90 -1.45 0.96 0.58 0.72 0.86
10.00 0.07 -150.94 -43.31 -89.07 -1.93 1.95 0.35 0.10 0.58 0.01 0.59
14.00 0.38 61.66 -145.33 40.73 -2.40 0.30 -0.60 0.59 0.39 0.63 0.77
8.00 0.41 167.94 93.96 25.24 2.42 -0.60 0.70 0.57 0.95 0.88 0.47
8.00 0.13 -99.17 -159.67 -36.35 -0.25 -1.35 0.58 0.14 0.26 0.04 0.67
9.00 0.11 -104.60 -6.53 138.42 2.33 -0.93 -2.33 0.49 0.09 0.67 0.93
10.00 0.32 -72.17 -132.19 -125.38 -0.70 0.38 0.93 0.26 0.85 0.58 0.47
14.00 0.26 -127.23 -52.50 89.06 -2.03 2.35 -2.45 0.59 0.12 0.38 0.06
6.00 0.16 -97.69 -45.01 -50.75 1.95 -2.03 -2.33 0.02 0.42 0.40 0.07
13.00 0.16 -169.55 26.57 -95.47 2.23 1.23 -2.50 0.52 0.99 0.88 0.04
13.00 0.26 -141.61 110.51 47.69 -2.25 -2.23 -2.42 0.72 0.51 0.83 0.04
5.00 0.36 30.52 -70.41 111.06 1.70 -2.33 -1.75 0.62 0.40 0.25 0.49
10.00 0.27 111.52 92.85 -26.46 1.20 -2.20 0.43 0.81 0.68 0.38 0.65
10.00 0.26 -81.94 16.68 -78.57 2.27 1.55 0.75 0.88 0.65 0.60 0.13
16.00 0.17 14.80 57.62 -109.33 0.43 0.05 0.20 0.07 0.04 0.80 0.66
6.00 0.13 53.44 190.86 17.56 0.15 -0.10 -0.68 0.12 0.90 0.28 0.90
11.00 0.08 -136.33 31.09 124.65 -1.93 2.40 -1.17 0.58 0.52 0.89 0.13
6.00 0.12 -61.62 -104.10 -32.96 -0.65 0.60 2.15 0.15 0.68 0.46 0.18
15.00 0.18 129.40 -64.42 -80.36 -2.05 1.62 0.07 0.96 0.65 0.59 0.10
5.00 0.36 2.64 -87.98 -90.28 2.33 0.40 0.83 0.02 0.40 0.56 0.69
6.00 0.11 -121.29 -101.68 -59.46 -1.45 1.00 0.55 0.53 0.32 0.64 0.16
8.00 0.10 0.94 155.06 52.18 0.25 0.70 0.22 0.59 0.71 0.78 0.34
9.00 0.28 -130.36 -52.72 20.30 0.22 -0.07 -1.77 0.97 0.93 0.16 0.36
14.00 0.36 -134.55 71.63 119.31 0.85 -2.10 -2.05 0.94 0.18 0.91 0.39
7.00 0.36 -59.34 -8.02 147.50 1.15 -1.45 -1.05 0.25 0.87 0.33 0.22
18.00 0.35 103.16 -8.45 72.41 1.95 0.90 0.95 0.62 0.35 0.46 0.55
7.00 0.38 -83.18 35.59 -124.08 1.50 -0.90 0.33 0.38 0.71 0.79 0.15
11.00 0.40 106.60 37.64 84.48 1.10 -0.65 2.03 0.80 0.02 0.26 0.64
7.00 0.17 10.63 -36.58 -17.66 1.88 -1.75 2.05 0.19 0.60 0.91 0.31
9.00 0.13 91.46 -15.27 173.08 1.98 -1.38 1.60 0.90 0.61 0.65 0.71
5.00 0.16 -106.45 48.13 -36.93 -1.17 0.35 2.20 0.88 0.05 0.45 0.33
6.00 0.31 49.98 -107.79 -40.46 -2.35 -1.27 -0.80 0.10 0.19 0.55 0.68
8.00 0.16 -35.98 -101.33 -65.68 -1.50 0.98 1.85 0.34 0.60 0.74 0.05
6.00 0.27 -119.87 -121.78 -98.47 -1.12 0.75 0.68 0.93 0.66 0.12 0.24
6.00 0.23 -79.73 -82.97 -130.95 0.33 1.82 2.05 0.85 0.35 0.85 0.14
9.00 0.33 145.56 -57.23 -108.84 1.02 -1.25 2.12 0.29 0.53 0.27 0.17
12.00 0.12 -76.43 -35.94 105.73 0.95 -2.10 0.05 0.73 0.12 0.63 0.97
5.00 0.43 85.17 18.36 -104.96 0.30 0.88 0.80 0.84 0.92 0.79 0.06
14.00 0.04 -65.63 -183.10 6.07 0.33 -0.35 -0.47 0.74 0.55 0.97 0.69
14.00 0.28 0.51 -21.37 150.11 2.03 0.98 -1.42 0.13 0.24 0.38 0.64
12.00 0.17 3.99 -66.18 -81.52 -0.03 0.03 -0.12 0.69 0.46 0.97 0.51
13.00 0.21 163.59 64.58 -93.21 1.95 2.42 -1.23 0.75 0.11 0.39 0.95
9.00 0.31 -173.10 82.88 49.76 2.33 1.35 -2.33 0.90 0.46 0.30 0.80
7.00 0.12 134.11 -10.91 -34.67 -0.43 -0.28 -2.00 0.59 0.18 0.96 0.42
5.00 0.20 97.45 58.91 79.40 2.00 -1.65 1.02 0.38 0.98 0.64 0.57
7.00 0.02 -98.00 -120.42 -34.22 1.35 -1.50 1.80 0.07 0.06 0.53 0.75
10.00 0.44 66.24 57.93 154.39 -2.35 -1.77 -1.90 0.59 0.92 0.78 0.83
10.00 0.17 127.33 120.94 -33.39 -0.72 -2.03 0.43 0.32 0.79 0.88 0.18
16.00 0.18 132.81 49.34 -37.50 -1.50 2.25 -1.23 0.99 0.15 0.65 0.25
5.00 0.33 36.34 136.81 -71.62 -2.23 2.45 0.12 0.28 0.73 0.25 0.03
11.00 0.02 138.89 -83.90 90.52 -2.05 0.65 0.53 0.34 0.45 0.22 0.66
7.00 0.03 157.78 90.81 -80.18 1.50 -0.10 1.55 0.43 0.40 0.44 0.65
11.00 0.12 131.06 -114.42 -83.96 1.75 1.88 -0.70 0.24 0.05 0.04 0.26
15.00 0.15 18.86 -178.52 -56.10 -0.90 -1.17 1.17 0.20 0.90 0.92 0.95
11.00 0.43 -32.57 185.72 13.78 -1.38 -0.28 2.38 0.20 0.23 0.50 0.80
11.00 0.18 64.74 -129.52 -69.18 0.28 0.35 2.10 0.02 0.24 0.42 0.31
7.00 0.30 -61.30 -15.07 -136.54 -1.15 2.48 -1.57 0.03 0.67 0.86 0.37
20.00 0.05 152.18 -48.07 8.01 1.07 0.03 -0.98 0.35 0.89 0.33 0.89
6.00 0.01 16.28 60.70 75.49 -2.50 -0.05 1.65 0.49 0.56 0.93 0.07
5.00 0.11 122.09 -94.65 125.06 -1.80 0.53 -2.48 0.30 0.39 0.18 0.59
12.00 0.35 -88.40 74.89 -46.01 1.70 -2.00 1.47 0.63 0.55 0.37 0.11
18.00 0.35 -62.46 163.31 -84.24 1.65 0.68 -2.38 0.83 0.34 0.16 0.97
16.00 0.38 -94.61 -59.75 -141.40 -0.70 1.05 1.82 0.43 0.97 0.13 0.42
11.00 0.30 -89.71 88.23 152.28 2.05 1.60 0.85 0.25 0.07 0.15 0.20
6.00 0.20 36.51 128.35 -39.53 -1.23 0.40 -2.25 0.84 0.63 0.95 0.16
7.00 0.40 134.83 -9.73 32.29 1.65 -2.25 2.03 0.30 0.11 0.81 0.71
6.00 0.21 -66.29 90.59 127.87 0.65 -1.02 0.43 0.29 0.10 0.01 0.22
9.00 0.43 -98.74 -87.28 35.98 1.27 -1.47 2.10 0.44 0.77 0.76 0.64
9.00 0.12 3.21 -183.41 -15.15 0.07 1.52 1.80 0.23 0.65 0.73 0.80
14.00 0.28 103.74 92.47 -93.22 -2.48 -2.23 0.15 0.46 0.28 0.74 0.87
6.00 0.05 -48.89 29.93 21.42 -2.05 -1.38 1.47 0.19 0.08 0.07 0.09
9.00 0.12 -37.17 -123.37 35.26 1.15 -2.33 0.65 0.36 0.01 0.77 0.81
13.00 0.09 28.06 60.50 -0.02 -0.62 1.33 -0.78 0.68 0.97 0.46 0.54
11.00 0.08 95.60 73.23 -11.93 -0.80 0.93 0.55 0.06 0.74 0.92 0.73
7.00 0.06 21.04 56.83 170.93 -2.05 0.60 0.47 0.65 0.99 0.10 0.78
11.00 0.31 54.18 -56.87 -181.71 1.68 -1.72 -0.53 0.85 0.06 0.58 0.67
9.00 0.40 133.52 31.43 129.31 0.10 0.53 0.62 0.27 0.87 0.74 0.07
12.00 0.12 -96.76 -148.03 58.57 1.05 0.28 -0.47 0.53 0.07 0.88 0.89
5.00 0.43 95.05 -23.71 35.38 -1.75 0.50 -1.75 0.21 0.68 0.67 0.52
14.00 0.17 47.54 -109.57 -82.55 -0.12 -1.45 0.85 0.70 0.08 0.04 0.47
7.00 0.04 14.51 178.24 47.42 -0.90 1.15 1.47 0.28 0.19 0.13 0.29
10.00 0.11 34.99 186.87 0.99 2.03 0.58 -1.95 0.47 0.66 0.89 0.05
7.00 0.31 126.35 6.76 -98.53 0.15 -1.17 -0.07 0.14 0.19 0.47 0.10
10.00 0.24 45.53 -49.90 107.57 1.93 0.95 -0.33 0.36 0.66 0.84 0.81
8.00 0.45 -7.97 -54.28 134.80 2.12 -2.50 1.60 0.82 0.42 0.46 0.24
5.00 0.35 -79.31 134.74 -62.49 0.28 -1.15 -2.25 0.95 0.26 0.07 0.15
5.00 0.10 130.30 110.38 83.86 0.30 -0.12 2.23 0.56 0.78 0.48 0.29
7.00 0.07 11.04 -15.08 174.14 1.68 -0.20 -0.15 0.88 0.27 0.90 0.76
13.00 0.20 -37.53 -58.99 -34.91 -2.17 1.02 0.83 0.97 0.70 0.83 0.91
7.00 0.21 -2.54 -103.94 -64.93 -2.42 -0.12 -0.22 0.15 0.89 0.13 0.50
7.00 0.07 47.63 34.02 175.87 1.15 -0.90 -2.33 0.47 0.88 0.31 0.67
5.00 0.30 24.92 104.49 -13.35 1.80 0.55 0.70 0.28 0.33 0.01 0.10
18.00 0.05 -122.16 -157.02 0.16 0.12 2.23 -0.07 0.97 0.36 0.79 0.77
10.00 0.38 130.90 -59.83 -130.08 1.30 -2.20 1.00 0.71 0.75 0.47 0.62
8.00 0.03 -172.86 -78.14 -63.25 -1.50 1.40 0.15 0.66 0.36 0.91 0.40
8.00 0.22 -65.72 85.99 10.75 2.48 1.45 0.58 0.56 0.57 0.11 0.90
12.00 0.43 138.06 69.61 0.01 1.93 2.40 -1.15 0.38 0.30 0.89 0.19
13.00 0.03 42.11 99.81 -66.96 -1.45 -0.90 -1.82 0.38 0.94 0.71 0.95
10.00 0.40 77.10 -140.12 2.21 1.23 0.72 -0.60 0.99 0.75 0.20 0.74
10.00 0.40 -48.21 -12.56 -115.22 -0.15 -2.03 0.55 0.17 0.85 0.16 0.82
9.00 0.32 60.09 39.82 -22.70 2.33 0.80 2.25 0.25 0.91 0.23 0.87
7.00 0.06 142.83 43.08 15.77 1.45 -1.20 -2.10 0.97 0.12 0.93 0.81
11.00 0.23 172.54 19.67 46.52 -1.20 0.15 -1.35 0.62 0.62 0.11 0.21
6.00 0.07 -43.95 -69.68 181.54 2.27 -1.82 -1.57 0.94 0.75 0.95 0.11
6.00 0.10 112.87 101.24 87.55 -0.07 -2.12 -0.05 0.94 0.46 0.72 0.34
5.00 0.10 111.49 -96.80 21.91 2.10 2.30 1.60 0.07 0.48 0.99 0.59
10.00 0.21 22.51 163.22 -104.83 0.75 -1.00 2.48 0.60 0.18 0.70 0.94
8.00 0.27 -57.87 -40.73 -157.14 1.62 2.40 0.53 0.10 0.63 0.78 0.98
7.00 0.42 -62.45 -36.52 27.54 -0.83 1.50 1.65 0.58 0.39 0.33 0.83
8.00 0.29 -107.37 39.35 118.57 -1.77 -0.35 0.45 0.27 0.84 0.53 0.66
9.00 0.44 -71.88 50.99 4.81 -0.07 -0.47 0.47 0.91 0.48 0.24 0.36
7.00 0.22 41.12 -73.76 -153.40 -1.17 1.38 -0.38 0.01 0.24 0.71 0.64
6.00 0.40 174.08 46.37 6.93 2.50 1.70 0.10 0.40 0.70 0.17 0.38
15.00 0.29 -162.51 96.65 -43.79 -2.30 0.53 0.65 0.79 0.94 0.28 0.82
7.00 0.07 37.23 -28.50 165.01 -1.35 2.30 -1.05 0.64 0.51 0.60 0.01
6.00 0.09 -6.63 67.97 45.40 0.33 0.40 2.30 0.79 0.34 0.23 0.94
9.00 0.37 142.27 58.73 31.12 0.15 -0.75 -0.83 0.32 0.81 0.49 0.60
9.00 0.09 -86.49 113.43 126.15 -2.33 1.02 0.00 0.18 0.21 0.23 0.58
10.00 0.25 -113.50 10.44 10.32 1.40 -0.75 1.42 0.70 0.46 0.68 0.42
9.00 0.13 -133.29 -69.75 108.90 0.18 2.38 -2.15 0.41 0.04 0.38 0.58
7.00 0.29 22.87 103.67 88.12 -1.05 1.02 1.65 0.12 0.71 0.74 0.55
8.00 0.27 -6.48 9.80 140.55 -0.35 -2.35 1.65 0.04 0.72 0.29 0.23
5.00 0.36 111.35 -72.48 91.91 2.05 -1.35 -0.47 0.02 0.83 0.28 0.77
8.00 0.10 -19.80 35.35 -92.83 -1.93 -1.70 -0.12 0.41 0.95 0.47 0.67
7.00 0.21 -72.03 -126.58 32.91 -0.12 1.90 2.12 0.94 0.82 0.58 0.30
14.00 0.38 -84.63 102.08 -146.14 -1.77 1.57 0.93 0.76 0.57 0.78 0.87
8.00 0.26 -22.20 134.17 55.69 2.07 1.20 -1.80 0.07 0.45 0.30 0.82
5.00 0.22 -129.06 -72.97 -110.75 -2.25 -0.03 -1.72 0.34 0.08 0.24 0.69
8.00 0.29 -163.26 95.04 -11.84 0.58 1.52 -1.93 0.27 0.73 0.62 0.63
9.00 0.40 174.69 55.27 28.25 0.95 -1.33 0.47 0.16 0.24 0.35 0.97
6.00 0.06 184.66 -25.62 -34.60 -0.65 0.18 -1.70 0.09 0.51 0.89 0.02
7.00 0.14 84.80 52.88 3.37 -0.98 1.00 -0.22 0.21 0.69 0.77 0.89
9.00 0.04 115.59 41.12 -13.67 -1.72 0.83 1.50 0.49 0.42 0.90 0.35
12.00 0.24 -31.21 177.73 67.04 0.58 -1.23 2.45 0.29 0.20 0.02 0.42
8.00 0.12 -88.33 -36.15 -71.31 0.12 1.45 0.72 0.02 0.55 0.84 0.38
11.00 0.08 -72.81 28.17 -34.64 0.70 1.42 1.33 0.22 0.94 0.12 0.99
11.00 0.36 1.62 -151.30 -20.53 0.25 -0.75 0.38 0.23 0.25 0.48 0.97
9.00 0.40 -149.03 92.44 21.09 1.98 -1.40 -2.17 0.03 0.27 0.85 0.51
5.00 0.23 4.65 -26.70 -8.38 0.25 -0.07 1.88 0.07 0.15 0.67 0.28
11.00 0.08 37.92 111.44 114.18 2.05 1.00 -0.25 0.29 0.15 0.59 0.60
10.00 0.07 17.16 13.36 175.48 -1.27 -1.57 1.12 0.34 0.15 0.28 0.51
11.00 0.34 48.94 13.23 11.05 -2.45 0.10 -1.95 0.66 0.98 0.84 0.85
11.00 0.41 1.30 -9.18 -108.72 -1.75 -0.15 -0.85 0.49 0.79 0.55 0.32
5.00 0.11 81.37 27.11 1.73 -0.25 -0.68 -1.15 0.35 0.47 0.10 0.20
11.00 0.21 -122.28 4.61 -149.09 0.22 0.12 1.02 0.67 0.53 0.97 0.36
10.00 0.34 56.54 161.85 90.42 1.70 0.28 -0.30 0.01 0.43 0.28 0.07
8.00 0.40 -71.77 -23.30 -118.47 -0.35 -1.62 -2.03 0.76 0.84 0.12 0.57
8.00 0.11 34.42 -113.16 135.59 2.45 2.03 -1.90 0.74 0.71 0.97 0.03
9.00 0.44 3.70 119.16 150.65 2.27 0.10 -1.80 0.02 0.77 0.48 0.36
6.00 0.03 -40.74 8.45 113.47 -2.40 -0.07 -1.72 0.92 0.37 0.90 0.39
8.00 0.02 -104.90 106.07 119.59 2.05 -0.60 1.12 0.60 0.22 0.44 0.90
7.00 0.36 -1.13 -136.25 1.69 -0.12 -1.90 2.30 0.92 0.37 0.84 0.69
8.00 0.36 -5.38 175.36 16.50 2.23 -1.33 -0.75 0.04 0.58 0.13 0.75
6.00 0.24 82.06 -78.26 -118.36 2.25 1.65 -1.45 0.84 0.35 0.78 0.11
5.00 0.35 75.49 -82.84 -131.38 -0.45 2.03 -1.17 0.40 0.80 0.12 0.38
6.00 0.04 3.98 56.42 -18.95 0.53 0.58 0.38 0.06 0.53 0.49 0.98
8.00 0.15 -106.59 88.75 124.08 -2.17 -0.60 0.45 0.66 0.31 0.76 0.68
10.00 0.22 -26.29 -42.65 10.56 -0.90 0.78 -2.12 1.00 0.38 0.57 0.28
7.00 0.24 44.80 -30.59 151.80 0.12 1.47 -0.03 0.68 0.81 0.94 0.03
6.00 0.38 62.63 -41.43 -172.14 0.33 0.72 -0.30 0.55 0.68 0.37 0.73
13.00 0.17 -48.50 -92.87 160.09 -1.15 0.62 0.85 0.79 0.65 0.96 0.54
6.00 0.08 75.66 77.40 -8.15 -1.33 -1.80 1.25 0.35 0.88 0.07 0.83
13.00 0.35 -6.46 -126.47 -34.02 0.62 -1.72 2.35 0.11 0.58 0.50 0.35
8.00 0.23 2.85 -51.12 171.25 1.65 -0.43 -1.25 0.00 0.29 0.70 0.74
11.00 0.05 -158.84 -57.05 74.58 2.35 -0.30 1.95 0.71 0.39 0.45 0.94
7.00 0.44 37.67 106.11 149.11 0.55 1.05 -0.50 0.87 0.65 0.21 0.72
10.00 0.21 20.17 18.25 -66.54 -1.95 0.70 0.30 0.35 0.07 0.43 0.62
17.00 0.37 -141.81 25.78 -14.34 0.03 -1.77 0.12 0.89 0.89 0.72 0.32
8.00 0.09 102.00 17.87 120.81 -0.93 -0.78 -2.48 0.33 0.52 0.48 0.35
15.00 0.14 74.79 65.25 122.54 2.35 2.20 0.98 0.64 0.12 0.55 0.01
8.00 0.43 79.54 83.76 97.63 -1.23 1.90 1.27 0.92 0.08 0.86 0.90
6.00 0.07 138.60 93.26 87.75 0.93 2.42 2.42 0.13 0.74 0.32 0.24
11.00 0.04 -195.76 22.99 10.49 0.62 -0.68 1.40 0.39 0.20 0.63 0.56
5.00 0.03 185.45 4.27 58.60 0.30 0.47 -0.45 0.06 0.46 0.87 0.47
12.00 0.16 -8.67 30.51 173.76 -1.38 2.42 0.62 0.47 0.51 0.97 0.73
12.00 0.14 74.22 -2.02 122.38 -2.23 1.38 0.88 0.85 0.93 0.36 0.29
10.00 0.11 -128.40 111.86 -90.75 1.95 0.18 -1.88 0.75 0.26 0.86 0.87
6.00 0.43 -71.27 159.30 -27.28 0.40 2.00 2.15 0.18 0.58 0.85 0.44
5.00 0.32 57.94 -66.73 108.49 -1.12 -1.55 0.47 0.35 0.36 0.11 0.87
12.00 0.43 52.57 109.35 135.01 2.38 -2.25 -1.85 0.51 0.21 0.59 0.65
5.00 0.17 120.15 -26.54 34.38 0.83 1.80 0.85 0.54 0.64 0.64 0.72
6.00 0.21 109.75 35.54 136.12 1.50 -0.83 -0.55 0.90 0.42 0.87 0.97
13.00 0.17 -170.53 -38.67 11.35 -0.60 0.90 1.93 0.13 0.88 0.45 0.10
8.00 0.02 51.25 149.78 43.65 -1.77 -2.20 2.15 0.19 0.25 0.03 0.15
6.00 0.28 147.30 14.75 -86.47 1.60 0.72 -1.17 0.70 0.17 0.61 0.87
7.00 0.08 -1.76 -50.77 -32.07 -1.45 -0.70 -2.40 0.99 0.49 0.28 0.91
7.00 0.09 -97.81 -169.32 10.48 -1.52 0.07 -0.05 0.53 0.24 0.77 0.27
9.00 0.17 196.40 1.45 12.69 2.23 0.95 -0.40 0.39 0.65 0.79 0.95
8.00 0.38 15.95 102.83 104.83 1.15 -0.90 0.40 0.01 0.34 0.72 0.87
7.00 0.27 85.31 68.79 -156.94 2.03 2.30 0.40 0.18 0.81 0.62 0.52
10.00 0.30 -193.79 -23.64 41.05 0.33 -0.70 -2.35 0.46 0.53 0.63 0.81
12.00 0.32 11.77 -138.32 135.20 -0.12 -0.18 -0.70 0.84 0.95 0.72 0.49
7.00 0.41 -137.14 -44.10 35.86 -2.42 -0.20 0.70 0.40 0.54 0.11 0.59
10.00 0.26 3.60 -124.01 155.07 1.15 -2.07 2.45 0.39 0.55 0.58 0.27
5.00 0.40 -90.13 -66.62 10.82 1.38 1.12 0.78 0.74 0.81 0.90 0.85
6.00 0.11 -127.78 43.64 139.65 0.35 -1.23 0.33 0.26 0.89 0.58 0.75
13.00 0.36 70.25 -68.15 127.53 -0.07 0.47 1.57 0.68 0.15 0.23 0.36
11.00 0.16 29.37 49.05 -139.35 2.10 1.95 1.52 0.08 0.70 0.41 0.42
9.00 0.41 -6.48 -84.23 -117.90 2.48 2.48 -2.38 0.14 0.34 0.44 0.59
10.00 0.16 15.62 -98.93 -86.71 1.70 -0.55 2.15 0.06 0.64 0.37 0.35
9.00 0.37 5.65 42.99 127.24 -1.93 2.25 -0.07 0.15 0.60 0.62 0.51
10.00 0.35 146.97 -4.99 52.34 0.85 -0.70 -2.27 0.84 0.68 0.86 0.33
6.00 0.39 -68.89 -18.84 165.20 0.53 1.23 -0.95 0.16 0.54 0.70 0.90
13.00 0.14 29.94 186.96 -58.74 -1.25 -2.35 0.58 0.15 0.53 0.16 0.97
9.00 0.17 -97.04 96.28 17.11 1.57 0.43 2.05 0.32 0.33 0.97 0.75
12.00 0.33 98.77 119.82 -48.26 -1.33 -1.68 2.42 0.16 0.93 0.49 0.02
5.00 0.38 83.06 8.52 46.67 -2.20 2.48 -1.10 0.45 0.41 0.82 0.08
5.00 0.15 116.38 -143.09 -67.99 -0.15 -0.40 -1.75 0.35 0.40 0.59 0.82
5.00 0.24 -64.31 -26.51 122.32 0.33 -2.25 -0.65 0.17 0.20 0.86 0.77
