17.47 1332
8.00 13.78 387.91 181.64 38.03 -0.83 0.51 0.31 0.38 0.25 0.63 0.53
13.00 13.97 109.19 -312.15 235.41 0.21 0.69 -0.96 0.70 0.70 0.08 0.64
15.00 38.96 140.05 183.85 711.84 -0.88 0.24 0.12 0.06 0.55 0.97 0.61
18.00 50.29 -484.22 -206.98 -70.93 -0.60 0.08 0.52 0.90 0.82 0.55 0.13
8.00 15.22 253.83 -422.65 -15.53 0.87 0.07 0.33 0.49 0.33 0.53 0.69
18.00 40.06 -437.05 365.68 129.19 0.71 -0.06 -0.24 0.00 0.20 0.98 0.57
8.00 12.57 -386.13 -87.97 172.42 -0.09 0.56 0.09 0.29 0.47 0.68 0.48
27.00 66.43 -321.24 -269.46 -85.76 -0.48 0.41 -0.55 0.85 0.65 0.84 0.46
23.00 58.33 -464.86 84.27 -309.22 0.85 -0.09 -0.86 0.30 0.70 0.09 0.10
11.00 23.31 -643.64 -4.27 136.30 0.19 -0.74 0.77 0.01 0.81 0.68 0.82
10.00 10.04 435.15 -396.67 -70.24 0.80 0.28 0.29 0.12 0.09 0.75 0.82
14.00 25.65 -348.10 -489.74 524.69 0.90 -0.02 -0.76 0.02 0.86 0.24 0.73
11.00 10.27 193.46 84.62 22.23 0.10 -0.50 0.16 0.90 0.97 0.03 0.87
37.00 359.06 -435.46 -394.16 20.66 0.47 -0.60 -0.08 0.35 0.23 0.90 0.14
13.00 34.51 -309.92 514.74 106.21 0.49 -0.96 0.65 0.70 0.53 0.45 0.15
5.00 3.07 682.81 10.79 -126.94 -0.22 0.10 0.95 0.30 0.98 0.38 0.65
6.00 2.19 623.67 51.15 -472.40 -0.87 -0.96 -0.49 0.10 0.02 0.21 0.36
17.00 41.72 546.56 284.36 -247.04 0.69 0.19 0.56 0.26 0.03 0.52 0.53
12.00 0.51 -292.76 490.29 -547.29 0.56 -0.71 -0.05 0.56 0.36 0.68 0.69
11.00 12.92 580.81 144.68 -131.34 -0.75 0.34 0.53 0.69 0.91 0.15 0.42
12.00 5.86 625.91 274.56 322.39 -0.23 0.62 0.78 0.47 0.23 0.87 0.08
10.00 16.80 123.47 -34.59 369.72 0.71 0.09 0.85 0.46 0.56 0.35 0.64
5.00 1.64 -475.76 494.23 78.98 0.59 0.60 -0.39 0.74 0.40 0.51 0.22
5.00 1.85 11.09 -664.13 34.50 0.78 -0.44 0.90 0.27 0.76 0.45 0.72
16.00 16.99 -227.44 -443.91 271.65 -0.42 -0.33 0.50 0.30 0.29 0.15 0.59
13.00 0.46 216.03 570.87 -309.72 0.62 -0.36 0.10 0.12 0.07 0.94 0.38
8.00 8.09 -150.87 -303.61 -257.37 -0.71 -0.87 0.62 0.27 0.07 0.96 0.09
15.00 48.21 588.72 -500.96 -105.34 0.35 0.01 -0.17 0.61 0.05 0.37 0.32
16.00 28.43 114.72 -239.86 -635.38 -0.90 -0.39 0.46 0.14 0.37 0.74 0.88
18.00 79.11 -434.39 -481.70 353.86 -0.53 -0.80 0.27 0.20 0.53 0.10 0.47
6.00 4.06 -94.59 568.48 -24.48 -0.71 0.61 0.91 0.76 0.72 0.68 0.18
7.00 2.58 -693.66 315.68 -46.87 -0.34 -0.88 -0.75 0.52 1.00 0.34 0.07
17.00 29.80 97.02 -402.21 -670.63 0.78 -0.92 0.79 0.69 0.10 0.67 0.80
9.00 18.32 -320.56 318.22 221.60 0.59 0.28 -0.56 0.22 0.88 0.99 0.51
6.00 4.04 72.30 610.25 504.43 -0.53 -0.46 0.76 0.19 0.04 0.26 0.18
13.00 32.19 92.90 -121.78 -316.22 -0.19 -0.40 -0.92 0.97 0.22 0.71 0.57
8.00 3.26 -184.16 22.48 -626.49 -0.41 -0.50 -0.80 0.07 0.74 0.25 0.88
6.00 7.93 185.57 159.35 345.64 -0.88 0.86 0.01 0.06 0.91 0.81 0.35
9.00 14.29 217.11 -61.00 459.34 0.77 -0.73 0.50 0.09 0.29 0.47 0.33
17.00 61.03 7.99 446.89 657.74 0.48 -0.84 -0.46 0.37 0.32 0.57 0.90
8.00 4.31 -486.96 -264.45 -61.61 0.48 1.00 -0.75 0.83 0.25 0.22 0.22
5.00 6.77 397.84 -277.00 596.36 0.20 0.16 -0.86 0.27 0.71 1.00 0.50
9.00 10.58 -140.38 -253.00 528.27 -0.73 -0.29 0.09 0.38 0.69 0.80 0.34
6.00 3.70 -88.80 259.30 489.16 0.70 -0.99 0.61 0.49 0.65 0.19 0.78
19.00 50.98 -547.13 -161.27 -477.93 -0.86 -0.85 0.74 0.80 0.43 0.19 0.75
13.00 38.97 -466.09 -386.22 137.99 0.15 -0.34 -0.76 0.35 0.10 0.73 0.42
23.00 53.19 72.58 -497.91 -549.01 0.06 -0.95 -0.41 0.69 0.73 0.92 0.25
10.00 0.36 518.34 205.79 -20.76 0.96 0.67 0.05 0.12 0.99 0.51 0.03
15.00 34.36 97.60 -302.23 55.22 -0.70 -0.41 -0.02 0.91 0.82 0.26 0.97
11.00 13.33 95.26 342.98 84.97 0.60 -0.70 0.21 0.92 0.72 0.50 0.52
8.00 3.71 461.66 142.31 -378.32 -0.42 -0.94 0.50 0.69 0.88 0.47 0.15
6.00 1.02 69.25 389.67 73.76 0.13 -0.98 -0.83 0.16 0.04 0.38 0.32
11.00 28.66 100.41 -430.42 473.21 0.76 -0.02 -0.94 0.78 0.48 0.13 0.03
7.00 0.83 212.39 164.81 333.46 0.89 0.61 0.50 0.86 0.77 0.35 0.57
14.00 1.54 -361.78 114.55 21.56 -0.30 -0.25 0.26 0.64 0.40 0.06 0.82
12.00 22.25 475.83 298.28 -259.11 0.13 0.64 -0.25 0.22 0.77 0.56 0.55
14.00 51.35 -73.79 397.60 614.33 0.20 0.68 0.88 0.86 0.52 0.95 0.68
5.00 0.42 -208.07 103.89 -447.40 -0.84 0.87 0.02 0.70 0.35 0.35 0.62
36.00 299.13 712.96 341.89 97.43 -0.75 0.43 0.27 0.75 0.70 0.69 0.23
6.00 5.45 400.36 499.90 -163.87 0.96 0.39 -0.41 0.27 0.22 0.66 0.28
11.00 17.38 257.61 -247.84 -707.00 -0.72 -0.28 -0.91 0.75 0.42 0.10 0.05
14.00 30.32 259.29 -332.25 39.83 -0.86 -0.29 -0.17 0.66 0.11 0.39 0.30
14.00 3.77 -331.45 -346.64 -620.31 0.29 0.30 0.13 0.40 0.62 0.79 0.60
28.00 192.23 -5.59 470.01 -240.85 -0.61 -0.06 -0.46 0.87 0.33 0.26 0.17
5.00 6.76 55.92 302.50 385.88 0.95 0.22 -0.12 0.07 0.19 0.35 0.90
8.00 4.13 189.57 82.26 733.00 0.14 0.04 0.27 0.10 0.43 0.11 0.05
5.00 4.28 -344.14 -81.55 -406.12 -0.75 0.15 -0.05 0.85 0.87 0.07 0.09
14.00 38.89 483.94 165.93 234.37 0.16 -0.44 -0.17 0.57 0.68 0.43 0.38
24.00 40.17 378.79 145.51 89.46 0.02 -0.43 -0.11 0.90 0.25 0.73 0.94
13.00 22.80 107.17 66.03 -292.67 -0.25 0.60 -0.05 0.84 0.24 0.23 0.93
7.00 3.09 -682.36 -111.13 -289.72 0.77 0.83 0.55 0.23 0.42 0.20 0.51
7.00 3.21 -87.96 -688.33 -176.12 0.15 -0.55 -0.88 0.03 0.78 0.59 0.69
5.00 4.39 -172.09 23.75 670.79 0.85 0.98 -0.57 0.15 0.36 0.86 0.32
11.00 32.41 -304.79 12.72 544.32 0.53 -0.48 -0.46 0.27 0.59 0.14 0.45
15.00 40.58 -114.41 -267.30 742.24 0.15 0.17 0.25 0.37 0.66 0.46 0.32
6.00 5.96 434.41 -215.13 492.65 -0.17 0.15 0.16 0.41 0.20 0.62 0.20
7.00 6.59 211.60 73.87 -355.61 0.95 0.60 -0.98 0.98 0.48 0.56 0.70
10.00 6.10 74.84 -515.98 -463.24 -0.05 -0.67 -0.20 0.37 0.73 0.88 0.18
20.00 2.97 -512.74 -191.34 459.57 -0.20 -0.62 0.58 0.17 0.92 0.82 0.22
26.00 16.52 181.04 -711.21 151.88 0.28 -0.40 0.94 0.57 0.01 0.53 0.79
5.00 0.93 -315.86 -265.87 -37.00 -0.30 -0.51 -0.21 0.56 0.11 0.82 0.19
14.00 18.65 477.06 -106.59 -228.65 -0.39 0.72 -0.75 0.61 0.38 0.76 0.59
13.00 36.93 340.62 526.29 36.40 0.85 -0.30 0.72 0.65 0.29 0.24 0.97
14.00 26.59 -215.68 40.49 -37.87 0.34 -0.52 0.48 0.05 0.10 0.25 0.57
11.00 20.19 -138.41 -543.78 -486.11 0.30 0.33 0.40 0.59 0.25 0.51 0.68
12.00 10.29 -395.97 -537.53 -258.09 0.03 -0.10 0.61 0.00 0.08 0.54 0.80
8.00 7.05 414.62 6.19 675.32 -0.81 0.26 0.91 1.00 0.18 0.16 0.93
9.00 8.76 -109.63 454.32 357.00 0.94 0.08 0.81 0.05 0.60 0.96 0.62
9.00 11.76 -257.88 276.25 515.54 0.33 -0.79 0.99 0.68 0.92 0.10 0.96
15.00 0.96 -206.29 238.91 -590.61 -0.08 -0.06 0.72 0.22 0.03 0.84 0.99
9.00 21.04 -354.89 -102.51 494.16 -0.13 0.24 -0.28 0.21 0.81 0.11 0.88
6.00 7.69 309.14 -732.07 -66.56 0.78 0.08 0.46 0.30 0.70 0.74 0.47
12.00 12.46 466.05 -389.19 -141.17 0.23 -0.64 0.37 0.56 0.61 0.78 0.51
16.00 46.95 229.60 -429.68 -295.52 0.98 -0.29 0.92 0.69 0.79 0.25 0.48
5.00 5.45 -459.67 -413.75 -105.86 -0.64 0.86 0.76 0.25 0.33 0.18 0.11
15.00 14.56 476.36 14.76 140.89 0.22 0.74 0.61 0.58 0.58 0.88 0.08
12.00 27.35 111.48 285.20 -728.35 0.81 0.63 -0.03 0.40 0.22 0.08 1.00
8.00 16.76 351.16 206.61 -471.70 -0.95 0.74 0.21 0.74 0.01 0.12 0.63
6.00 1.34 -339.54 -295.07 -315.09 -0.87 -0.27 -0.89 0.13 0.53 0.40 0.42
7.00 2.49 -142.51 94.54 -22.40 -0.23 -0.63 0.77 0.70 0.31 0.49 0.92
7.00 10.59 743.85 73.88 -190.51 0.36 -0.76 0.20 1.00 0.10 0.24 0.26
5.00 0.22 189.41 202.42 -370.74 0.78 -0.51 0.95 0.19 0.62 0.79 0.47
22.00 59.12 105.56 251.73 -341.98 -0.88 0.18 -0.73 0.38 0.84 0.27 0.10
16.00 15.43 -624.22 -258.97 -196.04 0.34 0.85 -0.86 0.84 0.67 0.52 0.96
12.00 23.10 112.07 -26.63 -111.06 -0.19 0.75 0.36 0.22 0.06 0.35 0.85
5.00 4.82 -288.52 119.95 -76.29 0.42 0.28 -0.45 0.03 0.35 0.54 0.10
12.00 15.43 439.67 -70.19 470.90 -0.80 -0.61 0.65 0.36 0.16 0.47 0.53
9.00 6.65 -173.62 -496.70 -494.19 0.54 0.29 0.45 0.41 0.81 0.67 0.27
16.00 6.06 -451.35 414.79 416.23 0.17 0.33 -0.92 0.10 0.10 0.04 0.38
38.00 12.46 -425.18 -67.69 539.78 0.49 0.72 0.97 0.35 0.49 0.73 0.62
11.00 8.08 -18.95 585.61 -100.43 0.68 -0.77 -0.02 0.64 0.56 0.57 0.21
8.00 1.70 -382.49 174.30 -45.94 0.68 0.39 -0.26 0.19 0.01 0.36 0.14
14.00 35.46 526.01 550.89 -204.06 -1.00 0.42 -0.92 0.08 0.29 0.33 0.10
9.00 5.48 13.06 39.33 344.76 0.71 0.95 0.47 0.37 0.38 0.71 0.36
18.00 66.46 -514.87 -143.21 -435.77 -0.39 -0.81 -0.05 0.75 0.80 0.48 0.15
9.00 11.03 639.40 -195.06 -81.95 -0.90 -0.02 -0.44 0.80 0.93 0.62 0.81
13.00 21.97 316.21 184.47 -497.95 0.46 0.30 0.18 0.78 0.20 0.10 0.24
11.00 26.83 65.77 -8.49 448.76 0.13 0.65 0.16 0.83 0.66 0.29 0.95
32.00 228.06 37.00 0.18 108.05 -0.90 -0.60 -0.55 0.17 0.40 0.09 0.99
11.00 26.68 -478.46 -101.83 -499.63 0.04 -0.50 0.66 0.88 0.27 0.98 0.64
11.00 8.83 -211.81 342.82 687.69 0.69 -0.59 -0.03 0.39 0.59 0.85 0.26
19.00 50.95 -363.65 396.73 -268.69 -0.47 -0.93 -0.05 0.21 0.28 0.65 0.57
12.00 31.18 -301.38 46.96 -229.46 -0.94 0.25 0.22 0.48 0.58 0.95 0.39
9.00 1.03 240.54 -644.28 -2.01 -0.63 -0.70 -0.70 0.89 0.59 0.18 0.74
6.00 4.71 38.61 152.05 265.28 0.91 -0.11 0.23 0.51 0.77 0.91 0.06
24.00 54.41 -81.18 90.46 642.77 -0.53 -0.73 0.30 0.87 0.74 0.25 0.14
19.00 64.85 183.50 -613.95 -122.92 -0.03 -0.74 -0.73 0.54 0.21 0.53 0.38
15.00 48.99 -261.49 -386.07 405.70 0.17 -0.62 -0.03 0.68 0.57 0.62 0.70
5.00 0.13 -131.59 260.96 358.38 -0.94 0.04 0.14 0.90 0.46 0.68 0.20
5.00 4.50 -322.40 488.52 -21.95 -0.70 0.81 -0.92 0.80 0.38 0.51 0.85
34.00 9.83 374.82 -128.48 351.87 0.18 -0.65 0.64 0.21 0.18 0.88 0.41
13.00 34.85 286.32 -378.19 -308.49 0.10 -0.71 -0.97 0.39 0.11 0.82 0.14
11.00 22.90 392.34 -87.63 684.24 -0.96 -0.95 -0.53 0.16 0.47 0.41 0.98
13.00 1.14 -235.55 214.11 513.88 0.64 0.54 -0.58 0.12 0.94 0.13 0.18
12.00 38.50 730.80 -43.83 -222.06 0.91 -0.08 0.69 0.78 0.06 0.30 0.47
16.00 65.18 354.61 -12.12 -92.12 -0.13 0.20 0.36 0.72 0.18 0.46 0.74
19.00 87.92 -528.67 -455.40 -81.79 0.71 0.56 -0.27 0.44 0.69 0.31 0.11
18.00 38.36 -137.17 -475.41 -592.09 0.45 -0.98 0.20 0.63 0.69 0.24 0.94
18.00 14.85 -204.17 620.49 261.00 -0.70 -0.57 0.68 0.71 0.73 0.81 0.39
6.00 8.13 -377.69 -232.22 132.98 -0.84 -0.99 0.19 0.99 0.91 0.76 0.79
5.00 6.52 210.84 191.24 458.82 0.46 0.07 -0.46 0.89 0.50 0.05 0.18
10.00 11.47 361.49 -493.88 278.08 -0.04 0.65 -0.42 0.29 0.96 0.07 0.81
6.00 6.76 -123.26 -432.24 515.83 -0.77 0.95 -0.63 0.94 0.28 0.47 0.24
9.00 0.11 748.21 37.25 -249.39 -0.68 -0.83 -0.34 0.11 0.78 0.04 0.12
7.00 3.66 -355.92 -52.71 -295.85 -0.55 -0.45 -0.06 0.92 0.87 0.59 0.60
24.00 55.02 98.48 17.84 -74.23 -0.44 -0.92 0.21 0.65 0.71 0.22 0.17
14.00 43.70 228.77 204.68 639.58 0.20 0.27 -0.36 0.13 0.05 0.88 0.39
5.00 5.86 -10.61 117.65 -480.20 0.72 -0.84 0.02 1.00 0.50 0.91 0.59
5.00 3.27 451.80 -140.73 -66.52 0.00 0.56 0.15 0.29 0.32 0.46 0.34
7.00 5.34 540.14 -165.61 -557.75 -0.02 0.40 0.78 0.08 0.41 0.34 0.91
17.00 48.43 -232.57 505.08 435.17 0.33 0.74 -0.55 0.83 0.46 0.16 0.56
29.00 27.81 526.10 -301.70 -212.18 0.68 0.77 0.56 0.42 0.85 0.59 0.62
20.00 52.51 300.42 20.72 -161.31 0.64 0.47 -0.53 0.58 0.38 0.53 0.30
9.00 13.13 -506.06 -270.28 -19.53 0.29 -0.39 0.47 0.75 0.54 0.07 0.33
18.00 13.87 -97.02 -457.96 -587.56 -0.92 -0.36 -0.42 0.29 0.71 0.84 0.90
9.00 21.94 -551.95 -244.71 -332.38 0.49 0.97 -0.56 0.14 0.32 0.29 0.75
9.00 16.49 -449.88 -131.02 536.15 0.44 0.76 -0.03 0.58 0.03 0.25 0.92
21.00 41.94 371.70 -233.91 -537.59 0.90 0.15 -0.21 0.43 0.46 0.73 0.88
6.00 6.34 82.33 -27.00 -86.43 0.87 -0.59 0.82 0.63 0.61 0.24 0.57
27.00 148.49 -487.49 154.68 -562.78 0.81 0.66 0.65 0.05 0.18 0.77 0.85
14.00 5.43 -32.97 131.65 144.47 -0.86 0.66 -0.61 0.33 0.57 0.40 0.98
15.00 25.52 536.78 414.79 -103.37 -0.75 -0.91 -0.35 0.87 0.31 0.79 0.54
22.00 70.87 -129.32 477.76 33.45 0.48 -0.25 0.98 0.39 0.33 0.83 0.38
16.00 68.40 87.80 -301.16 118.66 0.63 -0.15 0.65 0.42 0.13 0.41 0.21
27.00 7.25 499.68 -570.83 -171.88 -0.67 -0.17 -0.64 0.43 0.18 0.86 0.60
22.00 64.63 106.53 -624.65 -353.34 0.61 -0.24 -0.66 0.51 0.06 0.85 0.66
15.00 26.22 -99.95 147.12 -354.99 -0.23 -0.66 0.76 1.00 0.96 0.56 0.68
7.00 0.23 -44.19 -394.44 -62.03 -0.30 -0.43 -0.51 0.22 0.57 0.17 0.75
5.00 6.06 373.90 -201.31 -466.94 -0.82 -0.67 0.42 0.23 0.28 0.35 0.26
19.00 68.37 431.30 68.33 366.85 0.58 0.08 -0.01 0.91 0.63 0.31 0.70
8.00 17.06 333.32 -148.94 138.95 0.61 -0.54 0.93 0.26 0.51 0.01 0.84
5.00 5.69 403.31 140.39 -469.90 -0.81 -0.41 -0.65 0.88 0.26 0.23 0.41
38.00 318.30 -321.29 147.38 621.98 0.17 0.07 -0.97 0.48 0.85 0.82 0.05
22.00 68.55 325.33 112.56 368.80 0.74 0.73 -0.88 0.92 0.09 0.34 0.09
14.00 4.38 233.19 -595.55 465.95 0.50 -0.18 -0.83 0.89 0.20 0.64 0.40
32.00 266.10 -313.03 -233.11 -579.00 -0.58 -0.75 0.29 0.58 0.87 0.53 0.90
12.00 34.10 510.75 584.21 99.19 -0.88 -0.93 0.90 0.45 0.64 0.63 0.53
14.00 31.63 240.38 -223.83 -556.22 0.54 0.22 -0.71 0.35 0.67 0.87 0.46
16.00 2.08 521.68 -134.97 262.85 0.49 0.55 -0.79 0.25 0.87 0.87 0.68
16.00 36.90 36.54 648.18 -10.23 0.91 0.99 0.23 0.87 0.74 0.07 0.12
17.00 71.36 -460.25 7.61 -12.54 -0.74 -0.08 0.71 0.55 0.71 0.90 0.27
13.00 28.04 310.08 -517.61 227.34 0.84 -0.73 -0.16 0.27 0.37 0.15 0.78
5.00 4.35 377.75 672.49 190.88 0.15 0.23 -0.46 0.58 0.43 0.06 0.85
19.00 87.01 -181.10 -260.64 -18.92 0.50 -0.39 0.83 0.77 0.94 0.33 0.70
9.00 5.75 202.98 95.00 111.16 0.82 -0.97 0.46 0.31 0.68 0.59 0.24
11.00 23.54 -253.97 425.97 -52.75 0.30 -0.66 -0.84 0.50 0.79 0.50 0.27
22.00 82.50 293.84 -620.93 -207.78 -0.85 0.66 -0.25 0.25 0.47 0.18 0.08
15.00 54.59 718.94 -248.24 -43.39 0.86 -0.05 0.02 0.03 0.72 0.76 0.53
25.00 152.56 236.08 -620.90 -158.14 -0.57 -0.77 -0.42 0.11 0.69 0.97 0.82
9.00 2.49 403.47 147.52 510.42 -0.28 0.08 -0.82 0.04 0.48 0.15 0.72
12.00 30.38 -313.89 -497.21 415.55 0.20 -0.48 -0.06 0.59 0.75 0.15 0.95
5.00 6.10 88.94 86.52 228.85 0.72 0.34 0.68 0.02 0.29 0.10 0.61
9.00 14.81 83.29 -161.15 757.91 -0.95 0.62 -0.24 0.75 0.45 0.39 0.83
25.00 167.48 -120.70 61.12 508.57 -0.94 0.10 0.21 0.47 0.74 0.60 0.16
29.00 167.55 482.83 504.02 -42.47 -0.74 0.76 0.63 0.62 0.25 0.05 0.51
6.00 9.33 -77.26 550.46 -478.65 -0.29 0.22 0.26 0.90 0.96 0.53 0.59
8.00 7.97 72.12 -96.69 125.14 0.97 -0.78 0.39 0.31 0.10 0.14 0.37
20.00 49.22 304.84 -412.83 576.60 -0.17 0.05 0.52 0.57 0.15 0.95 0.51
24.00 25.93 -434.01 552.50 -210.60 -0.40 0.31 -0.75 0.91 0.63 0.14 0.95
16.00 65.55 -205.41 -272.52 -201.12 0.78 -0.76 -0.91 0.70 0.54 0.85 0.93
22.00 13.41 60.69 -59.96 -183.82 0.89 0.48 -0.47 0.56 0.17 0.83 0.34
6.00 4.27 93.27 130.75 -70.75 -0.59 0.14 -0.62 0.77 0.83 0.86 0.44
13.00 4.78 217.80 169.51 -413.34 -0.28 -0.52 -0.72 0.95 0.07 0.68 0.79
34.00 240.60 -24.15 621.11 483.15 0.85 -0.24 -0.03 0.28 0.84 0.95 0.94
10.00 25.78 470.21 -386.12 233.81 0.93 -0.96 0.92 0.22 0.33 0.18 0.09
14.00 14.21 -214.16 425.46 -353.46 0.43 -0.86 0.54 0.34 0.08 0.31 0.10
13.00 2.54 440.36 -17.43 115.30 -0.06 -0.93 0.10 0.85 0.52 0.66 0.87
12.00 27.77 -212.76 591.53 -259.54 -0.32 0.49 -0.70 0.86 0.02 0.27 0.66
5.00 4.86 -255.55 71.25 532.21 -0.89 0.18 -0.94 0.58 0.54 0.08 0.53
27.00 90.30 266.76 -214.18 -499.15 -0.04 -0.02 -0.79 0.21 0.15 0.14 0.63
5.00 3.77 542.16 174.99 -179.27 0.88 -0.07 -0.57 0.21 0.45 0.47 0.51
19.00 89.20 179.44 -44.94 -396.78 -0.44 -0.06 -0.07 0.27 0.11 0.17 0.69
6.00 7.73 -222.19 -402.49 441.13 0.41 0.32 0.10 0.35 0.15 0.47 0.17
9.00 21.39 477.99 456.36 -439.30 0.84 0.07 0.65 0.66 0.72 0.61 0.48
34.00 292.31 -224.06 16.63 -166.85 -0.94 0.00 0.15 0.39 0.17 0.60 0.62
6.00 4.70 -41.23 33.75 -652.96 0.21 -0.76 0.78 0.83 0.09 0.51 0.71
5.00 6.80 -194.64 -587.68 -23.70 -0.94 -0.53 -0.10 0.17 0.48 0.70 0.99
7.00 12.99 -61.52 759.22 -94.54 0.56 0.65 -0.75 0.58 0.86 0.89 0.52
6.00 7.43 -101.62 587.54 -308.34 0.46 0.98 -0.86 0.47 0.99 0.66 0.04
8.00 10.71 109.50 -701.05 -77.28 0.99 0.66 -0.91 0.84 0.49 0.99 0.49
5.00 4.02 -258.70 501.04 -100.51 0.25 -0.88 -0.80 0.71 0.67 0.11 0.78
12.00 1.86 -259.33 104.52 564.90 -0.71 -0.75 0.69 0.16 0.14 0.16 0.75
30.00 236.94 -238.69 440.65 332.31 0.67 -0.09 0.70 0.47 0.16 0.25 0.70
36.00 234.84 -262.11 -197.61 311.30 -0.99 0.79 0.72 0.47 0.94 0.01 0.47
31.00 97.69 -592.24 107.86 -28.73 0.33 -0.80 -0.57 0.14 0.79 0.75 0.15
11.00 14.56 678.50 118.12 376.00 0.29 0.04 -0.18 0.88 0.70 0.15 0.04
10.00 6.88 -443.85 -48.59 321.76 -0.65 -0.86 0.79 0.04 0.68 0.51 0.56
14.00 29.25 533.03 -25.52 463.39 0.49 0.12 0.50 0.43 0.15 0.91 0.14
17.00 6.23 -281.95 -7.63 100.33 0.61 -0.59 -0.63 0.34 0.35 0.22 0.29
5.00 1.18 17.51 -250.74 446.76 0.46 0.93 -0.47 0.50 0.52 0.64 0.31
6.00 1.85 428.57 389.48 -59.31 -0.95 -0.07 0.99 0.58 0.71 0.16 0.68
13.00 19.56 271.38 -364.95 656.79 0.08 0.58 0.78 0.01 0.97 0.07 0.11
8.00 1.43 65.05 284.86 520.26 0.55 0.17 0.72 0.54 0.15 0.79 0.64
9.00 8.95 -292.94 261.27 -303.58 -0.08 1.00 -0.28 0.31 0.71 0.37 0.55
5.00 6.41 381.67 266.16 417.16 -0.81 0.58 -0.41 0.53 0.43 0.57 0.21
26.00 106.07 -183.17 -683.39 3.96 0.25 -0.65 0.53 0.01 0.60 0.38 0.11
5.00 4.98 89.69 -494.96 -475.47 0.97 -0.18 0.82 0.10 0.98 0.29 0.14
19.00 9.67 -470.94 -230.04 562.66 -0.75 0.96 0.78 0.34 0.25 0.77 0.39
7.00 0.17 4.59 287.15 284.69 0.90 0.28 -0.41 0.93 0.91 0.28 0.39
11.00 13.98 274.91 -582.08 -199.27 -0.42 0.57 -0.39 0.27 0.82 0.72 0.60
19.00 87.68 -228.43 -446.56 564.25 0.75 -0.58 -0.47 0.15 0.90 0.42 0.12
13.00 33.27 96.56 -199.01 -615.92 -0.23 0.27 0.69 0.20 0.80 0.18 0.94
14.00 34.91 25.81 -239.26 -168.22 -0.73 -0.24 -0.11 0.45 0.10 0.44 0.04
26.00 127.73 414.12 -126.06 652.20 -0.69 -0.86 -0.78 0.85 0.41 0.40 0.42
7.00 7.46 304.88 572.04 214.93 -0.54 0.12 -0.23 0.70 0.52 0.60 0.90
6.00 4.39 -88.96 -209.58 660.17 -0.10 -0.49 -0.60 0.89 0.04 0.74 0.33
10.00 23.18 615.30 -116.44 197.25 0.52 -0.23 0.72 0.25 0.32 0.87 0.58
6.00 2.95 -186.46 542.48 193.87 0.29 -0.05 -0.92 0.61 0.04 0.93 0.72
11.00 3.41 562.84 393.87 -34.00 0.72 -0.91 -0.40 0.48 0.49 0.33 0.12
21.00 14.25 307.81 -84.82 192.02 -0.05 -0.85 -0.13 0.19 0.03 0.33 0.22
8.00 0.71 -196.42 -233.18 322.15 0.94 -0.19 0.96 0.46 0.24 0.40 0.53
8.00 17.42 -450.17 -595.44 37.87 -0.27 -0.77 -0.63 0.50 0.91 0.32 0.26
14.00 50.21 158.88 280.80 -322.16 -0.30 -0.77 0.57 0.14 0.08 0.37 0.32
5.00 6.03 -538.51 -477.75 -191.52 0.10 -0.08 0.49 0.78 0.98 0.54 0.83
20.00 103.31 -253.40 -432.20 -312.18 0.03 0.52 0.86 0.18 0.12 0.05 0.79
16.00 23.78 -301.33 266.60 230.03 0.22 0.36 -0.24 0.77 0.67 0.66 0.72
12.00 17.07 -273.23 655.80 -201.47 -1.00 -0.76 0.19 0.54 0.82 0.21 0.20
16.00 55.66 712.31 -61.37 267.18 -0.09 0.24 0.88 0.26 0.42 0.48 0.90
25.00 43.83 664.81 411.56 146.98 0.52 0.57 0.37 0.73 0.65 0.55 0.90
13.00 36.87 -91.74 34.69 604.57 1.00 -0.72 0.61 0.83 0.51 0.73 0.64
8.00 2.28 -380.84 219.02 -632.45 0.30 -0.32 0.21 0.63 0.91 1.00 0.97
24.00 110.20 689.29 236.79 -290.19 -0.67 0.02 0.45 0.11 0.38 0.17 0.13
16.00 56.93 -630.61 97.28 178.89 0.39 -0.63 -0.44 0.62 0.04 0.68 0.21
12.00 34.73 -556.08 -179.25 67.89 0.05 0.82 -0.06 0.04 0.32 0.57 0.73
7.00 6.34 -97.34 -84.19 388.06 -0.20 -0.48 -0.36 0.26 0.57 0.58 0.92
24.00 113.64 134.95 -161.50 394.04 0.51 -0.76 -0.88 0.32 0.53 0.88 0.94
12.00 20.88 -761.08 129.43 -134.50 -0.46 0.65 0.78 0.81 0.91 0.59 0.71
6.00 5.90 289.70 -497.83 511.76 -0.76 0.45 -0.32 0.41 0.26 0.08 0.61
26.00 172.82 318.59 -582.92 -161.71 0.86 -0.49 0.06 0.24 0.03 0.91 0.08
9.00 5.49 -248.85 -166.12 252.26 0.73 0.13 0.43 0.64 0.02 0.23 0.12
11.00 5.93 -431.17 -108.03 -439.52 0.72 -0.52 -0.11 0.39 0.73 0.22 0.20
14.00 5.39 247.44 598.92 -39.89 -0.50 0.24 -0.48 0.43 0.41 0.36 0.54
16.00 66.61 308.06 -530.61 399.12 0.33 0.21 0.13 0.42 0.09 0.37 0.11
14.00 3.35 146.22 -742.60 -146.92 0.45 -0.34 0.29 0.48 0.49 0.32 0.53
19.00 51.19 145.36 17.98 -732.24 0.68 0.95 -0.51 0.55 0.62 0.91 0.54
17.00 14.84 -464.88 484.75 -134.82 0.69 -0.61 -0.97 0.54 0.97 0.73 0.79
16.00 41.03 -212.28 438.42 379.44 -0.17 -0.81 -0.79 0.59 0.01 0.35 0.36
6.00 7.75 380.50 -204.29 374.65 0.64 0.53 0.26 0.37 0.64 0.41 0.40
13.00 5.16 -354.52 407.76 492.06 0.01 0.26 0.41 0.49 0.11 0.08 0.31
6.00 2.14 61.34 646.50 346.50 0.61 0.33 -0.86 0.70 0.27 0.20 0.74
21.00 61.28 66.89 -254.09 348.38 0.23 0.46 0.98 0.26 0.78 0.66 0.85
14.00 18.63 147.24 146.22 275.18 -0.40 -0.86 -0.70 0.49 0.02 0.61 0.56
8.00 17.45 384.89 664.54 57.15 0.13 -0.37 0.94 0.04 0.50 0.60 0.28
27.00 103.15 -83.57 373.67 266.58 0.02 -0.38 -0.05 0.07 0.22 0.50 0.95
15.00 41.66 227.93 -275.70 -306.80 0.71 -0.03 -0.67 0.41 0.91 0.35 0.84
28.00 201.05 -237.02 32.10 -613.11 0.03 -0.42 0.21 0.24 0.40 0.83 0.74
8.00 17.33 -32.84 -598.38 407.56 0.32 -0.04 -0.89 0.36 0.25 0.42 0.20
12.00 19.68 356.89 449.61 -117.97 -0.06 -0.67 0.94 0.70 0.85 0.60 0.05
26.00 38.59 534.37 -64.06 297.72 -0.32 0.88 -0.06 0.51 0.50 0.46 0.81
7.00 10.20 503.05 229.57 -512.79 -0.51 0.98 -0.30 0.93 0.03 0.43 0.46
10.00 15.47 228.45 -425.33 -362.97 0.89 0.71 -0.05 0.58 0.63 0.26 0.82
7.00 10.74 -112.21 -429.34 296.60 0.42 -0.65 -0.86 0.65 0.90 0.16 0.85
13.00 29.81 607.21 -242.69 -186.31 -0.83 0.18 0.54 0.70 0.10 0.33 0.65
16.00 15.50 -135.20 -277.67 485.47 -0.21 1.00 0.51 0.31 0.23 0.24 0.58
8.00 11.94 -215.64 -704.69 228.65 -0.40 -0.25 0.82 0.93 0.49 0.53 0.04
11.00 13.80 377.20 -55.05 -142.55 -0.80 -0.61 0.79 0.99 0.69 0.30 0.18
8.00 15.88 -387.47 357.78 146.51 0.72 -0.84 0.19 0.96 0.14 0.63 0.93
10.00 26.22 -701.35 -1.11 -6.64 0.44 0.94 0.55 0.11 0.98 0.75 0.58
10.00 25.97 -271.64 264.52 -662.25 -0.01 -0.83 0.04 0.23 0.54 0.89 0.53
12.00 15.57 -179.82 487.07 -379.08 -0.77 -0.08 0.40 0.97 0.04 0.65 0.32
11.00 2.51 22.58 187.94 -750.16 -0.44 0.80 -0.61 0.12 0.88 0.64 0.89
10.00 26.34 -444.66 104.21 183.41 0.38 -0.39 0.39 0.07 0.47 0.80 0.38
8.00 5.35 621.29 70.18 -385.33 -0.01 -0.22 -0.40 0.98 0.23 0.69 0.32
10.00 8.86 -309.33 145.59 497.50 0.74 -0.46 0.66 0.76 0.82 0.57 0.87
8.00 2.51 -145.70 81.29 -342.97 -0.25 0.98 0.39 0.95 0.84 0.43 0.15
11.00 8.62 61.71 -132.92 -611.37 0.13 -0.34 -0.29 0.45 0.58 0.97 0.73
10.00 17.88 -18.34 -674.71 206.48 0.88 0.35 -0.64 0.99 0.64 0.30 0.59
8.00 9.81 -126.58 52.10 -518.35 -0.97 -0.50 -0.95 0.33 0.96 0.91 0.95
7.00 11.79 -234.54 38.41 539.54 -0.80 0.48 0.29 0.01 0.69 0.25 0.55
7.00 5.93 -618.99 114.57 -267.61 -0.19 -0.37 0.39 0.09 0.20 0.65 0.12
9.00 2.81 484.64 -335.31 -133.30 -0.06 0.09 0.81 0.56 0.72 0.04 0.15
8.00 7.02 -206.72 -104.74 -691.05 0.07 0.64 -0.84 0.79 0.29 0.24 0.74
8.00 12.66 304.76 485.53 294.76 -0.08 0.31 0.18 0.13 0.25 0.82 0.19
6.00 0.72 -236.42 230.81 326.74 -0.25 0.58 -0.76 0.95 0.06 0.06 0.11
22.00 59.25 -285.35 96.19 712.55 0.45 -0.47 0.59 0.75 0.47 0.61 0.66
16.00 63.13 -441.40 158.91 8.71 0.54 -0.90 0.63 0.43 0.14 0.25 0.16
14.00 1.04 222.81 90.21 -297.39 -0.72 0.91 -0.51 0.37 0.69 0.08 0.97
18.00 32.54 -648.64 -350.78 -22.61 0.94 0.78 0.29 0.19 0.85 0.33 0.61
7.00 2.89 -237.64 21.58 -59.19 -0.87 0.43 -0.97 0.42 0.00 0.41 0.55
33.00 111.35 -322.62 219.82 -657.42 -0.40 0.97 -0.54 0.12 0.88 0.86 0.66
19.00 23.94 -314.76 -632.63 278.21 0.15 0.24 -0.29 0.35 0.23 0.42 0.34
15.00 52.85 -227.83 -191.33 -383.05 -0.67 -0.11 0.97 0.61 0.73 0.19 0.25
7.00 6.49 227.66 396.98 68.34 0.47 0.37 -0.18 0.48 0.69 0.66 0.55
26.00 119.32 -216.11 424.75 -142.61 -0.40 0.23 0.66 0.75 0.62 0.94 0.08
9.00 21.95 71.11 249.67 419.17 0.20 0.09 -0.19 0.47 0.10 0.26 0.26
14.00 46.55 454.85 94.99 -394.24 -0.47 0.60 -0.18 0.22 0.77 0.39 0.80
11.00 20.97 -421.94 365.68 553.59 0.03 0.83 -0.86 0.59 0.07 0.25 0.59
17.00 60.47 286.39 -597.24 231.62 0.11 0.95 0.59 0.13 0.35 0.32 0.19
5.00 3.03 45.29 -606.64 169.17 -0.04 -0.01 -0.69 0.97 0.26 0.83 0.30
8.00 4.41 170.71 173.41 483.62 0.87 -0.53 -0.85 0.98 0.36 0.27 0.36
7.00 5.40 733.78 148.65 -211.54 -0.94 0.09 -0.28 0.19 0.40 0.59 0.23
20.00 108.03 -130.49 71.36 -253.59 -0.61 0.17 0.07 0.02 0.55 0.13 0.64
11.00 27.41 89.61 684.15 -66.11 1.00 -0.44 0.65 0.23 0.05 0.90 0.81
10.00 21.66 -36.64 444.76 -205.00 -0.28 -0.26 0.74 0.30 0.11 0.27 0.34
6.00 3.45 -377.42 218.47 -386.25 0.70 0.61 -0.14 0.03 0.70 0.29 0.73
11.00 25.35 346.39 -326.63 355.16 -0.51 -0.18 0.01 0.41 0.29 0.66 0.65
13.00 24.20 -626.26 -75.21 24.09 0.00 0.83 0.14 0.19 0.44 0.89 0.70
13.00 25.55 338.79 378.62 32.57 0.97 -0.31 0.03 0.84 0.54 0.13 0.36
27.00 100.83 442.44 51.77 148.05 0.74 0.65 -0.96 0.09 0.26 0.90 0.40
11.00 19.52 -505.98 136.28 15.12 -0.78 -0.33 0.63 0.97 0.14 0.32 0.03
21.00 23.87 228.08 258.57 -207.02 -0.50 -0.16 -0.60 0.32 0.98 0.33 0.88
14.00 21.88 -156.02 -168.03 138.74 0.05 0.65 -0.52 0.52 0.79 0.58 0.95
13.00 24.65 -678.14 83.31 10.11 0.79 0.42 -0.42 0.54 0.34 0.53 0.50
31.00 137.52 -156.37 493.37 475.81 0.22 -0.54 -0.98 0.94 0.68 0.92 0.58
5.00 3.25 32.73 495.24 -170.96 0.35 0.25 0.74 0.73 0.61 0.97 0.52
28.00 54.77 287.98 384.20 -97.99 -0.20 0.31 -0.56 0.68 0.71 0.26 0.47
6.00 8.20 20.33 -458.07 351.23 -0.37 0.71 -0.30 0.61 0.70 0.90 0.99
19.00 11.39 249.54 -4.84 -177.82 -0.98 -0.67 -0.11 0.99 0.90 0.75 0.48
6.00 9.35 -612.04 -394.62 -93.08 0.78 0.02 0.86 0.46 0.86 0.89 0.57
6.00 3.68 217.22 229.07 -437.14 0.91 0.45 -0.02 0.42 0.47 0.29 0.52
12.00 18.54 344.64 -133.30 -337.93 -0.11 0.67 0.74 0.26 0.42 0.66 0.53
9.00 10.22 -407.24 -215.09 295.85 0.77 0.83 -0.32 0.32 0.65 0.89 0.09
7.00 9.94 42.55 542.97 126.94 0.52 -0.26 0.46 0.63 0.67 0.27 0.71
36.00 56.69 -436.81 618.90 -218.27 -0.92 0.23 0.41 0.72 0.42 0.49 0.45
5.00 3.86 -205.11 258.83 -613.52 0.39 0.54 0.97 0.92 0.39 0.77 0.64
13.00 26.96 287.95 234.40 -359.88 0.75 -0.97 0.28 0.44 0.02 0.40 0.62
14.00 22.92 440.63 -436.55 -68.31 0.96 0.97 -0.03 0.51 0.74 0.74 0.34
10.00 7.40 133.70 81.30 541.22 0.50 0.51 -0.16 0.58 0.03 0.81 0.85
18.00 39.44 -269.31 -461.18 -185.85 -0.26 0.24 0.07 0.29 0.10 0.54 0.47
34.00 293.56 -120.83 677.96 -384.20 -0.85 0.15 0.17 0.45 0.22 0.86 0.60
7.00 0.82 68.99 246.73 753.88 0.37 0.62 0.60 0.19 0.25 0.83 0.55
12.00 9.93 45.93 127.72 -299.75 0.54 -0.74 0.78 0.82 0.38 0.71 0.06
5.00 2.17 -105.49 95.53 145.15 -0.48 -0.70 -0.07 0.16 0.61 0.91 0.04
18.00 84.28 -4.08 -240.67 100.10 -0.81 0.62 0.17 0.93 0.18 0.89 0.54
9.00 21.43 -219.60 -337.62 654.95 0.30 0.89 0.51 0.64 0.14 0.89 0.77
5.00 3.12 136.64 367.90 534.65 0.94 0.94 -0.71 0.10 0.38 0.07 0.53
23.00 17.57 -195.67 -673.37 86.88 -0.29 0.99 -0.46 0.07 0.89 0.56 0.76
22.00 130.28 382.20 -163.23 508.11 0.66 -0.59 -0.35 0.39 0.26 0.96 0.56
11.00 28.19 654.00 -68.18 -435.13 -0.31 0.87 -0.74 0.02 0.65 0.31 0.50
14.00 48.78 154.83 315.21 -441.56 -0.68 0.37 0.17 0.02 0.37 0.62 0.57
16.00 25.93 245.53 -491.38 -405.01 0.36 0.89 -0.32 0.36 0.75 0.75 0.53
10.00 26.06 -321.41 305.75 102.02 0.47 0.63 0.95 0.64 0.47 0.56 0.24
13.00 8.76 -284.47 -64.21 -8.20 0.30 -0.28 0.12 0.23 0.47 0.80 0.11
19.00 26.38 -416.49 -134.98 414.01 -0.50 0.59 -0.65 0.67 0.20 0.12 0.67
18.00 45.43 -642.93 43.48 -35.57 -0.79 -0.43 0.39 0.04 0.23 0.66 0.79
6.00 1.62 323.78 223.98 -96.96 0.07 -0.36 0.96 0.25 0.91 0.37 0.63
14.00 37.81 -341.54 590.15 104.84 0.63 -0.13 0.52 0.89 0.42 0.17 0.76
8.00 1.24 -77.16 3.27 -398.15 -0.45 0.44 0.54 0.39 0.61 0.38 0.26
20.00 55.17 204.72 51.66 -315.90 -0.47 0.90 -0.51 0.93 0.24 0.60 0.92
8.00 11.57 306.84 267.21 -543.68 0.80 0.75 0.95 0.04 0.32 0.93 1.00
8.00 15.82 142.80 95.03 -268.69 -0.81 -0.25 0.01 0.14 0.04 0.93 0.23
10.00 21.28 -97.23 44.96 -517.29 -0.51 -0.87 0.98 0.44 0.90 0.45 0.24
9.00 9.95 611.86 63.97 -273.17 0.72 0.83 0.17 0.11 0.44 0.69 0.84
8.00 17.33 -246.87 -320.65 383.31 -0.53 -0.98 -0.54 0.56 0.97 0.24 0.63
8.00 9.12 541.88 337.74 -92.24 0.05 -0.61 -0.00 0.15 0.19 0.98 0.44
12.00 12.24 345.55 -604.65 80.59 -0.21 -0.19 -0.59 0.35 0.62 0.77 0.68
15.00 60.19 -42.01 284.43 666.19 0.03 -0.96 -0.89 0.09 0.28 0.94 0.33
9.00 11.02 -472.07 119.48 -452.08 -0.13 -0.81 0.69 0.84 0.11 0.80 0.82
15.00 7.24 85.76 170.47 439.87 -0.51 0.73 -0.89 0.32 0.13 0.59 0.15
10.00 1.72 -110.26 -517.09 -351.63 0.46 0.29 -0.07 0.00 0.19 0.77 0.11
10.00 6.67 -99.26 102.30 597.70 -0.27 0.12 0.49 0.96 0.53 0.11 0.23
5.00 0.46 242.32 -334.17 -266.13 -0.37 0.83 0.58 0.41 0.44 0.59 0.25
5.00 2.37 628.62 154.63 461.47 -0.46 -0.51 0.86 0.80 0.28 0.52 0.71
9.00 5.53 405.90 292.38 373.82 0.51 -0.99 -0.86 0.59 0.08 0.05 0.78
16.00 18.63 -474.56 520.62 -121.61 0.79 0.71 -0.26 0.13 0.33 0.62 0.93
7.00 6.67 291.61 122.07 629.65 0.49 0.62 0.05 0.64 0.33 0.65 0.11
5.00 1.49 -457.81 -35.60 518.43 0.93 0.14 0.96 0.86 0.40 0.91 0.55
20.00 69.27 -374.49 -119.39 -234.76 0.33 -0.95 0.27 0.99 0.77 0.79 0.91
10.00 20.11 -224.72 -82.64 -515.44 0.55 -0.23 -0.70 0.66 0.65 0.30 0.36
18.00 61.57 604.31 -216.25 -317.04 -0.85 0.42 -0.58 0.19 0.76 0.06 0.63
5.00 0.70 -57.00 428.68 -497.95 0.81 -0.77 0.69 0.81 0.59 0.37 0.61
10.00 18.08 129.94 429.75 -453.81 0.00 -0.02 0.24 0.64 0.52 0.48 0.09
6.00 0.73 -151.39 -669.72 -407.73 0.41 -0.73 -0.49 0.25 0.42 0.67 0.07
8.00 4.45 -207.67 -613.76 56.96 0.78 0.86 -0.22 0.81 0.23 0.04 0.42
9.00 13.34 644.34 288.50 -156.54 0.17 -0.82 -0.48 0.88 0.32 0.15 0.75
10.00 6.13 -105.62 512.86 -155.60 -0.85 0.80 -0.08 0.28 0.45 0.46 0.63
23.00 107.25 -638.03 -364.11 -73.15 0.57 -0.15 0.65 0.44 0.90 0.46 0.99
11.00 17.27 637.34 25.32 181.23 0.39 -0.02 0.42 0.47 0.32 0.71 0.61
19.00 92.63 -221.62 -515.84 -415.50 0.08 -0.06 0.01 0.92 0.22 0.79 0.07
15.00 6.50 -143.54 -636.78 124.62 -0.44 0.79 0.77 0.51 0.13 0.30 0.16
6.00 5.01 91.46 -21.93 361.26 -0.91 -0.32 -0.96 0.15 0.72 0.16 0.50
6.00 3.71 -88.33 -513.49 -138.85 -0.60 0.09 0.95 0.12 0.12 0.59 0.38
10.00 26.73 -94.83 161.94 715.83 0.39 -0.16 0.51 0.28 0.70 1.00 0.75
22.00 78.66 -555.46 311.48 144.60 -0.60 0.47 0.68 0.35 0.43 0.45 0.85
12.00 8.18 261.58 46.14 55.20 0.25 0.81 0.85 0.42 0.54 1.00 0.36
6.00 9.04 15.90 -139.30 -331.41 -0.86 0.77 -0.77 0.06 0.50 0.91 0.24
7.00 8.61 -677.50 -77.21 282.27 -0.06 0.40 0.28 0.01 0.74 0.33 0.13
6.00 3.93 438.47 546.27 150.43 -0.76 0.12 0.39 0.42 0.68 0.40 0.98
22.00 51.21 618.90 -114.36 -44.33 -0.91 0.74 -0.54 0.34 0.65 0.13 0.22
24.00 33.08 -94.65 30.61 -242.14 0.16 -0.06 -0.91 0.92 0.53 0.40 0.19
6.00 5.19 503.63 -328.96 -109.56 -0.10 -0.03 0.22 0.86 0.88 0.05 0.88
6.00 4.07 284.15 184.49 18.62 0.32 0.57 0.68 0.82 0.54 0.26 0.05
10.00 21.06 -581.35 -130.49 343.89 0.12 0.19 -0.14 0.05 0.21 0.39 0.99
14.00 6.41 -127.50 -351.57 49.44 0.93 -0.42 -0.65 0.88 0.06 0.58 0.68
8.00 5.43 537.01 530.32 69.61 0.88 -0.11 0.91 0.96 0.53 0.47 0.90
22.00 113.49 680.60 -115.83 -379.87 -0.25 0.91 -0.71 0.17 0.13 0.83 0.48
14.00 39.06 -428.79 -645.14 67.53 0.08 -0.19 -0.97 0.10 0.93 0.43 0.26
25.00 81.51 25.26 356.10 -550.31 -0.59 0.92 0.58 0.03 0.65 0.85 0.42
7.00 5.79 68.56 189.11 210.89 -0.41 -0.26 0.55 0.72 0.98 0.67 0.50
12.00 34.41 171.05 570.15 159.92 0.92 -0.17 -0.64 0.90 0.74 0.67 0.02
10.00 26.52 -494.94 -50.51 -293.00 -0.17 0.56 0.74 0.75 0.55 0.83 0.35
16.00 3.50 -208.14 -21.93 -228.73 0.59 -0.82 0.35 0.99 0.97 0.24 0.08
30.00 158.73 416.37 575.42 -335.86 -0.12 -0.64 -0.70 0.73 0.01 0.58 0.01
6.00 5.02 -28.01 -382.10 547.68 -0.23 0.02 0.89 0.73 0.78 0.54 0.87
15.00 6.61 37.01 533.57 254.26 -0.24 -0.69 -0.16 0.40 0.54 0.35 0.59
23.00 136.60 -121.12 -533.03 466.35 0.68 -0.46 0.48 0.70 0.46 0.54 0.62
6.00 1.38 -532.26 -300.63 -22.16 0.34 -0.58 -0.31 0.76 0.45 0.61 0.56
17.00 67.49 50.37 -723.52 -38.03 0.02 -0.54 -0.16 0.32 0.77 0.75 0.48
16.00 18.60 341.38 128.87 -535.81 0.21 -0.60 0.57 0.00 0.48 0.15 0.70
12.00 19.49 593.88 -189.05 -198.46 0.50 0.85 0.52 0.07 0.45 0.03 0.03
18.00 0.24 410.19 -147.93 257.80 0.70 -0.35 -0.97 0.77 0.32 0.81 0.15
12.00 16.01 233.66 -626.94 347.22 -0.05 -0.87 -0.37 0.99 0.23 0.36 0.77
7.00 13.24 -315.12 -52.73 651.19 0.89 -0.28 -0.34 0.12 0.96 0.57 0.33
10.00 21.55 170.05 -81.43 -80.34 -0.76 -0.13 -0.71 0.81 0.59 0.48 0.65
9.00 12.00 -301.10 -285.59 633.77 -0.51 0.33 -0.96 0.92 0.55 0.27 0.07
7.00 10.50 -280.53 -169.17 -134.45 0.93 0.82 -0.88 0.40 0.52 0.12 0.69
16.00 62.61 -641.18 174.68 -21.27 -0.86 -0.26 0.34 0.41 0.65 0.76 0.29
13.00 16.78 -182.15 58.01 -536.84 -0.19 0.94 0.22 0.01 0.27 0.53 0.56
14.00 38.02 589.12 294.99 217.02 0.87 0.86 0.69 0.19 0.78 0.35 0.30
7.00 2.28 298.83 -2.99 574.80 -0.69 0.06 0.08 0.37 0.25 0.29 0.61
6.00 8.34 722.42 209.66 -165.57 -0.05 0.48 0.55 0.35 0.27 0.94 0.54
36.00 337.26 -611.50 111.31 -316.16 -0.64 0.89 0.13 0.48 0.67 0.02 0.85
22.00 78.90 25.73 -488.28 -623.13 -0.20 -0.84 0.19 0.26 0.99 0.23 0.51
14.00 28.00 -192.59 -147.92 -603.83 -0.60 0.98 -0.44 0.28 0.83 0.38 0.89
5.00 4.50 -219.35 478.82 -395.57 0.64 -0.62 -0.51 0.35 0.44 0.82 0.55
12.00 36.53 -554.76 -496.47 -226.82 -0.22 -0.42 0.23 0.54 0.22 0.79 0.35
12.00 16.97 -174.08 754.27 31.82 -0.26 -0.67 -0.56 0.27 0.05 0.33 0.37
14.00 9.88 -291.74 525.13 -162.49 -0.37 0.59 0.23 0.59 0.90 0.90 0.50
23.00 90.85 -365.65 -93.47 -104.46 0.04 0.66 -0.67 0.49 0.24 0.02 0.78
18.00 86.08 378.97 56.24 51.03 0.15 -0.39 0.53 0.71 0.74 0.32 0.01
22.00 95.27 -374.91 -84.12 -368.25 0.40 -0.11 0.25 0.20 0.33 0.01 0.73
19.00 78.05 390.23 56.72 -556.58 -0.54 0.62 0.48 0.01 0.36 0.41 0.54
17.00 67.29 19.51 105.92 101.04 0.97 -0.81 0.84 0.58 0.87 0.19 0.01
12.00 15.00 30.88 -459.83 132.92 0.20 0.85 0.74 0.93 0.44 0.54 0.76
16.00 49.51 -239.13 51.47 75.65 0.94 0.68 0.20 0.69 0.62 0.78 0.17
21.00 54.99 -446.55 176.19 145.87 0.25 0.70 0.51 0.29 0.24 0.98 0.23
9.00 6.13 268.75 50.27 442.79 -0.92 0.06 -0.30 0.95 0.81 0.09 0.71
18.00 63.35 -25.38 -390.57 -331.07 0.65 -0.76 0.21 0.95 0.42 0.64 0.75
15.00 6.35 680.69 6.08 275.49 -0.09 0.81 0.56 0.97 0.83 0.33 0.20
19.00 67.74 -332.66 -426.49 67.88 -0.33 0.98 -0.76 0.88 0.44 0.55 0.87
16.00 3.17 0.53 662.90 -178.94 -0.85 0.99 -0.36 0.18 0.47 0.08 0.35
18.00 84.79 139.30 -52.95 330.63 0.94 -0.15 -0.58 0.85 0.44 0.77 0.27
13.00 35.49 -153.12 278.95 -308.17 0.84 0.90 -0.57 0.04 0.69 0.19 0.48
23.00 81.39 -266.53 108.30 -542.48 -0.20 -0.23 0.05 0.71 0.93 0.36 0.93
22.00 110.10 -251.17 -324.78 675.74 0.73 -0.19 -0.19 0.82 0.08 0.06 0.07
5.00 6.35 -121.06 93.65 53.74 -0.06 0.67 0.51 0.72 0.47 0.41 0.63
15.00 14.41 -388.13 -374.24 584.76 -0.94 -0.33 -0.98 0.67 0.25 0.18 0.07
18.00 11.98 114.18 -292.12 -733.10 0.37 0.78 0.90 0.94 0.15 0.24 0.43
12.00 6.75 659.43 -39.15 97.20 -0.41 -0.27 0.16 0.07 0.34 0.37 0.90
9.00 10.48 450.02 -336.13 2.86 -0.35 -0.97 0.94 0.07 0.85 0.20 0.26
17.00 23.26 -128.56 405.49 -54.88 0.83 -0.96 0.62 0.73 0.38 0.70 0.65
11.00 22.46 216.27 -510.35 -140.96 -0.35 -0.80 0.30 0.64 0.03 0.77 0.67
8.00 16.85 -28.09 -719.06 193.83 -0.04 -0.02 0.81 0.06 0.05 0.87 0.98
18.00 72.96 491.53 -212.59 582.94 -0.47 0.69 0.04 0.50 0.48 0.80 0.32
12.00 31.19 365.42 229.96 101.75 0.23 -0.32 -0.16 0.95 0.02 0.64 0.03
14.00 8.30 85.24 17.27 -483.57 -0.54 0.38 0.22 0.83 0.31 0.92 0.65
8.00 17.10 -99.05 9.69 466.78 -0.44 0.15 -0.66 0.43 0.25 0.78 0.48
19.00 75.80 -672.98 274.78 -127.80 0.60 -0.31 -0.92 0.38 0.49 0.91 0.32
27.00 39.46 23.59 -489.74 411.99 -0.84 -0.79 -0.99 0.62 0.02 0.36 0.01
16.00 39.84 98.66 -8.51 608.85 -0.30 -0.13 -0.05 0.85 0.12 0.48 0.33
10.00 25.39 -279.45 224.19 479.79 -0.06 0.31 -0.43 0.38 0.33 0.25 0.36
19.00 63.11 -247.23 323.68 596.97 -0.93 -0.16 -0.21 0.69 0.64 0.35 0.46
8.00 15.81 487.43 -131.42 -243.11 -0.54 0.46 0.04 0.82 0.41 0.80 0.08
27.00 192.64 -700.89 -364.00 23.62 0.88 0.53 -0.21 0.25 0.20 0.29 0.25
8.00 2.01 496.07 -518.40 266.40 0.87 0.29 0.87 0.81 0.87 0.72 0.66
5.00 2.86 -160.64 -613.42 -268.34 0.73 0.22 -0.44 0.95 0.83 0.01 0.49
8.00 16.66 -381.50 -305.61 -216.67 -0.70 0.50 -0.44 0.81 0.01 0.33 0.13
27.00 25.01 149.38 -647.86 358.08 -0.77 0.61 -0.39 0.49 0.63 0.06 0.03
11.00 2.09 -98.52 437.92 190.22 -0.15 -0.90 0.91 0.95 0.10 0.36 0.05
7.00 8.35 8.97 -11.92 -757.05 -0.35 0.42 0.97 0.62 0.48 0.99 0.45
9.00 4.77 -175.72 -315.24 517.25 -0.19 0.73 0.72 0.64 0.62 0.85 0.58
13.00 32.07 -375.34 234.85 -656.85 0.57 0.99 -0.98 0.51 0.19 0.41 0.55
21.00 19.22 -327.75 -57.75 -498.76 -0.89 -0.17 0.77 0.60 0.22 0.18 0.82
14.00 36.53 -224.22 230.72 76.91 -0.98 0.85 0.07 0.19 0.68 0.96 0.48
15.00 6.91 516.12 132.28 -286.59 -0.93 0.28 -0.18 0.85 0.87 0.52 0.69
29.00 116.65 -208.86 681.17 -295.67 0.81 0.50 0.71 0.97 0.25 0.73 0.06
8.00 10.23 187.13 -408.54 -560.23 0.82 -0.10 -0.73 0.54 0.37 0.95 0.28
23.00 66.05 -199.70 108.85 -613.17 -0.48 -0.60 -0.24 0.04 0.60 0.24 0.56
15.00 50.47 331.00 89.31 7.96 0.96 -0.27 0.32 0.76 0.17 0.66 0.25
6.00 1.17 35.98 -178.68 734.78 0.61 0.31 -0.51 0.08 0.12 0.49 0.68
19.00 20.15 82.40 -314.35 452.65 0.90 -0.65 0.81 0.21 0.62 0.45 0.32
35.00 284.97 642.21 221.15 197.24 0.22 -0.26 -0.22 0.44 0.52 0.97 0.88
7.00 1.43 192.63 -65.03 373.29 -0.06 -0.33 -0.25 0.53 0.22 0.00 0.27
17.00 1.54 329.88 150.70 -456.98 -0.72 -0.77 0.76 0.34 0.69 0.34 0.14
13.00 13.83 -241.60 -430.30 624.61 -0.85 0.43 -0.91 0.36 0.17 0.86 0.08
15.00 7.33 601.71 -277.93 54.97 0.10 0.65 -0.51 0.02 1.00 0.82 0.57
16.00 10.87 -370.18 148.18 55.05 0.57 -0.23 -0.94 0.41 0.52 0.18 0.11
12.00 24.52 621.07 -268.23 169.28 -0.65 0.24 -0.02 0.86 0.55 0.76 0.94
23.00 71.12 -28.30 24.70 793.44 -0.09 0.44 -0.58 0.94 0.74 0.88 0.13
27.00 111.63 525.81 112.71 -545.92 0.02 0.61 0.01 0.94 0.00 0.20 0.12
13.00 29.28 -329.56 239.12 329.62 0.28 0.54 0.83 0.41 0.14 0.59 0.52
8.00 9.94 187.40 313.42 409.84 -0.88 -1.00 0.21 0.82 0.70 0.33 0.58
9.00 19.81 118.95 7.51 295.44 -0.53 -0.93 -0.09 0.44 0.64 0.64 0.12
7.00 12.13 -3.94 -356.09 -166.98 0.00 -0.58 0.25 0.51 0.66 0.02 0.64
31.00 24.17 -251.56 -43.67 -119.20 -0.11 0.01 0.50 0.26 0.78 0.95 0.06
17.00 52.74 649.42 374.23 -121.49 0.58 0.66 0.36 0.43 0.09 0.74 0.96
9.00 19.56 132.75 -177.18 -638.11 0.97 0.24 -0.45 0.29 0.90 0.45 0.09
8.00 5.41 310.85 197.08 272.51 -0.89 0.36 0.61 0.19 0.83 0.76 0.15
14.00 1.47 -135.73 758.94 -105.69 -0.47 -0.58 -0.08 0.50 0.66 0.46 0.80
31.00 19.07 16.85 108.89 733.03 -0.07 -0.06 0.92 0.15 0.04 0.06 0.70
7.00 5.93 373.70 553.17 151.12 0.30 -0.77 -0.19 0.37 0.70 0.48 0.55
10.00 19.50 -618.27 -224.87 -11.57 0.75 -0.10 -0.29 0.15 0.90 0.61 0.58
18.00 29.06 361.24 545.68 12.25 0.26 0.75 -0.74 0.42 0.18 0.90 0.02
23.00 117.88 699.39 349.57 167.76 0.43 -0.76 0.02 0.97 0.62 0.18 0.10
14.00 2.29 -447.01 93.99 -86.09 -0.43 0.77 -0.35 0.16 0.51 0.42 0.84
18.00 64.70 407.88 242.68 635.02 0.96 -0.95 -0.33 0.49 0.43 0.71 0.12
5.00 0.83 442.20 -344.50 248.69 -0.56 -0.80 0.51 0.96 0.79 0.75 0.78
10.00 21.13 -477.89 292.29 110.23 -0.23 -1.00 0.50 0.77 0.64 0.33 0.75
11.00 33.00 -308.22 200.65 709.52 0.14 -0.04 -0.13 0.07 0.55 0.84 0.13
17.00 67.77 650.10 358.10 -294.46 -0.40 -0.15 -0.06 0.24 0.63 0.73 0.18
24.00 69.71 -613.20 -280.69 -376.27 -0.94 -0.73 0.98 0.08 0.98 0.82 0.75
16.00 18.22 -568.92 387.16 -352.01 -0.36 -0.74 0.95 0.27 0.90 0.29 0.13
18.00 44.68 -465.07 103.14 222.19 -0.83 -0.40 0.48 0.73 0.10 0.24 0.02
36.00 233.05 335.00 -35.42 -172.71 -0.51 -0.55 0.29 0.70 0.38 0.69 0.63
12.00 23.04 24.96 96.89 -262.82 0.18 -0.39 -0.92 0.42 0.81 0.42 0.18
5.00 2.17 73.11 -89.50 -38.71 0.89 -0.98 -0.04 0.97 0.66 0.97 0.66
27.00 16.07 -359.99 -33.06 -696.81 0.22 0.61 0.41 0.48 0.59 0.27 0.11
26.00 23.15 18.37 737.11 -45.02 -0.31 -0.19 -0.94 0.26 0.57 0.84 0.43
11.00 27.47 182.02 -406.17 442.89 0.84 0.79 0.65 0.80 0.64 0.53 0.73
14.00 23.46 -536.88 327.38 183.96 -0.10 -0.70 0.40 0.92 0.50 0.65 0.03
12.00 32.85 623.06 -292.99 139.11 0.73 -0.07 0.38 0.58 0.85 0.17 0.74
5.00 2.72 166.47 323.20 -219.22 -0.87 0.99 0.91 0.11 0.97 0.58 0.11
5.00 5.64 -360.56 52.88 356.12 -0.55 0.01 -0.06 0.40 0.77 0.68 0.90
9.00 17.92 -300.79 -692.06 100.71 0.94 -0.81 0.05 0.41 0.45 0.55 0.91
8.00 0.36 -498.02 422.18 -207.35 -0.64 0.47 -0.88 1.00 0.26 0.32 0.38
5.00 1.76 203.88 24.23 325.33 -0.62 0.19 0.05 0.12 0.62 0.46 0.77
16.00 66.00 365.76 -240.27 53.42 0.12 -0.72 0.59 0.62 0.60 0.96 0.57
5.00 4.48 306.95 -440.25 -140.11 -0.00 -0.37 -0.59 0.74 0.58 0.65 0.71
15.00 13.73 68.32 474.50 341.79 0.36 -0.18 0.60 0.49 0.27 0.43 0.77
15.00 34.62 96.27 -334.68 -304.95 -0.89 0.91 0.24 0.08 0.46 0.42 0.17
8.00 6.19 443.89 484.66 -3.42 -0.22 -0.54 -0.72 0.60 0.63 0.62 0.73
7.00 12.89 -286.83 -186.48 429.08 0.87 0.79 -0.50 0.27 0.33 0.06 0.36
34.00 152.32 192.85 257.87 -266.32 -0.93 0.67 -0.21 0.16 0.26 0.08 0.14
7.00 2.96 -306.61 -431.31 123.66 -0.28 0.99 -0.28 0.14 0.51 0.33 0.21
18.00 60.44 641.45 32.89 91.33 0.50 -0.64 0.63 0.23 0.23 0.03 0.61
21.00 53.89 399.90 -191.13 -542.66 0.47 -0.06 0.75 0.30 0.21 0.65 0.05
37.00 35.26 -240.19 41.31 298.10 -0.38 0.74 -0.44 0.17 0.60 0.66 0.77
13.00 43.04 263.09 51.16 213.04 0.89 0.69 -0.94 0.53 0.62 0.85 0.16
19.00 0.47 -5.40 -319.35 702.89 -0.06 0.88 0.06 0.84 0.15 0.25 0.76
5.00 2.25 -517.92 -305.73 357.74 -0.19 -0.61 0.74 0.09 0.06 0.55 0.19
10.00 8.53 -702.08 -205.54 -323.02 0.99 -0.18 0.04 0.80 0.25 0.51 0.95
18.00 56.76 335.75 415.69 -117.76 -0.12 -0.46 0.71 0.06 0.18 0.71 0.17
14.00 31.23 -7.21 -52.66 -94.42 0.98 0.17 -0.19 1.00 0.74 0.51 0.30
15.00 45.35 8.68 -78.91 -750.29 0.50 0.75 0.45 0.81 0.51 0.23 0.08
5.00 3.48 477.99 433.76 -47.15 -0.39 -0.32 0.33 0.53 0.83 0.38 0.90
12.00 13.82 -109.51 -332.50 707.32 -1.00 0.35 0.19 0.59 0.60 0.36 0.51
6.00 7.90 -271.38 379.31 -194.88 0.84 0.37 -0.18 0.62 0.05 0.82 0.76
11.00 1.08 49.04 -656.14 -208.11 0.33 0.41 0.01 0.97 0.66 0.07 0.93
12.00 29.35 -294.18 -446.72 -160.97 0.23 0.41 -0.11 0.21 0.01 0.25 0.20
37.00 314.33 777.44 10.07 184.34 0.32 -0.48 -0.38 0.75 0.31 0.69 0.44
7.00 7.27 77.68 427.04 -464.26 -0.50 0.41 0.86 0.65 0.17 0.32 0.30
9.00 20.65 72.08 151.99 779.04 0.99 0.69 0.30 0.28 0.04 0.86 0.05
5.00 1.74 -516.23 51.32 153.99 0.76 -0.17 0.03 0.29 0.57 0.98 0.07
21.00 34.87 -349.27 -400.18 122.30 -0.15 -0.11 -0.57 0.67 0.26 0.12 0.11
25.00 63.23 84.85 -608.37 93.04 0.55 -0.60 0.41 0.76 0.80 0.79 0.23
28.00 213.06 666.54 432.32 -25.20 -0.15 0.59 0.63 0.12 0.28 0.23 0.34
7.00 12.85 -98.12 -379.56 -540.12 0.25 -0.82 -0.48 0.81 0.45 0.69 0.35
21.00 40.61 -337.12 -269.54 485.72 0.81 -0.74 0.27 0.44 0.65 0.08 0.47
9.00 4.42 -327.16 -144.46 522.66 -0.21 0.50 -0.96 0.68 0.03 0.17 0.69
14.00 3.59 345.73 624.82 -191.30 0.10 0.75 -0.61 0.38 0.10 0.24 0.59
12.00 32.50 580.91 -76.06 -167.61 0.33 0.47 0.32 0.59 0.99 0.46 0.84
7.00 1.37 -182.74 296.47 309.79 0.17 -0.37 -0.08 0.65 0.61 0.22 0.03
5.00 5.90 -480.55 115.70 -411.58 -0.72 0.18 -0.63 0.55 0.69 0.33 0.78
12.00 4.97 -156.20 123.92 -19.08 0.54 -0.25 -0.89 0.71 0.64 0.59 0.51
29.00 57.29 219.14 394.59 -54.11 0.28 0.10 -0.92 0.06 0.08 0.09 0.56
8.00 17.02 -63.23 206.23 194.17 0.61 0.67 0.61 0.50 0.29 0.67 0.47
13.00 35.35 -257.35 130.48 -171.93 0.23 0.85 -0.52 0.69 0.48 0.45 0.24
25.00 52.34 200.57 -139.44 -294.64 0.90 0.01 0.27 0.82 0.42 0.27 0.86
14.00 26.20 300.72 -110.79 707.28 0.47 -0.44 -0.11 0.56 0.93 0.25 0.20
32.00 128.06 -55.04 296.33 -286.93 -0.91 -0.66 0.35 0.15 0.21 0.91 0.89
7.00 2.19 357.15 487.28 332.56 -0.15 -0.99 -0.46 0.85 0.28 0.28 0.13
6.00 5.76 431.68 82.61 -123.89 -0.94 0.87 -0.21 0.08 0.26 0.21 0.35
5.00 0.61 107.71 46.68 -388.07 -0.58 0.40 0.30 0.03 0.70 0.36 0.39
17.00 61.02 567.90 110.72 -230.12 -0.15 0.80 -0.62 0.39 0.59 0.78 0.28
5.00 0.17 330.81 -37.03 325.30 -0.70 0.77 -0.21 0.81 0.87 0.98 0.28
35.00 162.65 577.83 259.87 395.20 0.12 -0.24 -0.73 0.84 0.53 0.55 0.97
20.00 29.72 239.22 293.14 -359.68 0.72 0.53 -0.69 0.93 0.96 0.15 0.96
11.00 7.08 -35.67 -575.54 436.98 0.16 0.91 0.48 0.32 0.75 0.60 0.38
9.00 17.97 -103.40 37.79 8.72 -0.64 -0.60 -0.74 0.31 0.46 0.22 0.77
13.00 24.52 317.83 134.16 -59.67 0.52 -0.02 -0.15 0.38 0.03 0.27 0.49
5.00 5.16 50.21 -315.48 732.22 0.09 -0.67 -0.24 0.63 0.34 0.51 0.08
6.00 4.73 327.42 557.75 167.94 -0.00 -0.03 0.80 0.32 0.85 0.30 0.98
30.00 78.62 -319.40 396.29 433.22 0.84 0.16 0.38 0.98 0.12 0.83 0.44
19.00 70.20 -157.88 -530.82 221.78 -0.27 -0.37 -0.51 0.66 0.13 0.82 0.57
12.00 21.53 -28.60 13.50 24.91 0.82 0.25 -0.04 0.09 0.81 0.20 0.83
5.00 1.45 -581.21 -333.27 -371.11 0.02 0.51 -0.08 0.35 0.10 0.83 0.24
8.00 14.31 281.34 -430.00 439.50 -0.36 -0.72 0.04 0.85 0.81 0.13 0.91
10.00 16.88 -200.68 323.15 701.58 -0.93 -0.64 -0.60 0.40 0.03 0.53 0.52
24.00 42.48 -303.50 -140.26 -97.67 0.79 0.07 -0.06 0.99 0.42 0.83 0.13
11.00 13.21 -586.13 -282.36 -435.95 0.74 0.24 0.82 0.85 0.14 0.34 0.60
17.00 69.38 -85.58 344.83 -397.41 0.33 0.03 -0.90 0.61 0.05 0.78 0.57
9.00 2.39 539.14 -138.20 549.83 -0.99 0.36 -0.57 0.53 0.96 0.42 0.73
5.00 5.35 317.75 -336.71 141.55 -0.32 0.69 0.28 0.32 0.12 0.75 0.41
31.00 97.83 405.48 349.66 128.13 -0.57 -0.45 -0.42 0.93 0.25 0.12 0.60
18.00 15.23 -76.02 346.55 330.80 0.39 -0.22 0.82 0.47 0.53 0.07 0.18
15.00 60.98 -15.05 111.16 -17.63 -0.78 -0.21 -0.17 0.42 1.00 0.78 0.33
15.00 57.58 109.95 -52.05 678.46 0.41 0.79 0.47 0.73 0.40 0.17 0.54
27.00 136.30 697.35 -113.27 292.25 -0.61 0.49 0.68 0.11 0.97 0.70 0.73
14.00 51.11 161.20 -635.16 12.78 0.92 -0.64 0.02 0.06 0.91 0.40 0.19
17.00 72.86 501.30 -373.81 5.25 0.93 0.52 0.49 0.78 0.73 0.79 0.88
15.00 12.57 499.15 143.05 135.65 -0.08 0.24 0.71 0.95 0.79 0.15 0.72
10.00 27.30 -370.05 -115.59 -415.61 0.26 0.97 -0.17 0.30 0.25 0.52 0.53
8.00 1.52 410.61 232.99 -503.15 -0.55 -0.96 0.52 0.48 0.92 0.51 0.50
29.00 61.18 445.78 -53.13 299.48 -0.70 -0.57 -0.50 0.27 0.57 0.60 0.13
6.00 9.05 -471.44 407.28 400.20 0.16 0.60 0.71 0.37 0.88 0.64 0.25
12.00 7.49 599.51 239.39 -319.38 0.63 -0.08 -0.98 0.56 0.84 0.93 0.37
36.00 11.16 96.71 353.94 -168.89 -0.45 -0.08 -0.59 0.69 0.59 0.23 0.71
21.00 36.17 -364.15 456.59 -21.29 0.13 -0.20 -0.58 0.61 0.09 0.31 0.63
12.00 13.24 650.60 -228.45 76.14 0.97 -0.59 0.27 0.78 0.38 0.42 0.73
19.00 30.68 49.01 -354.25 -127.97 -0.53 0.14 0.67 0.77 0.49 0.99 0.48
37.00 234.54 -265.27 -509.65 -68.88 0.09 -0.99 0.41 0.56 0.30 0.61 0.73
37.00 159.99 -69.00 -510.08 135.04 -0.26 0.30 0.67 0.92 0.31 0.82 0.51
12.00 20.79 -296.38 -402.16 -329.14 0.77 0.73 -0.71 0.57 0.02 0.96 0.72
5.00 1.33 -264.98 -261.64 -251.85 -0.48 -0.50 -0.70 0.94 0.74 0.23 0.38
10.00 2.81 31.11 -40.65 23.85 -0.73 0.20 0.78 0.42 0.60 0.52 0.60
10.00 3.77 691.22 -132.28 373.66 0.03 0.52 0.17 0.68 0.59 0.42 0.49
12.00 21.17 -226.83 211.63 -315.00 0.66 0.84 0.62 0.70 0.97 0.19 0.75
25.00 20.22 209.52 -74.35 -367.59 0.67 0.12 0.07 0.12 0.76 0.71 0.89
20.00 78.27 -573.82 -201.67 -451.06 -0.96 -0.53 0.13 0.09 0.27 0.41 0.05
9.00 6.01 91.42 -2.17 -441.97 -0.47 -0.09 0.67 0.43 0.17 0.10 0.95
14.00 24.18 -75.45 -543.75 -394.19 0.58 -0.32 0.02 0.07 0.51 0.37 0.12
11.00 30.47 -296.76 149.24 -14.73 0.77 -0.94 -0.52 0.62 0.63 0.77 0.83
5.00 1.15 -543.09 141.36 -256.97 -0.79 -0.27 0.74 0.87 0.90 0.05 0.22
5.00 2.31 -477.95 378.38 -238.18 0.82 0.19 -0.24 0.74 0.21 0.16 0.16
9.00 3.15 -145.74 -279.03 -362.86 -0.41 0.11 -0.17 0.74 0.32 0.87 0.93
9.00 1.25 -29.90 290.96 364.33 0.79 -0.87 -0.53 0.94 0.38 0.74 0.42
16.00 37.21 372.95 -639.60 -227.98 0.48 -0.77 -0.22 0.23 0.38 0.56 0.96
22.00 85.68 63.51 339.47 236.02 -0.63 -0.94 0.76 0.28 0.72 0.89 0.72
8.00 16.02 -626.16 -305.79 -354.34 0.02 -0.56 -0.39 0.22 0.77 0.33 0.52
5.00 6.81 -70.43 -9.93 -98.87 -0.66 0.89 0.07 0.94 0.85 1.00 0.74
8.00 0.07 -422.81 559.10 170.90 0.21 0.05 0.61 0.17 0.91 0.97 0.96
22.00 78.62 596.11 -283.81 -369.28 -0.09 0.38 -0.86 0.12 1.00 0.37 0.73
8.00 0.26 -276.86 -487.94 -279.57 -0.60 0.55 -0.11 0.39 0.49 0.71 0.31
9.00 8.58 -331.80 208.38 395.80 0.30 -0.41 0.87 0.48 0.78 0.39 0.71
10.00 2.55 -220.50 -320.10 637.63 -0.45 0.59 0.23 0.32 0.94 0.17 0.73
19.00 77.30 -482.77 -635.20 53.87 0.77 -0.75 -0.91 0.35 0.71 0.78 0.05
8.00 8.08 -267.26 -626.77 220.68 -0.44 -0.06 -0.60 0.99 0.42 0.26 0.63
6.00 5.80 504.11 265.45 398.46 0.79 -0.05 0.95 0.32 0.46 0.35 0.40
11.00 18.53 35.72 -115.28 -314.63 0.19 -0.20 -0.56 0.79 0.49 0.95 0.67
5.00 1.39 -249.99 -580.40 -461.49 -0.48 0.72 -0.54 0.74 0.30 0.72 0.54
12.00 12.88 -153.05 248.90 229.94 -0.06 0.79 0.37 0.76 0.72 0.57 0.05
7.00 9.71 -609.24 -0.61 187.68 -0.55 0.91 -0.95 0.07 0.41 0.87 0.85
16.00 20.42 255.97 719.66 219.33 -0.38 0.86 -0.52 0.41 0.42 0.15 0.23
13.00 36.15 107.30 -41.03 -38.36 0.28 -0.96 0.30 0.67 0.05 0.86 0.63
15.00 33.18 -41.64 -33.30 -144.93 -0.82 0.02 0.52 0.58 0.61 0.87 0.46
5.00 2.30 -57.47 -283.11 723.39 -0.28 0.11 0.96 0.20 0.58 0.39 0.90
12.00 26.07 -288.41 279.21 -249.03 -0.14 -0.08 -0.38 0.83 0.38 0.92 0.22
5.00 5.59 19.10 140.95 -617.17 -0.91 0.37 0.05 0.84 0.91 0.51 0.04
7.00 6.69 280.94 -676.28 -7.42 0.54 0.75 -0.24 0.56 0.68 0.44 0.10
17.00 71.67 350.55 239.02 -68.27 -0.75 -0.53 0.66 0.54 0.94 0.99 0.19
5.00 3.54 571.22 242.08 -111.00 -0.81 -0.90 0.91 0.98 0.73 0.03 0.88
10.00 6.27 -11.71 30.58 -701.62 -0.40 0.05 0.06 0.65 0.52 0.94 0.94
15.00 43.02 593.52 -338.87 266.11 0.97 -0.56 -0.74 0.24 0.06 0.59 0.36
13.00 24.16 356.31 298.77 -461.20 0.80 0.15 0.01 0.97 0.94 0.32 0.16
6.00 5.54 -201.38 -365.27 -112.56 -0.87 0.54 -0.51 0.79 0.08 0.36 0.71
12.00 13.76 -433.08 -151.13 -478.80 0.08 0.05 0.92 0.31 0.09 0.00 0.60
13.00 36.73 -184.57 -192.43 619.10 0.82 0.88 0.15 0.45 0.71 0.22 0.77
13.00 45.52 164.86 -288.55 -143.67 0.80 0.57 0.12 0.37 0.33 0.77 0.93
13.00 18.79 121.16 -362.03 651.59 0.22 -0.49 -0.54 0.62 0.29 0.94 0.30
31.00 169.32 -210.14 -599.95 -124.02 -0.15 -0.80 -0.64 0.89 0.40 0.35 0.22
14.00 47.04 -104.70 404.90 565.58 -0.57 -0.12 0.64 0.19 0.69 0.87 0.08
7.00 5.32 269.06 -220.47 485.69 0.33 0.20 0.86 0.68 0.94 0.99 0.88
17.00 75.14 -432.18 -49.10 -444.21 -0.62 0.33 0.78 0.22 0.66 0.12 0.18
8.00 1.68 -500.00 294.64 327.14 0.22 0.91 -0.38 0.64 0.28 0.46 0.90
5.00 4.37 -210.39 723.78 -126.31 -0.73 0.03 -0.29 0.11 0.54 0.67 0.81
9.00 11.66 634.46 -85.15 -339.82 0.68 0.25 0.23 0.20 0.51 0.79 0.74
10.00 12.47 -372.46 80.33 -252.07 0.27 -0.96 -0.82 0.71 0.60 0.40 0.82
14.00 45.65 -634.28 -284.94 157.99 -0.90 0.61 -0.65 0.16 0.09 0.93 0.59
12.00 8.34 105.12 483.96 -344.24 0.40 -0.98 0.63 0.76 0.29 0.51 0.20
6.00 2.91 -434.70 231.17 -288.95 -0.64 0.35 -0.46 0.55 0.47 0.07 0.69
28.00 68.02 -202.07 433.98 142.69 -0.22 -0.32 -0.93 0.35 0.38 0.42 0.80
15.00 33.70 -365.53 -101.89 327.93 -0.35 0.00 0.72 0.26 0.63 0.81 0.08
16.00 61.47 564.72 -309.66 -126.57 -0.36 -0.41 0.73 0.30 0.76 0.68 0.76
36.00 212.50 60.95 -612.68 456.80 -0.97 -0.32 -0.28 0.20 0.57 0.90 0.63
12.00 5.82 -243.74 -144.12 -379.81 -0.15 0.39 0.17 0.74 0.96 0.47 0.54
8.00 8.92 373.67 70.41 -222.61 0.19 -0.95 -0.35 0.69 0.11 0.19 0.11
8.00 16.14 -107.31 -112.63 360.22 0.87 -0.05 0.41 0.13 0.70 0.71 0.71
19.00 85.93 -38.11 45.12 -727.83 -0.61 -0.73 -0.26 0.10 0.11 0.53 0.32
30.00 104.60 -492.52 468.34 -270.22 -0.39 0.87 -0.45 0.63 0.64 0.98 0.97
6.00 6.34 -498.30 -38.84 494.11 0.36 0.64 -0.51 0.06 0.27 0.97 0.68
27.00 114.74 -401.90 177.77 31.32 0.97 -0.31 0.36 0.15 0.13 0.46 0.23
13.00 14.08 -106.55 -169.92 -277.72 -0.17 -0.10 0.02 0.46 0.91 0.86 0.65
9.00 21.16 681.73 -76.70 -41.14 -0.98 0.99 -0.58 0.39 0.50 0.15 0.29
18.00 86.31 -687.01 210.13 -306.08 0.54 0.32 0.03 0.54 0.28 0.37 0.56
8.00 11.15 250.12 -352.08 550.92 -0.56 0.06 -0.16 0.99 0.89 0.18 0.61
7.00 12.17 170.70 -547.91 275.73 -0.45 -0.29 0.10 0.58 0.67 0.49 0.07
23.00 125.07 -435.27 161.85 491.82 -0.32 0.49 -0.38 0.38 0.45 0.37 0.15
6.00 6.52 172.77 149.87 357.95 0.99 -0.48 0.96 0.35 0.35 0.58 0.01
8.00 9.44 -504.80 -487.58 -201.59 0.08 -0.55 0.65 0.15 0.55 0.80 0.49
10.00 3.07 -533.90 -158.40 140.69 -0.02 0.39 0.14 0.62 0.29 0.23 0.80
16.00 11.89 400.42 236.60 455.15 -0.98 -0.59 -0.86 0.20 0.21 0.07 0.21
7.00 3.55 305.82 208.74 -295.55 -0.65 -0.62 0.41 0.71 0.06 0.60 0.99
5.00 0.85 34.32 143.15 52.80 -0.95 0.88 -0.31 0.93 0.47 0.14 0.71
8.00 9.85 -338.78 327.93 391.95 -0.90 0.36 0.43 0.08 0.98 0.42 0.47
6.00 4.09 -376.74 57.35 584.07 0.09 -0.07 0.49 0.66 0.90 0.05 0.20
25.00 32.24 -314.59 705.38 -193.67 0.69 -0.40 -0.25 0.33 0.36 0.81 0.60
22.00 126.85 -619.47 -274.48 -82.28 0.32 -0.41 -0.75 0.97 0.40 0.37 0.90
20.00 7.49 -134.38 -155.53 310.52 -0.60 0.16 0.63 0.02 0.53 0.63 0.43
5.00 4.01 -355.18 -437.03 206.56 -0.08 -0.57 -0.19 0.45 0.02 0.50 0.68
11.00 30.78 81.76 381.92 351.52 0.53 0.54 0.52 0.52 0.50 0.57 0.04
9.00 16.26 339.12 -49.90 433.87 -0.35 0.47 -0.09 0.90 0.38 0.13 0.75
8.00 2.16 -697.65 -330.03 178.45 -0.94 -0.46 0.15 0.29 0.02 0.16 0.34
15.00 43.82 230.31 299.16 -414.37 0.77 0.58 -0.07 0.16 0.42 0.26 0.59
11.00 12.10 257.36 -381.08 93.56 -0.89 0.89 0.06 0.96 0.04 0.81 0.48
25.00 130.23 551.18 511.81 -200.34 -0.11 -0.66 0.61 0.48 0.15 0.17 0.57
13.00 27.86 -508.44 83.26 -116.03 -0.02 0.39 -0.97 0.77 0.04 0.12 0.81
33.00 157.74 -390.45 -234.42 71.27 0.81 0.32 0.20 0.69 0.76 0.60 0.76
8.00 16.53 -91.47 -734.04 40.26 0.07 0.76 0.29 0.55 0.59 0.75 0.84
11.00 11.76 -437.08 47.28 -127.11 -0.41 0.55 0.59 0.80 0.27 0.18 0.92
17.00 60.44 -510.95 169.17 -255.73 -0.59 -0.78 -0.62 0.10 0.05 0.19 0.77
19.00 30.37 -170.36 -63.18 -509.05 0.99 -0.66 -0.99 0.01 0.08 0.59 0.44
5.00 3.07 100.35 -439.63 -49.74 0.85 0.72 -0.18 0.95 0.75 0.85 0.80
13.00 37.80 -208.74 566.13 -386.12 -0.01 -0.22 0.14 0.40 0.18 0.26 0.20
29.00 121.03 367.44 43.84 513.24 0.41 0.06 -0.26 0.57 0.78 0.63 0.70
10.00 12.78 274.37 710.59 -178.22 0.88 0.18 -0.43 0.94 0.09 0.21 0.90
11.00 14.26 -539.32 126.49 -549.52 0.33 -0.25 0.51 0.62 0.87 0.48 0.66
6.00 2.01 -565.55 403.59 -330.69 0.01 0.59 -0.41 0.74 0.36 0.08 0.30
22.00 128.75 310.18 -390.10 348.33 0.72 0.03 0.69 0.38 0.09 0.02 0.67
9.00 7.49 666.94 269.31 229.24 -0.12 -0.58 -0.32 0.52 0.78 0.17 0.35
9.00 4.82 -145.25 532.32 564.98 -0.98 0.11 -0.66 0.15 0.37 0.19 0.38
12.00 27.53 -526.92 -517.62 -53.84 0.95 -0.25 -0.44 0.17 0.47 0.48 1.00
6.00 9.09 320.19 -402.62 241.41 0.71 -0.64 0.53 0.05 0.40 0.02 0.03
23.00 66.63 -448.65 -487.12 27.48 0.48 -0.26 0.40 0.19 0.35 0.32 0.57
31.00 170.60 -123.30 149.77 753.74 0.75 -0.82 0.91 0.31 0.88 0.84 0.73
6.00 8.05 -410.85 174.47 -268.82 0.86 0.36 -0.60 0.59 0.40 0.80 0.03
19.00 38.15 223.88 9.09 -553.03 0.49 0.70 0.77 0.34 0.86 0.13 0.17
5.00 1.07 290.88 -416.70 252.58 -0.61 -0.82 0.41 0.49 0.83 0.58 0.84
27.00 115.10 -155.74 -569.99 -66.51 0.58 -0.10 0.88 0.64 0.42 0.72 0.33
5.00 4.94 -236.42 -757.13 -6.56 0.88 0.45 -0.85 0.80 0.46 0.37 0.48
23.00 75.11 104.10 151.18 -217.47 0.53 0.96 0.92 0.62 0.72 0.41 0.96
23.00 86.92 -20.17 212.45 21.62 -0.80 -0.11 -0.87 0.70 0.98 0.40 0.37
8.00 11.00 -304.04 -29.84 -69.84 0.27 -0.19 0.45 0.81 0.45 0.98 0.19
19.00 60.84 -205.53 705.77 116.85 0.07 -0.21 -0.25 0.48 0.47 0.46 0.36
12.00 9.33 -324.09 -393.49 -335.42 -0.14 0.51 -0.99 0.57 0.76 0.54 0.05
14.00 22.37 -334.19 -679.82 -198.61 -0.96 -0.33 0.21 0.66 0.55 0.34 0.93
13.00 0.48 120.33 -316.89 -487.07 -0.14 0.33 0.59 0.28 0.46 0.89 0.99
16.00 10.10 88.98 -73.14 -528.80 -0.19 0.14 -0.52 0.56 0.50 0.17 0.68
11.00 14.48 148.57 -516.37 -41.71 0.97 -0.94 0.05 0.74 0.46 0.38 0.98
7.00 9.13 161.71 -1.72 -691.64 0.55 -0.29 -0.74 0.63 0.11 0.58 0.76
29.00 55.03 322.07 -616.64 -333.41 -0.38 0.92 -0.48 0.09 0.34 0.78 0.16
8.00 9.38 508.24 -546.91 -70.58 0.11 -0.17 0.33 0.84 0.97 0.16 0.86
11.00 30.30 483.41 -88.89 -115.68 0.42 -0.59 -0.95 0.21 0.63 0.99 0.97
6.00 0.26 -483.30 53.87 -557.36 0.22 -0.76 0.17 0.84 0.58 0.84 0.11
15.00 34.54 -80.35 175.88 234.47 -0.96 0.51 -0.68 0.98 0.18 0.81 0.57
6.00 5.76 -19.74 -445.76 -519.59 -0.69 -0.30 -0.71 0.11 0.51 0.10 0.83
5.00 5.87 235.62 -147.63 231.73 0.79 0.41 0.12 0.27 0.94 0.89 0.22
32.00 138.57 -604.12 -160.63 264.22 0.62 -0.19 0.17 0.26 0.94 0.02 0.76
14.00 39.14 35.63 -212.88 394.80 -0.11 -0.54 0.88 0.92 0.50 0.31 0.03
25.00 131.52 -492.09 -239.51 430.19 -0.48 -0.43 0.08 0.43 0.40 0.82 0.18
6.00 0.09 227.32 102.08 752.13 -0.38 0.38 0.56 0.51 0.95 0.35 0.32
6.00 2.45 -288.62 -186.45 470.96 -0.91 -0.29 0.24 0.08 0.63 0.72 0.39
11.00 30.42 -429.93 143.74 -636.65 -0.65 0.48 -0.18 0.67 0.90 0.27 0.90
16.00 8.61 675.21 -350.68 -145.98 -0.88 -0.53 0.58 0.32 0.22 0.71 0.79
16.00 3.96 -300.88 594.76 412.02 0.02 0.78 0.75 0.48 0.66 0.51 0.63
18.00 35.86 672.72 388.33 -59.08 -0.90 -0.60 0.91 0.61 0.76 0.36 0.27
6.00 4.00 -516.46 135.30 -288.30 0.64 -0.18 -0.50 0.38 0.70 0.76 0.77
8.00 7.79 86.34 123.69 -549.52 0.81 -0.28 -0.61 0.36 0.08 0.63 0.71
20.00 70.85 554.06 -406.33 -255.60 0.46 -0.36 0.67 0.16 0.17 0.68 0.36
17.00 58.39 -715.10 -59.11 -31.25 -0.76 0.62 -0.37 0.90 0.04 0.68 0.04
35.00 80.49 277.41 185.26 328.81 -0.90 -0.46 0.84 0.90 0.12 0.88 0.09
24.00 15.21 -615.09 382.39 208.02 -0.90 -0.04 0.67 0.51 0.62 0.09 0.02
17.00 26.80 -135.15 -406.50 128.75 -0.98 0.84 -0.30 0.06 0.72 0.57 0.25
7.00 3.05 96.75 335.23 -664.03 -0.07 -0.01 0.08 0.34 0.89 0.44 0.17
9.00 15.54 -312.43 -354.77 246.22 0.30 0.49 -0.80 0.71 0.76 0.73 0.78
11.00 29.04 495.24 224.18 282.66 0.84 0.50 0.80 0.17 0.31 0.09 0.97
7.00 5.06 -186.78 -338.21 255.76 0.06 -0.77 0.26 0.46 0.77 0.11 0.85
9.00 12.97 156.11 -12.43 626.21 0.05 -0.64 -0.35 0.83 0.24 0.62 0.25
15.00 34.30 -203.18 -30.03 163.10 0.68 -0.08 0.04 0.08 0.96 0.19 0.18
17.00 2.76 243.90 -203.97 183.61 -0.57 -0.82 0.76 0.08 0.25 0.10 0.67
9.00 1.27 -100.37 306.75 -629.88 -0.50 -0.85 -0.59 0.98 0.55 0.48 0.63
5.00 2.73 235.03 345.98 -379.07 -0.68 0.24 0.81 0.89 0.93 0.55 0.60
16.00 54.97 421.52 64.94 -141.75 0.62 0.21 0.12 0.54 0.05 0.08 0.45
16.00 4.66 -41.40 65.75 654.20 0.56 0.59 -0.05 0.12 0.03 0.67 0.19
11.00 17.98 -531.82 -22.16 524.02 0.62 -0.91 0.05 0.92 0.41 0.08 0.66
15.00 50.85 -344.06 471.03 208.30 -0.20 1.00 0.57 0.05 0.86 0.85 0.23
8.00 4.80 -176.04 -65.53 -708.78 -0.37 -0.40 0.52 0.94 0.35 0.83 0.55
15.00 42.90 -194.61 178.48 250.96 -0.42 -0.87 0.42 0.94 0.96 0.26 0.98
9.00 12.88 223.38 143.23 -145.58 -0.76 -0.66 -0.97 0.05 0.30 0.36 0.41
18.00 23.10 -139.75 -221.73 447.16 0.02 0.66 0.73 0.45 0.24 0.18 0.08
7.00 9.46 -532.08 56.25 592.07 -0.16 0.57 0.50 0.21 0.27 0.04 0.67
18.00 81.31 -381.18 48.57 663.19 -0.99 -0.03 -0.65 0.81 0.86 0.73 0.06
14.00 37.61 736.49 -242.58 35.16 -0.53 -0.71 0.61 0.99 0.60 0.44 0.87
8.00 0.99 -152.77 36.59 -503.13 0.80 0.72 0.56 0.19 0.24 0.89 0.59
5.00 5.40 -364.67 -60.18 695.48 0.42 0.37 0.56 0.85 0.81 0.22 0.72
5.00 3.02 528.92 -146.48 -342.04 -0.85 0.62 -0.72 0.96 0.98 0.20 0.90
13.00 4.93 382.13 531.06 -400.17 -0.44 0.88 0.90 0.65 0.68 0.39 0.94
21.00 85.95 -347.35 328.01 -605.40 -0.86 -0.93 0.79 0.73 0.88 0.11 0.29
7.00 11.68 264.69 -454.00 559.90 -0.59 0.32 0.03 0.36 0.73 0.07 0.38
13.00 6.41 -66.93 291.14 -194.22 0.88 -0.70 -0.19 0.56 0.66 0.44 0.94
5.00 5.96 665.78 -85.61 -102.64 -0.44 -0.83 -0.23 0.20 0.68 0.52 0.82
12.00 35.33 615.76 -211.34 202.39 0.33 0.40 0.19 0.45 0.94 0.40 0.85
7.00 1.70 -580.60 -277.11 168.02 -0.24 -0.60 0.01 0.43 0.51 0.43 0.98
8.00 2.41 316.82 -241.34 -451.25 0.09 -0.79 0.64 0.42 0.58 0.61 0.13
15.00 58.37 268.75 -294.22 -25.65 0.64 0.92 0.33 0.83 0.70 0.66 0.48
13.00 18.82 -101.37 298.88 -673.22 0.83 -0.94 0.49 0.61 0.30 0.33 0.63
7.00 10.91 -768.74 -10.44 -9.81 0.24 0.40 0.40 0.16 0.47 0.48 0.24
14.00 26.38 -282.48 129.93 342.65 0.92 0.62 -0.55 0.57 0.86 0.99 0.14
9.00 17.36 180.53 -294.36 111.38 0.21 0.65 -0.79 0.49 0.25 0.62 0.45
5.00 3.42 117.01 -220.47 -416.99 0.35 -0.63 0.31 0.67 0.23 0.23 0.91
5.00 5.08 -66.19 252.31 -148.29 -0.15 -0.19 -0.34 0.86 0.04 0.60 0.32
12.00 5.01 583.36 34.91 12.09 0.86 0.56 -0.19 0.93 0.34 0.55 0.17
10.00 24.16 206.53 579.34 493.08 -0.32 -0.12 0.34 0.22 0.43 0.54 0.18
11.00 24.12 329.44 -109.36 -500.83 -0.08 -0.78 0.04 0.69 0.58 0.89 0.97
11.00 18.28 -191.52 405.15 -254.57 0.09 -0.29 -0.23 0.87 0.88 0.88 0.07
6.00 9.42 -133.62 502.29 573.31 0.23 0.02 -0.51 0.02 0.84 0.89 0.01
14.00 17.27 -612.13 404.87 -174.82 -0.80 0.84 -0.95 0.40 0.23 0.60 0.68
11.00 29.21 588.43 -242.77 190.92 -0.84 0.37 -0.61 0.02 0.57 0.83 0.14
5.00 6.70 -13.91 157.08 -609.50 -0.80 -0.99 -0.61 0.59 0.03 0.26 0.49
17.00 22.92 334.87 31.10 -189.34 0.46 0.75 -0.44 0.68 0.75 0.31 0.72
18.00 1.41 -414.12 -38.48 36.24 -0.74 -0.42 0.67 0.29 0.84 0.80 0.94
5.00 4.41 274.43 -8.20 64.56 -0.18 -0.99 0.20 0.05 0.78 0.90 0.31
9.00 0.02 635.92 338.04 195.82 0.35 -0.95 0.25 0.54 0.93 0.84 0.62
22.00 106.75 726.90 -72.39 -76.16 -0.64 0.14 -0.88 0.97 0.84 0.06 0.78
5.00 1.72 -399.35 138.15 41.12 0.87 -0.13 -0.21 0.03 0.71 0.08 0.46
6.00 0.68 521.04 -442.57 -170.79 0.15 -0.01 0.78 0.04 0.16 0.05 0.97
26.00 18.57 71.76 -41.03 537.09 -0.32 -0.71 0.67 0.98 0.37 0.54 0.46
6.00 1.79 403.74 -469.09 472.95 -0.60 0.52 0.15 0.94 0.09 0.12 0.81
8.00 3.32 273.45 261.69 461.65 -0.23 -0.83 -0.99 0.03 0.55 0.56 0.03
20.00 70.86 677.23 133.01 -342.29 0.55 0.08 -0.71 0.76 0.17 0.24 0.70
21.00 37.03 -117.64 -705.04 -286.97 0.73 -0.17 0.63 0.07 0.54 0.22 0.32
9.00 1.87 449.91 214.11 425.15 0.44 0.36 -0.10 0.18 0.37 0.78 0.51
10.00 16.13 -248.73 -30.84 535.48 -0.28 0.86 -0.69 0.58 0.35 0.65 1.00
21.00 17.16 -33.58 290.39 -352.06 0.29 -0.22 0.82 0.87 0.09 0.39 0.38
27.00 63.33 -546.91 456.46 140.12 0.10 0.03 0.65 0.66 0.04 0.59 0.65
12.00 38.88 448.55 298.35 328.76 -0.60 0.27 -0.62 0.05 0.04 0.10 1.00
21.00 40.91 -329.22 -206.13 -316.02 0.16 0.86 -0.45 0.53 0.73 0.10 0.38
35.00 246.59 -158.91 -149.51 64.35 -0.43 0.54 0.81 0.22 0.94 0.95 0.13
27.00 84.65 -95.72 -36.96 612.79 0.04 0.34 0.89 0.20 0.79 0.55 0.89
10.00 9.59 -133.48 279.24 373.38 -0.24 0.16 0.41 0.78 0.12 0.52 0.57
36.00 65.98 714.76 113.48 -278.52 -0.53 0.89 -0.94 0.83 0.37 0.46 0.43
7.00 8.10 -152.31 234.21 -448.97 -0.50 0.64 0.01 0.52 0.13 0.83 0.35
5.00 0.61 543.21 -37.41 436.00 0.71 0.37 0.17 0.98 0.41 0.92 0.51
10.00 3.48 577.11 -512.42 21.37 -0.20 -0.64 0.87 0.25 0.86 0.08 0.23
9.00 8.84 515.80 358.58 -458.02 0.78 0.56 -0.73 0.93 0.58 0.94 0.46
13.00 23.27 -696.94 -75.92 -363.76 -0.32 0.82 -0.04 0.27 0.68 0.61 0.15
6.00 3.04 156.68 508.98 280.56 -0.64 -0.96 0.91 0.31 0.69 0.80 0.92
27.00 35.85 -62.76 403.71 -101.54 -0.05 0.21 -0.13 0.46 0.10 0.96 0.22
6.00 7.98 -54.22 -482.75 549.38 -0.43 -0.15 0.38 0.82 0.40 0.48 0.97
24.00 60.52 404.61 -20.93 -409.64 0.72 0.59 0.74 0.42 0.73 0.59 0.28
6.00 3.10 776.15 189.74 25.69 -0.27 -0.67 -0.90 0.38 0.97 0.11 0.77
14.00 41.47 -28.72 -381.73 -535.87 0.81 -0.61 -0.89 0.04 0.39 0.04 0.70
7.00 8.68 7.13 511.73 -244.77 0.37 -0.07 -0.55 0.90 0.13 0.47 0.97
6.00 9.74 24.32 -451.36 -403.26 -0.77 0.41 0.22 0.94 0.52 0.88 0.39
25.00 109.20 464.11 593.78 -23.45 -0.95 -0.56 0.98 0.90 0.17 0.96 0.37
30.00 44.65 -278.50 -537.15 -446.59 -0.76 0.38 0.18 0.12 0.37 0.81 0.22
17.00 50.60 -4.16 404.03 576.62 -0.87 0.59 -0.12 0.03 0.74 0.87 0.64
10.00 1.77 214.60 -20.18 -161.52 0.94 0.67 -0.07 0.01 0.16 0.25 0.48
5.00 4.76 -580.37 216.65 -281.20 -0.26 -0.93 -0.72 0.99 0.91 0.18 0.95
11.00 18.51 159.38 -91.95 -728.57 0.00 -1.00 0.86 0.13 0.58 0.46 0.97
22.00 126.05 -480.20 -73.36 452.88 0.63 -0.91 0.65 0.15 0.11 0.05 0.51
15.00 54.36 423.19 366.65 294.78 -0.90 1.00 0.64 0.81 0.44 0.71 0.69
8.00 15.81 -11.31 283.11 -641.56 0.06 0.00 0.82 0.72 0.36 0.40 0.91
6.00 0.39 41.43 612.77 -452.08 -0.12 -0.63 -0.11 0.67 0.48 0.54 0.70
16.00 7.62 -232.21 453.80 186.30 -0.43 0.89 0.05 0.17 0.49 0.98 0.38
7.00 8.57 488.08 4.52 400.20 0.20 -0.97 -0.96 0.63 0.95 0.58 0.83
8.00 11.86 -80.22 -446.19 -99.46 0.81 -0.33 -0.21 0.56 0.34 0.77 0.60
6.00 3.97 -117.89 242.76 -246.31 0.91 0.54 -0.47 0.30 0.30 0.13 0.84
23.00 12.65 -9.85 -557.66 -207.80 -0.04 0.02 -0.56 0.01 0.13 0.48 0.84
25.00 147.65 77.19 277.64 737.66 0.51 -0.65 0.09 0.92 0.52 0.85 0.03
7.00 2.17 5.35 -646.06 -245.13 0.82 -0.20 -0.84 0.21 0.93 0.05 0.43
7.00 5.80 -151.48 -217.88 372.81 0.85 0.12 0.63 0.35 0.41 0.50 0.90
26.00 155.09 503.15 -607.72 77.15 0.13 -0.20 -0.07 0.24 0.71 0.71 0.10
9.00 18.48 64.53 -354.90 -682.82 0.88 -0.29 0.51 0.86 0.31 0.29 0.99
9.00 13.89 371.24 14.25 118.73 -0.48 -0.63 -0.56 0.81 0.15 0.78 0.82
7.00 9.04 -87.60 -145.04 -7.38 -0.71 0.38 0.24 0.20 0.08 0.80 0.38
39.00 68.58 701.41 -140.65 -12.31 -0.52 0.04 0.82 0.49 0.74 0.23 0.29
13.00 13.72 120.52 -164.97 -317.77 -0.94 -0.83 0.89 0.72 0.05 0.76 0.72
15.00 6.50 -717.23 -30.53 128.78 -0.70 -0.53 -0.76 0.64 0.76 0.18 0.33
10.00 19.40 349.77 -372.08 -53.63 0.06 0.29 -0.51 0.64 0.20 0.43 0.71
12.00 22.31 369.26 404.59 535.76 -0.67 0.18 -0.18 0.52 0.59 0.63 0.32
21.00 38.27 55.56 -573.18 340.40 0.35 -0.44 -0.55 0.81 0.30 0.01 0.14
8.00 2.68 -357.01 -255.11 210.47 0.39 0.54 -0.03 0.34 0.14 0.61 0.80
11.00 5.91 434.17 -599.47 -233.56 0.97 0.79 0.66 0.07 0.04 0.53 0.58
15.00 17.35 296.38 12.19 -481.61 0.44 -0.32 0.58 0.83 0.59 0.36 0.16
20.00 64.97 -65.13 -523.73 -491.63 0.42 -0.18 0.17 0.70 0.13 0.23 0.84
8.00 14.93 -398.60 -174.98 383.80 0.00 0.28 0.14 0.42 0.22 0.96 0.13
9.00 11.62 -79.60 -387.46 376.90 -0.12 0.81 0.52 0.57 0.17 0.59 0.09
26.00 127.19 353.54 422.33 -37.85 0.23 0.49 0.42 0.88 0.79 0.82 0.10
9.00 1.84 -159.75 233.53 659.80 -0.15 -0.75 0.18 0.26 0.45 0.54 0.27
25.00 115.75 -130.85 639.46 411.72 -0.50 0.43 0.84 0.46 0.57 0.94 0.19
16.00 46.16 274.19 -14.97 -382.77 -0.28 -0.94 -0.66 0.35 0.55 0.31 0.34
8.00 14.18 278.70 520.46 -142.33 0.78 -0.91 -0.43 0.78 0.16 0.71 0.54
19.00 16.69 392.86 515.04 441.99 0.68 -0.84 0.27 0.05 0.54 0.10 0.32
10.00 17.26 171.40 -117.66 635.68 -0.83 -0.56 -0.94 0.24 0.60 0.22 0.27
34.00 227.34 20.09 -612.83 -179.57 0.79 -0.13 -0.72 0.96 0.40 0.19 0.68
12.00 30.28 252.33 481.89 -240.50 0.12 -0.23 -0.21 0.82 0.38 0.60 0.70
12.00 31.30 -231.01 477.48 -71.62 -0.45 0.45 0.21 0.79 0.36 0.66 0.66
13.00 24.78 -332.48 483.18 249.30 -0.16 0.56 0.52 0.51 0.50 0.21 0.80
19.00 3.50 62.65 -316.67 588.85 0.10 0.12 0.41 0.27 0.97 0.32 0.51
5.00 0.79 -315.59 268.44 74.30 0.19 -0.95 0.73 0.76 0.98 0.31 0.43
25.00 154.85 196.24 57.18 507.86 0.48 0.67 0.89 0.69 0.94 0.01 0.33
8.00 3.99 -50.28 470.21 -378.21 -0.45 0.65 -0.85 0.54 0.33 0.72 0.20
21.00 106.07 -358.88 25.29 401.32 0.08 -0.52 -0.31 0.70 0.59 0.88 0.23
9.00 11.97 -40.32 401.50 158.41 0.46 -0.19 0.53 0.58 0.66 0.51 0.27
30.00 142.85 -503.82 -118.50 61.75 0.52 0.27 -0.00 0.29 0.60 0.25 0.00
6.00 8.21 -81.58 -640.07 67.22 0.94 -0.72 0.82 0.72 0.61 0.83 0.91
5.00 0.37 79.65 -417.08 -371.18 0.14 0.66 0.72 0.69 0.73 0.35 0.13
9.00 5.58 -284.06 -13.85 -93.97 0.87 0.43 0.79 0.80 0.90 0.46 0.34
22.00 44.20 111.80 219.35 602.77 -0.44 0.30 -0.14 0.99 0.44 0.42 0.20
13.00 18.03 178.32 154.10 640.77 -0.57 -0.65 -0.60 0.76 0.25 0.42 0.23
20.00 94.83 -219.16 265.58 -111.80 0.45 0.97 -0.82 0.16 0.23 0.54 0.84
6.00 5.30 107.45 -179.30 -362.77 0.25 0.02 0.44 0.98 0.13 0.32 0.04
7.00 10.21 -330.54 130.23 -318.32 -0.43 0.50 0.64 0.29 0.10 0.62 0.61
14.00 32.23 -512.92 -270.98 216.83 0.87 -0.91 0.52 0.88 0.07 0.96 0.20
17.00 22.79 8.06 -56.35 417.30 -0.94 -0.80 0.99 0.16 0.18 0.61 0.29
5.00 6.10 322.84 -376.97 -82.60 0.61 -0.36 -0.90 0.24 0.29 0.09 0.57
16.00 34.28 293.29 237.95 473.56 0.53 0.78 0.55 0.03 0.18 0.22 0.47
9.00 18.12 159.18 10.20 -763.67 0.52 -1.00 0.42 0.62 0.46 0.86 0.59
11.00 2.19 559.36 -371.34 92.47 0.28 -0.96 -0.16 0.49 0.46 0.81 0.01
14.00 49.05 -564.47 197.94 64.53 0.83 0.46 0.85 0.55 0.96 0.77 0.03
24.00 55.59 516.99 93.92 -109.28 0.50 0.30 -0.08 0.85 0.30 0.79 0.46
5.00 6.57 558.69 -87.10 338.46 -0.52 -0.44 0.20 0.86 0.55 0.72 0.30
8.00 2.60 424.15 504.73 -191.83 0.84 0.88 -0.94 0.97 0.92 0.93 0.49
5.00 6.01 199.09 194.22 -106.67 -0.41 0.25 0.17 0.44 0.61 0.31 0.46
6.00 0.62 578.59 204.12 -194.03 0.01 1.00 -0.87 0.47 0.98 0.95 0.89
12.00 7.54 -110.80 82.24 -379.80 0.94 0.41 -0.59 0.24 0.62 0.19 0.88
8.00 2.19 325.09 -611.63 -128.38 0.00 -0.05 0.69 0.55 0.99 0.58 0.70
10.00 20.71 225.18 -45.50 664.01 0.01 0.54 0.97 0.67 0.52 0.55 0.44
16.00 25.58 386.99 0.35 -672.96 0.27 0.89 -0.26 0.58 0.05 0.74 0.37
27.00 62.86 -517.32 281.08 -247.14 0.95 -0.53 -0.41 0.18 0.71 0.66 0.25
20.00 10.78 298.66 -333.88 -472.43 0.50 0.10 0.52 0.20 0.22 0.68 0.63
8.00 8.93 -261.22 152.63 623.57 0.20 -0.36 -0.02 0.60 0.96 0.45 0.14
7.00 0.88 25.45 223.51 352.70 0.15 0.71 0.06 0.66 0.42 0.78 0.22
17.00 18.71 -203.59 398.36 -306.40 -0.69 -0.21 -0.22 0.57 0.95 0.22 0.80
28.00 68.26 241.75 159.97 17.72 0.91 -0.55 0.02 0.01 0.30 0.95 0.08
11.00 14.89 -219.18 -115.49 -80.72 0.57 0.73 -0.38 0.41 0.58 0.50 0.36
9.00 19.52 288.47 34.52 295.75 -0.18 -0.37 0.46 0.05 0.74 0.67 0.14
22.00 42.52 26.29 199.29 -79.73 0.79 0.99 -0.97 0.16 0.12 0.51 0.71
19.00 41.76 125.39 -450.52 -418.70 0.17 0.69 0.87 0.25 0.47 0.37 0.33
5.00 4.04 -9.51 -196.37 -669.74 -0.08 -0.68 -0.01 0.15 0.60 0.47 0.27
9.00 5.37 -133.63 -297.42 529.68 0.14 0.38 -0.44 0.81 0.12 0.69 0.31
24.00 126.79 -564.49 125.40 524.97 -0.60 -0.74 0.17 0.78 0.99 0.78 0.89
5.00 4.08 -24.22 -754.51 86.18 0.19 -0.05 -0.70 0.86 0.29 0.09 0.51
5.00 1.65 95.83 -641.23 136.50 -0.50 0.93 0.65 0.81 0.26 0.85 0.62
14.00 35.36 112.87 -735.04 -189.72 0.70 0.51 -0.30 0.56 0.09 0.80 0.80
15.00 9.03 -459.50 -468.15 309.49 0.10 -0.31 -0.27 0.35 0.48 0.72 0.32
15.00 14.72 159.09 136.73 598.46 -0.08 0.15 0.61 0.95 0.11 0.95 0.04
8.00 8.13 -264.97 277.25 466.88 -0.49 0.15 0.01 0.71 0.91 0.19 0.70
18.00 67.24 -401.73 -577.81 -29.96 -0.21 -0.76 0.14 0.14 0.84 0.69 0.67
25.00 86.17 624.51 -339.59 184.38 0.56 -0.17 -0.76 0.18 0.34 0.97 0.71
18.00 31.49 69.02 295.64 -643.35 0.00 0.40 -0.49 0.08 0.83 0.48 0.79
15.00 8.80 -112.28 -333.98 -536.61 0.29 0.29 -0.19 0.59 0.25 0.05 0.11
6.00 5.92 5.77 -148.72 243.26 0.73 -0.16 -0.32 0.46 0.28 0.30 0.84
18.00 55.81 -432.87 -195.71 413.27 0.51 -0.96 0.05 0.53 0.07 0.44 0.12
12.00 32.35 -522.98 -362.20 -112.18 -0.56 0.98 -0.40 0.82 0.35 0.15 0.77
13.00 11.24 674.43 -224.80 126.68 0.34 0.32 -0.10 0.70 0.70 0.90 0.92
11.00 6.89 -511.16 -83.65 -512.99 -0.98 0.11 -0.86 0.82 0.28 0.13 0.68
9.00 15.13 344.01 -427.06 -56.67 0.82 0.35 0.08 0.68 0.11 0.27 0.40
7.00 6.82 -87.46 603.31 74.77 0.42 -0.27 0.22 0.13 0.95 0.40 0.96
22.00 80.24 33.23 -599.96 -33.88 0.22 -0.14 -0.54 0.79 0.54 0.53 0.12
20.00 29.70 590.23 -226.88 87.01 0.83 -0.74 -0.37 0.67 0.36 0.79 0.71
24.00 134.56 -7.52 768.71 19.78 -0.99 -0.48 -0.75 0.61 0.89 0.63 0.74
6.00 4.95 227.13 -457.19 257.53 0.36 -0.49 -0.53 0.36 0.43 0.76 0.94
7.00 2.69 414.72 -391.34 213.66 0.69 -0.67 -0.38 0.18 0.07 0.64 0.01
19.00 53.79 157.48 204.27 503.65 0.43 0.13 0.58 0.39 0.26 0.32 0.42
10.00 6.24 -560.65 -116.09 -381.95 -0.95 0.12 -0.65 0.30 1.00 0.36 0.26
10.00 18.59 201.19 236.15 -522.71 0.10 0.41 0.25 0.65 0.67 0.88 0.83
10.00 14.29 427.80 55.72 -11.86 0.87 -0.35 -0.17 0.07 0.66 0.45 0.59
5.00 5.28 -53.63 -255.62 -550.79 -0.43 -0.11 0.24 0.73 0.53 0.27 0.12
6.00 6.09 -204.78 317.94 371.74 0.99 0.67 0.45 0.27 0.86 0.71 0.11
8.00 15.63 305.06 -29.00 34.01 0.79 -0.03 -0.46 0.17 0.80 0.10 0.42
9.00 10.91 487.03 298.74 -434.80 0.47 -0.44 -0.73 0.55 0.13 0.48 0.88
8.00 0.92 598.09 -60.92 -292.09 -0.92 -0.75 -0.14 0.41 0.27 0.27 0.09
8.00 1.66 -14.13 49.15 -782.06 0.63 0.55 -0.98 0.10 0.26 0.42 0.69
5.00 5.72 -337.52 305.62 177.25 -0.20 0.15 0.95 0.99 0.86 0.99 0.89
15.00 2.52 261.28 198.59 210.34 0.31 0.80 -0.87 0.84 0.58 0.74 0.49
6.00 2.37 277.67 -285.81 194.68 0.56 -0.07 0.26 0.64 0.66 0.06 0.80
8.00 7.61 -11.75 408.79 -277.84 -0.06 0.48 -0.85 0.19 0.24 0.37 0.89
7.00 8.41 -131.56 -163.18 -314.91 -0.74 -0.14 0.95 0.88 0.30 0.26 0.54
5.00 1.32 -16.92 108.65 -230.35 -0.87 -0.52 -0.65 0.97 0.67 0.67 0.02
6.00 3.47 -126.17 -734.51 15.37 0.31 0.89 0.82 0.66 0.32 0.58 0.58
16.00 5.23 468.83 372.11 -288.40 0.30 0.60 0.58 0.62 0.43 0.80 0.83
24.00 16.38 556.61 -98.69 24.76 0.43 0.09 -0.81 0.71 0.45 0.09 0.52
15.00 17.22 -438.52 -53.08 209.53 -0.02 0.06 0.75 0.64 0.21 0.61 0.89
6.00 9.75 -178.75 -194.46 328.31 0.89 -0.49 0.87 0.88 0.28 0.34 0.82
9.00 1.05 -403.91 84.64 -448.98 0.58 0.58 0.34 0.11 0.99 0.37 0.23
8.00 13.74 245.76 -637.07 -62.52 -0.79 -0.32 -0.14 0.33 0.96 0.47 0.80
9.00 19.45 63.33 233.30 206.61 0.19 -0.99 -0.34 0.20 0.43 0.73 0.55
7.00 5.13 478.75 135.34 -368.09 0.67 -0.31 -0.36 0.81 0.26 0.66 0.93
15.00 14.60 -246.66 -18.70 -634.08 0.84 0.79 -0.21 0.65 0.96 0.79 0.19
14.00 34.86 -631.74 268.40 354.47 -0.42 -0.37 -0.41 0.24 0.94 0.60 0.16
19.00 91.06 276.02 70.46 521.56 -0.41 0.22 0.21 0.81 0.32 0.53 0.72
22.00 126.57 -43.97 174.66 -689.09 -0.39 0.91 0.21 0.72 0.33 0.75 0.59
7.00 7.21 371.10 -558.51 314.81 -0.76 0.72 0.26 0.86 0.84 0.11 0.24
19.00 89.91 -326.50 -273.47 -140.21 0.57 0.97 -0.83 0.83 0.84 0.37 0.41
6.00 4.18 312.51 -28.18 311.78 -0.99 -0.75 -0.80 0.62 0.92 0.84 0.23
8.00 9.09 93.50 -105.20 479.43 -0.56 0.53 0.12 0.35 0.15 0.11 0.05
35.00 191.48 -226.44 351.44 -536.12 0.89 0.10 0.14 0.35 0.83 0.97 0.83
7.00 10.28 -669.07 -227.87 66.12 -0.45 0.10 0.54 0.98 0.17 0.64 0.40
9.00 9.66 211.32 20.75 110.17 -0.88 0.41 0.97 0.01 0.30 0.15 0.53
5.00 1.98 -57.35 -206.05 410.77 -0.81 0.90 0.05 0.44 0.80 0.61 0.90
16.00 9.66 201.08 -630.64 98.82 0.49 0.16 0.43 0.54 0.17 0.10 0.92
22.00 50.81 -538.31 -448.99 -220.36 -0.12 -0.69 0.52 0.61 0.01 0.14 0.97
12.00 23.55 357.92 484.49 -327.95 0.90 0.84 0.34 0.60 0.29 0.53 0.42
31.00 243.59 566.91 452.35 312.09 -0.08 -0.96 -0.99 0.87 0.88 0.12 0.85
14.00 5.09 389.14 -254.52 153.06 -0.70 0.32 -0.51 0.41 0.35 0.02 0.11
21.00 77.63 202.88 -302.53 -36.73 -0.39 -0.20 0.55 0.05 0.99 0.03 0.11
24.00 113.98 109.34 551.80 -438.38 0.43 -0.06 -0.48 0.57 0.17 0.25 0.77
13.00 17.24 382.11 514.19 -175.36 0.31 -0.30 0.01 0.60 0.71 0.57 0.78
14.00 26.78 756.54 7.72 -246.15 -0.10 -0.97 0.94 0.26 0.56 0.13 0.46
9.00 20.11 311.87 -383.13 -527.12 -0.78 0.44 0.62 0.42 0.66 0.50 0.61
8.00 4.66 -413.00 -125.30 51.88 -0.74 0.72 -0.80 0.14 0.30 0.59 0.43
9.00 3.49 -83.30 -656.38 107.13 -0.56 0.02 0.38 0.99 0.83 0.30 0.93
8.00 6.23 -539.46 -396.95 -31.61 -0.56 -0.29 -0.87 1.00 0.43 0.72 0.51
14.00 24.57 -494.74 -269.90 84.78 -0.62 0.60 0.45 0.93 0.67 0.85 0.98
6.00 1.93 7.26 364.19 -711.78 0.58 -0.43 -0.58 0.93 0.50 0.90 0.77
30.00 162.30 273.48 -50.01 88.67 0.66 -0.15 0.02 0.97 0.78 0.79 0.75
26.00 77.47 -383.57 -51.39 -644.41 0.76 -0.39 -0.88 0.66 0.40 0.54 0.04
12.00 18.73 443.83 -360.31 212.56 -0.18 0.92 0.17 0.64 0.38 0.38 0.15
11.00 1.01 -249.49 -71.20 -551.58 0.75 -0.80 -0.41 0.00 0.15 0.76 0.30
28.00 5.93 -39.59 -330.25 118.94 0.47 -0.47 -0.14 0.30 0.36 0.78 0.78
9.00 1.79 -284.93 -494.48 121.27 0.89 0.40 0.62 0.60 0.67 0.81 0.15
10.00 12.74 -628.25 186.59 236.25 0.75 0.54 0.82 0.22 0.34 0.63 0.53
8.00 2.95 -162.36 93.74 634.21 0.35 -0.83 -0.97 0.52 0.24 0.34 0.71
23.00 16.88 601.87 55.92 -53.20 0.01 -0.40 0.15 0.63 0.72 0.49 0.12
16.00 32.19 190.64 -43.06 345.58 -0.42 -0.87 -0.70 0.80 0.56 0.73 0.34
10.00 0.24 -161.76 679.85 11.37 0.58 0.13 -0.80 0.73 0.50 0.03 0.78
35.00 322.99 262.11 257.86 91.99 0.71 -0.30 0.91 0.75 0.62 0.51 0.53
5.00 2.39 520.47 -248.02 439.66 -0.81 -1.00 0.53 0.19 0.82 0.94 0.78
19.00 94.03 341.94 -180.07 399.99 0.83 0.77 -0.11 0.41 0.86 0.74 0.78
9.00 17.12 -429.30 157.83 125.27 0.54 0.11 -0.66 0.40 0.62 0.08 0.69
8.00 8.36 -141.13 489.50 -518.94 -0.33 0.55 -0.11 0.68 0.78 0.48 0.51
8.00 11.76 -392.95 -24.03 280.02 0.00 0.64 0.07 0.13 0.59 0.94 0.39
20.00 2.72 -298.50 -479.23 -316.42 -0.49 -0.49 -0.13 0.37 0.52 0.86 0.10
6.00 3.89 630.67 436.72 15.51 0.15 0.94 -0.99 0.46 0.80 0.91 0.96
9.00 11.60 -219.88 -9.87 351.08 0.78 0.86 -0.27 0.18 0.06 0.79 0.64
5.00 5.41 -28.79 225.47 -51.04 -0.28 0.28 -0.42 0.24 0.59 0.42 0.85
6.00 2.44 51.20 -577.38 92.58 -0.42 -0.79 0.64 0.37 0.58 0.03 0.35
15.00 55.46 -349.48 71.11 650.64 0.47 0.75 0.30 0.77 0.15 0.29 0.64
22.00 17.43 100.52 -68.17 144.28 -0.13 -0.82 -0.61 0.31 0.80 0.04 0.29
6.00 5.74 251.00 0.36 122.53 0.07 0.20 0.71 0.82 0.84 0.75 0.87
12.00 37.07 480.65 183.33 153.57 -0.23 0.63 0.77 0.79 0.36 0.54 0.06
13.00 39.91 -93.93 -38.92 503.75 0.81 -0.08 -0.50 1.00 0.72 0.43 0.68
8.00 12.41 507.26 -34.97 189.30 0.82 -0.36 0.69 0.41 0.59 0.41 0.87
8.00 0.68 124.98 -483.91 -478.99 0.67 0.88 0.50 0.93 0.23 0.36 0.96
5.00 6.28 -408.81 391.28 302.44 -0.71 0.41 0.59 0.58 0.75 0.65 0.45
9.00 7.39 122.53 129.19 748.19 0.96 -0.36 -0.59 0.53 0.10 0.29 0.08
16.00 46.84 -133.51 -378.30 -449.17 0.83 0.85 0.15 0.44 0.47 0.40 0.51
26.00 179.15 -3.41 331.75 45.23 0.62 -0.96 0.43 0.91 0.68 0.49 0.74
10.00 0.79 -259.90 -659.23 -178.60 -0.25 -0.54 -0.40 0.13 0.00 0.02 0.62
7.00 11.38 -558.49 63.13 370.49 -0.90 0.57 0.05 0.78 0.84 0.00 0.28
12.00 37.78 23.86 -146.77 679.13 0.44 0.29 -0.73 0.85 0.09 0.09 0.53
15.00 38.09 -15.24 -490.59 292.09 0.84 -0.32 0.66 0.44 0.20 0.06 0.83
5.00 0.05 510.73 172.41 -152.97 -0.44 0.14 -1.00 0.66 0.59 0.73 0.97
7.00 13.06 -48.56 -634.67 -144.85 0.72 -0.79 -0.96 0.93 0.40 0.48 0.77
13.00 0.87 -162.55 210.22 -150.62 0.71 0.55 -0.52 1.00 0.09 0.39 0.93
6.00 7.44 -5.31 -172.15 -436.85 0.80 0.01 0.64 0.26 0.82 0.35 0.88
27.00 113.72 -298.96 -481.50 -524.33 -0.61 0.70 -0.38 0.95 0.46 0.08 0.35
7.00 12.10 -304.77 -571.46 148.73 -0.40 0.49 0.09 0.03 0.41 0.72 0.85
8.00 15.09 202.35 56.14 686.26 -0.43 0.41 0.75 0.17 0.62 0.97 0.53
9.00 18.46 -197.47 -251.69 -432.40 -0.33 0.17 -0.37 0.49 0.07 0.07 0.23
7.00 5.39 -364.33 -42.87 180.30 -0.10 1.00 -0.43 0.61 0.48 0.08 0.89
34.00 163.99 46.10 209.01 720.00 -0.78 0.20 -0.21 0.56 0.86 0.01 0.00
15.00 18.36 323.63 -334.03 -284.87 0.54 -0.06 -0.46 0.65 0.42 0.19 1.00
23.00 102.94 290.38 190.71 -273.41 0.76 -0.96 0.30 0.37 0.38 0.11 0.30
13.00 11.86 -127.17 468.90 -250.44 0.75 -0.88 0.05 0.65 0.30 0.21 0.71
9.00 5.07 628.73 181.53 -252.55 0.41 -0.63 -0.91 0.08 0.20 0.72 0.37
10.00 11.17 431.69 -207.01 465.32 0.39 0.11 0.32 0.45 0.12 0.11 0.56
5.00 3.36 685.04 177.35 -127.73 0.99 0.12 -0.82 0.93 0.61 0.21 0.90
6.00 3.54 205.68 -217.63 164.25 0.02 -0.62 -0.38 0.98 0.69 0.12 0.76
9.00 10.69 -223.85 73.20 682.40 0.25 0.33 -0.49 0.64 0.63 0.90 0.57
22.00 10.54 -276.99 304.65 -183.32 -0.05 -0.41 -0.80 0.38 0.80 0.17 0.78
5.00 4.49 207.10 -292.74 -427.10 -0.34 0.08 0.27 0.04 0.48 0.15 0.18
14.00 31.61 579.44 263.26 -139.30 0.58 0.04 0.82 0.71 0.49 0.29 0.12
12.00 19.61 -716.99 50.59 -125.67 -0.37 0.88 0.75 0.59 0.94 0.85 0.03
21.00 24.54 408.42 516.64 -62.33 -0.69 0.20 0.27 0.50 0.62 0.39 0.34
12.00 35.41 200.34 24.21 -111.30 -0.12 0.51 -0.22 0.64 0.40 0.49 0.04
5.00 6.15 -558.40 -5.72 -522.37 0.53 -0.86 -0.31 0.29 0.90 0.43 0.89
6.00 0.73 130.55 -552.53 -315.61 -0.74 -0.70 -0.55 0.43 0.35 0.17 0.89
16.00 30.58 -29.64 693.86 252.95 0.43 -0.10 -0.84 0.49 0.01 0.99 0.31
6.00 8.86 -497.02 -547.00 -245.17 -0.07 -0.45 0.91 0.12 0.66 0.74 0.33
5.00 3.53 -119.82 733.43 295.44 0.26 0.74 0.59 0.68 0.11 0.45 0.33
7.00 11.93 79.92 -697.70 -24.30 0.98 0.94 -0.07 0.50 0.89 0.95 0.52
14.00 29.19 118.36 271.15 -245.43 0.09 -0.36 0.17 0.95 0.68 0.89 0.41
18.00 55.62 -442.69 370.65 -551.67 -0.84 0.04 0.50 0.22 0.74 0.50 0.89
7.00 5.03 162.74 561.93 531.96 -0.51 0.65 -0.39 0.27 0.69 0.93 0.39
22.00 97.92 352.74 427.66 212.83 0.00 0.14 -0.24 0.71 0.02 0.03 0.50
6.00 5.76 -228.18 -177.34 425.85 0.68 0.13 -0.11 0.87 0.05 0.01 0.60
10.00 24.07 456.13 201.07 199.50 0.74 -0.80 0.15 0.08 0.59 0.29 0.27
12.00 31.76 -345.80 -570.72 -340.35 0.18 0.31 -0.44 0.60 0.86 0.93 0.75
25.00 1.80 321.87 210.96 -616.72 0.18 -0.61 0.85 0.02 0.30 0.65 0.61
15.00 30.37 595.62 332.49 -202.98 0.70 0.08 -0.19 0.28 0.96 0.73 0.11
14.00 7.62 385.06 -243.14 485.13 0.40 0.75 0.70 0.05 0.71 0.37 0.81
6.00 6.49 -655.27 321.02 95.16 0.68 -0.82 0.69 0.98 0.33 0.26 0.28
16.00 32.49 -318.80 2.82 353.77 0.09 0.26 0.13 0.89 0.37 0.45 0.30
5.00 1.13 -649.81 405.53 -110.98 -0.73 -0.41 0.49 0.43 0.12 0.93 0.19
33.00 38.53 387.65 -353.31 -524.63 -0.47 -0.13 0.30 0.45 0.54 0.09 0.88
26.00 145.67 -514.12 424.21 -103.15 0.82 0.86 -0.09 0.92 0.01 0.72 0.04
9.00 19.92 507.05 191.83 27.48 -0.31 0.84 0.48 0.04 0.01 0.19 0.19
16.00 11.69 -157.96 32.05 227.70 -0.31 0.19 0.21 0.10 0.37 0.15 0.47
6.00 2.37 -15.38 -725.03 -2.13 0.00 0.31 0.22 0.04 0.44 0.18 0.71
11.00 29.27 -110.98 491.28 -608.24 -0.88 0.21 -0.89 0.90 0.49 0.84 0.25
10.00 15.02 -572.75 -545.46 -93.12 0.59 0.04 -0.26 0.59 0.01 0.05 0.24
11.00 12.76 485.30 507.19 83.11 0.78 -0.42 0.42 0.48 0.39 0.64 0.13
9.00 18.30 -172.42 233.41 -63.41 0.48 -0.46 -0.28 0.98 0.37 0.43 0.21
8.00 10.59 416.36 -421.46 -348.65 -0.58 -0.34 0.79 0.14 0.23 0.66 0.66
6.00 7.87 117.70 48.50 -208.73 0.75 0.91 0.85 0.20 0.29 0.27 0.42
18.00 16.48 -259.95 422.36 428.97 -0.09 -0.56 -0.12 0.00 0.07 0.89 0.54
5.00 5.49 -59.36 202.49 601.31 0.20 -0.21 -0.48 0.94 0.54 0.88 0.26
14.00 52.50 323.74 -714.26 -121.65 -0.82 0.55 -0.87 0.41 0.35 0.52 0.44
7.00 5.94 72.85 -226.22 -392.79 0.25 -0.32 -0.56 0.35 0.34 0.81 0.16
13.00 1.12 -503.13 415.75 -382.45 0.24 0.07 0.36 0.18 0.19 0.79 0.07
29.00 195.34 -45.98 -176.34 -3.56 -0.46 0.62 0.06 0.72 0.79 0.34 0.11
15.00 37.56 27.96 392.84 -477.70 -0.69 0.44 0.92 0.99 0.59 0.63 0.09
14.00 20.52 294.54 -130.45 -532.65 0.26 0.46 0.79 0.18 0.74 0.56 0.67
8.00 2.10 764.05 -214.48 -86.35 -0.75 0.32 0.20 0.57 0.55 0.45 1.00
22.00 80.41 162.48 378.98 -172.60 -0.36 1.00 0.83 0.28 0.27 0.00 0.20
21.00 3.48 573.46 145.19 -26.01 0.41 -0.24 0.03 0.71 0.48 0.29 0.07
21.00 97.22 -560.80 -96.09 -286.11 0.73 0.58 -0.86 0.47 0.68 0.63 0.58
12.00 2.46 541.32 16.12 -217.87 -0.32 0.76 0.98 0.97 0.49 0.43 0.33
7.00 0.10 210.61 413.24 -109.38 0.07 -0.81 -0.01 0.31 0.94 0.39 0.88
25.00 121.14 -393.49 -618.56 34.33 0.40 0.07 -0.21 0.26 0.36 0.22 0.06
7.00 0.36 294.32 689.13 -186.41 0.68 -0.68 -0.97 0.85 0.14 0.48 0.21
8.00 1.26 -162.21 -622.11 292.58 -0.73 0.41 -0.54 0.71 0.18 0.80 0.14
20.00 101.03 242.49 465.09 -547.85 -0.52 0.07 -0.17 0.17 0.94 0.19 0.96
6.00 3.90 -410.46 -79.92 202.93 -0.94 0.48 -0.70 0.06 0.72 0.09 0.79
8.00 0.25 118.53 233.48 95.17 0.18 0.34 0.83 0.72 0.44 0.30 0.30
6.00 3.71 -341.31 -370.67 -245.84 0.82 0.26 -0.83 0.08 0.33 0.80 0.50
12.00 28.29 -478.69 157.21 -437.42 -0.16 -0.84 0.24 0.27 0.78 0.23 0.52
7.00 7.38 -703.46 -108.66 -328.92 -0.72 -0.42 -0.33 0.80 0.41 0.62 0.98
10.00 14.31 -66.31 -23.14 -165.04 -0.90 -0.25 -0.93 0.95 0.83 0.11 0.71
5.00 5.58 -153.79 -95.37 316.17 0.27 -0.03 -0.38 0.55 0.55 0.90 0.76
10.00 10.27 -28.71 -565.08 3.93 0.66 -0.17 0.80 0.27 0.56 0.13 0.61
15.00 44.14 470.98 337.88 132.54 -0.72 0.39 -0.59 0.62 0.55 0.43 0.88
6.00 4.00 57.76 -438.83 404.33 -0.68 -0.97 -0.37 0.74 0.59 0.69 0.53
6.00 4.33 -168.94 -502.60 -460.86 -0.17 -0.32 -0.01 0.11 0.72 0.92 0.04
10.00 25.16 97.51 -459.34 -218.97 -0.48 -0.26 0.51 0.21 0.51 0.60 0.88
7.00 5.81 -51.94 98.50 494.68 -0.84 -0.02 -0.40 0.70 0.24 0.74 0.82
12.00 35.62 -281.44 295.24 -646.46 -0.41 -0.97 0.96 0.96 0.08 0.18 0.69
11.00 5.53 -54.59 -636.96 477.04 0.20 -0.30 0.63 0.08 0.21 0.35 0.41
18.00 47.52 427.98 -188.63 -39.15 -0.37 -0.13 0.82 0.55 0.05 0.06 0.70
5.00 3.59 307.63 301.28 37.24 -0.22 -0.14 0.35 0.15 0.74 0.15 0.62
14.00 40.39 573.87 -163.13 -287.08 -0.88 -0.41 -0.42 0.09 0.89 0.16 0.83
7.00 9.42 482.70 -556.39 -2.92 0.98 -0.13 -0.04 0.35 0.66 0.24 0.51
11.00 18.55 80.43 39.04 -133.83 0.61 0.56 0.36 0.76 0.33 0.20 0.06
18.00 85.30 292.93 -38.04 -292.04 -0.07 -0.17 0.65 0.39 0.36 0.59 0.05
25.00 80.17 -391.30 -311.04 126.24 0.40 0.24 0.13 0.75 0.12 0.57 0.47
16.00 40.60 229.12 -597.52 -120.44 -0.23 -0.71 -0.47 0.46 0.83 0.31 0.14
19.00 79.86 -125.49 325.11 713.49 0.79 0.79 -0.65 0.88 0.29 0.71 0.29
17.00 75.90 223.24 -747.37 69.40 -0.73 0.96 -0.87 0.74 0.87 0.88 0.76
10.00 10.60 -255.90 383.21 497.48 0.18 0.18 -0.15 0.24 0.62 0.92 0.89
10.00 23.56 -648.55 -32.46 403.46 0.89 0.07 -0.66 0.99 0.21 0.15 0.29
15.00 41.34 129.40 -97.46 -616.50 -0.42 0.62 -0.62 0.13 0.42 0.86 0.20
5.00 1.24 118.68 -58.97 -339.31 -0.34 0.79 -0.43 0.89 0.48 0.94 0.21
8.00 0.86 -119.08 312.15 -363.34 0.69 -0.73 -0.78 0.79 0.13 0.47 0.73
23.00 95.49 307.64 -407.26 -148.25 -0.06 0.41 -0.19 0.31 0.41 0.81 0.84
5.00 2.73 -341.12 -206.87 -661.79 0.74 0.44 0.57 0.61 0.37 0.82 0.74
8.00 17.29 187.86 374.69 332.01 -0.12 -0.13 -0.98 0.18 0.75 0.57 0.84
11.00 7.44 -472.66 -453.84 424.47 -0.05 -0.98 -0.43 0.72 0.73 0.12 0.08
8.00 10.03 -99.69 -779.84 89.12 0.15 0.27 0.99 0.85 0.96 0.95 0.75
12.00 31.36 -135.46 -133.50 -723.85 -0.14 0.32 -0.57 0.98 0.39 0.90 0.63
7.00 11.80 60.64 -430.11 48.54 -0.05 -0.91 -0.97 0.76 0.66 0.77 0.03
16.00 32.77 -60.52 461.27 360.99 -0.78 0.09 0.41 0.56 0.72 0.82 0.03
15.00 53.44 348.96 149.19 -491.68 -0.40 0.23 0.26 0.25 0.58 0.91 0.33
10.00 13.81 -129.95 395.80 -239.27 -0.45 -0.05 0.06 0.53 0.97 0.05 0.78
20.00 105.17 -733.77 149.69 276.65 -0.68 -0.28 0.48 0.20 0.35 0.78 0.78
12.00 34.94 -620.99 -150.24 456.14 -0.99 0.60 -0.50 0.18 0.09 0.06 0.84
23.00 74.50 459.96 215.98 -55.45 -0.32 0.75 0.47 0.85 0.80 0.98 0.43
13.00 17.17 -704.28 -145.93 343.01 0.38 -0.32 -0.94 0.39 0.48 0.61 0.55
13.00 39.62 17.01 -709.15 -155.58 0.59 -0.04 0.69 0.38 0.89 0.68 0.62
13.00 23.27 -283.82 -167.08 586.07 -1.00 0.64 -0.59 0.53 0.79 0.79 0.13
12.00 15.41 97.79 217.46 648.04 0.31 -0.66 0.62 0.07 0.25 0.53 0.02
10.00 20.33 -160.00 -674.37 299.13 -0.37 0.08 0.23 0.07 0.22 0.75 0.45
6.00 9.25 24.49 277.93 94.06 -0.08 0.31 0.45 0.40 0.79 0.23 0.03
12.00 16.45 360.42 -319.88 -565.22 -0.64 -0.68 0.34 0.73 0.77 0.76 0.60
20.00 38.15 -359.92 -501.21 -236.50 0.68 0.67 0.73 0.55 0.13 0.79 0.32
5.00 6.51 -81.79 -241.11 -212.02 0.82 -0.17 0.14 0.82 0.60 0.68 0.67
6.00 3.43 -603.03 -112.14 -249.83 -0.21 0.58 0.17 0.42 0.91 0.99 0.78
10.00 24.12 504.31 548.47 -139.13 0.84 -0.38 -0.09 0.77 0.20 0.40 0.94
7.00 11.92 150.74 -373.64 649.63 -0.96 0.23 -0.14 0.56 0.85 0.31 0.20
36.00 125.50 -35.73 128.67 -174.36 -0.97 0.87 -0.21 0.42 0.85 1.00 0.11
24.00 27.24 73.09 -626.69 276.09 -0.35 -0.35 -0.70 0.69 0.55 0.45 0.10
17.00 6.25 529.91 16.64 -92.02 0.47 0.65 0.78 0.69 0.07 0.81 0.26
8.00 7.33 -532.76 491.65 -216.71 -0.45 -0.58 -0.86 0.98 0.74 0.84 0.34
23.00 106.73 -508.02 145.53 -491.97 0.17 -0.87 0.37 0.97 0.45 0.67 0.01
10.00 5.48 -534.67 -386.73 -202.23 -0.31 -0.64 -0.54 0.68 0.20 0.60 0.75
11.00 17.41 -116.11 147.71 434.33 -0.21 -0.97 0.36 0.95 0.38 0.26 0.53
5.00 4.83 -446.07 -13.59 1.86 -0.71 0.73 0.82 0.68 0.19 0.89 0.70
6.00 2.01 144.04 -779.86 34.94 -0.66 0.05 -0.00 0.06 0.45 0.42 0.03
7.00 5.48 261.96 353.29 29.73 0.86 -0.58 -0.19 0.82 0.82 0.40 0.85
5.00 3.07 -22.07 418.82 -197.37 -0.40 -0.77 -0.21 0.72 0.21 0.76 0.70
9.00 18.35 105.79 -194.99 544.67 -0.13 0.65 0.05 0.83 0.78 0.02 0.39
6.00 9.20 -681.27 16.31 216.62 -0.04 0.81 -0.82 0.24 0.84 0.60 0.95
24.00 117.49 -528.67 -243.17 -55.01 0.86 0.17 -0.63 0.53 0.07 0.36 0.42
11.00 22.50 -352.43 105.06 -417.38 -0.15 0.22 0.85 0.97 0.24 0.26 0.98
7.00 9.13 -118.52 -594.76 -332.86 -0.62 -0.49 -0.04 0.23 0.24 0.50 0.09
22.00 50.75 -416.30 -106.35 -375.72 0.75 0.30 -0.70 0.48 0.38 0.82 0.58
8.00 6.67 21.23 -219.76 418.98 -0.61 -0.40 -0.75 0.94 0.08 0.69 0.67
9.00 18.28 618.91 451.63 -154.84 -0.03 0.09 0.40 0.37 0.84 0.55 0.53
18.00 48.81 -156.64 -752.52 199.86 0.42 0.91 0.96 0.33 0.50 0.47 0.84
30.00 97.70 -153.82 579.20 -379.46 0.23 0.57 -0.47 0.59 0.54 0.40 0.07
25.00 105.70 105.06 260.54 -677.15 -0.72 -0.84 0.15 0.86 0.66 0.88 0.43
5.00 1.51 -119.06 -197.42 395.28 0.58 -0.37 0.31 0.67 0.75 0.26 0.41
7.00 12.57 -148.21 -607.90 357.14 -0.32 0.88 -0.33 0.89 0.91 0.74 0.73
15.00 45.79 -591.65 42.54 218.85 -0.55 0.67 0.40 0.97 0.05 0.38 0.70
8.00 9.49 -610.96 156.94 -344.18 -0.17 -0.50 0.02 0.01 0.70 0.59 0.91
7.00 3.92 -232.96 -431.76 -370.14 0.16 -0.57 -0.97 0.02 0.72 0.06 0.55
6.00 4.42 -451.95 152.96 184.20 -0.36 0.72 0.87 0.44 0.38 0.24 0.57
23.00 72.58 434.67 428.55 444.01 0.69 -0.26 0.94 0.42 0.19 0.77 0.07
21.00 117.75 141.20 -783.71 -33.14 0.98 0.98 -0.26 0.93 0.85 0.73 0.93
14.00 40.04 525.52 -294.35 272.94 0.13 0.67 0.27 0.06 0.79 0.52 0.62
18.00 87.51 -235.82 193.19 -520.88 -0.60 0.12 -0.76 0.54 0.38 0.69 0.47
12.00 23.78 -223.00 373.85 -217.79 0.32 -0.22 0.86 0.54 0.93 0.54 0.51
5.00 0.07 618.41 -357.84 274.80 0.17 -0.89 0.30 0.27 0.07 0.99 0.30
20.00 61.67 81.37 -775.31 24.85 0.84 -0.15 0.54 0.40 0.14 0.36 0.65
15.00 15.99 258.51 183.44 -466.18 0.91 -0.06 -0.70 0.38 0.48 0.20 0.52
16.00 4.72 355.76 294.98 -227.19 -0.87 -0.60 0.54 0.35 0.34 0.77 0.93
7.00 12.68 -155.63 -213.83 485.31 0.88 -0.80 0.83 0.58 0.30 0.09 0.83
7.00 4.18 -635.25 -333.02 -239.92 0.66 -0.29 0.71 0.13 0.33 0.23 0.30
17.00 35.13 -482.25 -160.06 213.38 -0.78 -0.46 0.62 0.81 0.77 0.34 0.88
8.00 2.88 -618.96 186.99 -196.16 -0.98 0.62 0.10 0.79 0.19 0.17 0.18
7.00 13.41 220.71 -244.45 524.17 0.98 0.27 0.91 0.96 0.84 0.58 0.80
7.00 1.95 60.37 -464.86 -297.24 0.80 0.20 -0.98 0.62 0.93 0.03 0.66
19.00 81.50 481.73 -273.92 -370.44 -0.28 -0.11 0.68 0.30 0.11 0.18 0.51
9.00 12.84 399.45 293.44 229.14 0.96 -0.98 0.84 0.05 0.40 0.64 0.35
10.00 7.01 -496.72 -12.53 -127.90 0.62 -0.96 0.42 0.05 0.56 0.11 0.92
9.00 15.93 206.12 703.88 -148.63 -0.35 0.42 -0.01 0.36 0.26 0.40 0.67
5.00 1.02 -648.76 8.89 -94.85 0.32 0.04 0.93 0.13 0.08 0.24 0.84
12.00 33.73 -51.15 124.50 -559.96 0.74 0.82 -0.94 0.03 0.59 0.20 0.64
37.00 234.10 248.41 321.92 -9.07 -0.64 -0.19 0.64 0.44 0.94 0.62 0.67
20.00 44.29 202.64 -328.00 -442.49 -0.92 -0.51 -0.89 0.60 0.22 0.45 0.41
9.00 9.25 539.29 -55.43 233.54 -0.74 0.79 -0.57 0.78 0.40 0.52 0.31
16.00 8.08 -138.29 515.31 -456.78 -0.18 -0.92 -0.59 0.17 0.73 0.04 0.43
15.00 27.22 -667.05 -237.99 106.15 0.53 -0.24 -0.37 0.50 0.24 0.49 0.95
8.00 3.24 110.94 218.24 443.46 0.06 0.76 0.54 0.01 0.94 0.22 0.68
9.00 5.40 -431.93 -156.33 -305.77 0.86 0.49 0.53 0.08 0.64 0.73 0.36
8.00 16.27 -62.63 -263.39 410.06 -0.25 0.48 0.38 0.59 0.07 0.43 0.69
5.00 0.66 446.39 494.50 61.06 0.90 0.32 0.01 0.74 0.13 0.45 0.61
13.00 38.54 -271.06 -463.72 -339.86 0.17 0.63 -0.54 0.69 0.33 0.98 0.34
21.00 108.72 517.43 -281.04 -529.65 -0.51 -0.84 0.78 0.49 0.69 0.80 0.59
6.00 4.69 228.81 -660.76 347.79 -0.97 0.99 -0.81 0.19 0.20 0.55 0.90
22.00 125.17 -241.64 566.42 -365.38 0.06 -0.84 -0.32 0.96 0.99 0.80 0.61
13.00 21.28 -640.95 83.65 -406.90 -0.61 -0.74 0.65 0.11 0.97 0.23 0.72
19.00 12.02 -395.99 -212.81 7.27 -0.51 0.85 -0.79 0.24 0.18 0.87 0.19
15.00 58.91 -375.06 623.35 89.12 -0.72 0.47 -0.54 0.93 0.84 0.77 0.16
8.00 10.39 -677.45 308.49 -75.93 -0.84 0.55 0.88 0.03 0.62 0.32 0.33
13.00 16.68 19.35 285.20 -358.95 0.41 0.73 0.81 0.87 0.14 0.29 0.40
5.00 1.77 127.77 -540.25 490.19 -0.64 -0.58 0.51 0.66 0.39 0.71 0.05
11.00 0.65 178.67 182.47 298.33 0.46 0.47 0.42 0.91 0.83 0.46 0.27
11.00 1.96 361.97 -244.02 -248.41 0.98 -0.59 -0.23 0.04 0.42 0.95 0.27
12.00 8.52 -7.30 631.45 -105.22 -0.47 0.85 0.50 0.20 0.61 0.19 0.08
10.00 9.41 352.34 -469.99 504.59 -0.47 0.30 -0.28 0.88 0.59 0.97 0.27
6.00 4.97 -661.01 -172.88 189.34 0.87 0.03 -0.17 0.81 0.17 0.42 0.78
7.00 1.27 -240.95 508.59 -247.55 -0.30 0.69 0.72 0.86 0.05 0.22 0.18
5.00 6.51 150.65 -389.62 583.40 -0.23 -0.46 -0.81 0.31 0.01 0.48 0.67
7.00 11.47 -163.52 60.76 523.38 0.43 0.79 -0.76 0.56 0.93 0.99 0.59
6.00 1.49 -674.86 -171.07 194.08 0.81 -0.66 -0.05 0.18 0.76 0.76 0.62
7.00 4.87 482.32 -95.71 -82.48 0.48 0.06 -0.27 0.13 0.27 0.61 0.49
34.00 11.31 -421.54 -280.23 -120.61 -0.25 0.67 0.87 0.26 0.06 0.97 0.04
33.00 226.16 -0.42 -427.03 -245.62 0.43 0.26 0.71 0.25 0.89 0.23 0.79
10.00 16.30 363.46 -72.41 -59.93 -0.26 0.40 0.10 0.58 1.00 0.77 0.97
7.00 12.90 137.93 -651.21 -406.42 0.41 -0.34 0.77 0.81 0.05 0.11 0.22
6.00 6.96 164.04 207.18 648.91 -0.33 0.46 0.55 0.97 0.72 0.70 0.40
37.00 138.26 147.06 -586.63 472.52 0.09 -0.09 -0.36 0.96 0.87 0.15 0.12
5.00 2.70 151.03 -334.34 379.20 -0.76 0.87 0.66 0.67 0.50 0.77 0.25
11.00 28.25 142.52 557.29 -22.53 -0.30 -0.79 -0.77 0.04 0.97 0.23 0.46
6.00 6.64 48.56 -42.84 -482.80 -0.42 -0.45 0.68 0.23 0.27 0.98 0.79
26.00 167.37 -381.84 3.52 -529.09 0.10 -0.80 -0.84 0.92 0.76 0.48 0.71
14.00 22.12 451.05 345.57 79.09 0.90 0.39 0.24 0.21 0.60 0.78 0.82
15.00 48.16 269.50 -408.53 544.96 0.30 -0.09 -0.93 0.35 0.59 0.40 0.91
17.00 77.71 261.04 -695.64 -15.80 -0.44 -0.59 -0.03 0.06 0.14 0.33 0.90
5.00 3.41 352.17 -90.03 -248.89 -0.82 0.56 -0.09 0.44 0.46 0.88 0.15
10.00 19.98 -202.92 25.26 -552.56 -0.57 0.17 -0.22 0.61 0.85 0.99 0.80
5.00 3.76 -6.68 -585.61 465.45 -0.54 -0.96 -0.61 0.31 0.55 0.68 0.74
5.00 4.08 -187.48 -219.29 -226.11 -0.20 0.13 -0.27 0.82 0.23 0.16 0.64
7.00 10.39 -375.72 -266.59 -571.83 0.73 0.41 0.55 0.59 0.84 0.47 0.80
20.00 11.50 530.56 -327.30 44.77 0.01 -0.20 -0.01 0.91 0.35 0.81 0.60
6.00 3.26 -295.46 162.52 248.68 0.44 0.55 0.81 0.88 0.43 0.50 0.48
9.00 10.87 -240.01 315.78 126.82 -0.82 -0.65 0.02 0.59 0.91 0.32 0.03
12.00 10.35 539.85 -143.27 68.21 -0.97 -0.23 0.73 0.93 0.80 0.83 0.37
5.00 1.26 229.10 516.17 445.54 0.34 -0.35 0.99 0.39 0.45 0.57 0.97
29.00 181.41 -325.74 -615.06 -31.01 -0.00 0.84 -0.15 0.59 0.25 0.41 0.23
13.00 43.61 599.12 367.16 -299.53 -0.34 -0.52 0.82 0.41 0.47 0.57 0.45
10.00 22.56 -375.56 -26.98 -295.94 -0.18 0.99 -0.82 0.25 0.77 0.53 0.60
5.00 0.06 -397.56 -152.61 397.08 0.43 0.14 -0.49 0.20 0.28 0.26 0.88
6.00 1.23 620.51 -223.59 -153.52 0.12 -0.36 -0.89 0.81 0.34 0.44 0.26
9.00 7.42 337.34 -4.70 317.26 0.88 0.60 -0.43 0.12 0.78 0.64 0.15
22.00 15.96 345.23 -88.99 702.91 -0.34 -0.37 0.38 0.95 0.27 0.18 0.29
6.00 4.36 -272.53 175.49 176.62 0.48 -0.54 0.92 0.97 0.12 0.69 0.57
17.00 35.71 82.36 256.74 321.28 -0.02 0.55 -0.24 0.86 0.22 0.89 0.46
9.00 21.44 -117.48 494.23 -421.50 0.35 -0.69 -0.80 0.62 0.26 0.53 0.72
17.00 69.22 -131.08 -63.24 -503.06 0.52 -0.21 0.48 0.68 0.74 0.22 0.36
26.00 129.10 -309.51 283.50 466.15 0.07 -0.44 0.22 0.21 0.64 0.36 0.57
12.00 14.19 -242.80 486.98 507.82 -0.33 0.64 0.54 0.37 0.47 0.25 0.03
7.00 4.47 -517.01 -0.57 -113.32 -0.64 0.36 -0.10 0.89 0.45 0.88 0.81
18.00 32.21 162.07 -479.71 94.62 -0.54 0.35 0.05 0.87 0.54 0.15 0.99
8.00 16.77 208.94 -508.70 -165.10 -0.58 -0.28 -0.28 0.30 0.41 0.47 0.69
35.00 104.66 196.59 -140.08 393.38 0.62 0.65 0.31 0.24 0.79 0.67 0.32
22.00 105.61 761.07 182.37 -86.26 0.16 -0.49 -0.71 0.33 0.59 0.45 0.91
6.00 7.53 -637.52 77.92 -295.36 0.59 -0.60 0.41 0.41 0.02 0.88 0.84
5.00 0.15 98.11 -203.77 448.11 0.28 0.98 -0.43 0.59 0.11 0.61 0.04
17.00 31.39 -264.24 107.20 607.04 0.79 -0.50 0.14 0.32 0.62 0.95 0.13
6.00 0.84 -396.96 407.37 326.38 0.68 0.71 0.31 0.53 0.81 0.33 0.15
13.00 37.71 568.73 278.17 452.25 0.12 -0.66 -0.31 0.14 0.41 0.41 0.40
8.00 2.74 320.00 141.57 -28.25 -0.11 -0.76 0.90 0.65 0.50 0.56 0.77
36.00 170.96 509.29 -585.17 154.47 0.47 -0.48 -0.04 0.70 1.00 0.30 0.49
11.00 3.44 158.99 -579.27 -290.84 0.64 -0.48 -0.33 0.52 0.09 0.38 0.91
17.00 70.56 -177.31 70.79 774.47 0.36 -0.15 0.88 0.88 0.34 0.66 0.20
12.00 32.73 -39.79 -277.78 -101.87 0.22 -0.15 -0.81 0.38 0.29 0.74 0.91
14.00 43.42 151.64 -324.85 697.24 0.41 0.26 0.33 0.68 0.62 0.41 0.25
36.00 259.85 77.14 284.48 -467.65 -0.73 0.95 -0.18 0.20 0.34 0.14 0.64
8.00 0.40 -408.85 360.88 -222.29 -0.48 -0.79 0.03 0.50 0.62 0.30 0.39