14.54 100
10.00 0.25 15.17 -186.04 -51.11 -2.07 -0.30 -1.33 0.96 0.44 0.51 0.44
37.00 0.26 -120.13 82.66 -41.15 -1.45 -1.07 2.45 0.58 0.94 0.13 0.41
9.00 0.08 155.09 31.66 -24.22 0.20 0.83 -2.45 0.84 0.62 0.80 0.74
9.00 0.68 42.25 18.14 -175.82 1.05 -2.23 0.78 0.17 0.26 0.38 0.78
26.00 0.09 59.17 84.81 35.64 0.98 -0.33 0.40 0.09 0.16 0.20 0.76
38.00 0.56 -7.21 -71.73 22.92 -1.90 0.30 0.72 0.06 0.62 0.47 0.18
37.00 0.92 131.42 -3.75 -115.09 -1.17 -0.07 -0.78 0.32 0.23 0.56 0.84
30.00 0.97 109.52 -111.30 -45.63 1.02 -0.18 0.12 0.68 0.22 0.77 0.79
6.00 0.32 -61.39 -104.01 89.41 -0.53 -1.40 1.52 0.45 0.70 0.41 0.70
22.00 0.79 -38.58 -128.13 35.40 0.88 0.58 -1.90 0.36 0.30 0.49 0.55
36.00 0.02 0.27 -69.44 111.42 1.38 1.55 -1.17 0.86 0.28 0.22 0.42
6.00 0.83 17.90 108.75 62.44 1.30 -2.17 2.20 0.88 0.92 0.33 0.84
18.00 0.39 -155.63 -39.14 -118.06 0.78 0.40 -1.00 0.92 0.89 0.44 0.97
36.00 0.24 137.11 -88.71 -113.26 -1.02 -0.15 1.57 0.39 0.24 0.79 0.37
18.00 0.24 -46.33 166.95 76.18 -2.25 -1.50 2.33 0.06 0.91 0.47 1.00
5.00 0.29 74.88 23.62 134.93 -2.03 -0.15 -2.15 0.99 0.73 0.21 0.62
35.00 0.44 -86.85 -64.28 -134.53 0.78 0.90 -0.05 0.42 0.46 0.18 0.88
17.00 0.75 -62.58 -131.68 70.50 -1.62 -1.27 1.35 0.34 0.13 0.08 0.05
37.00 0.83 36.52 -174.84 36.71 0.20 -0.10 -0.93 0.88 0.77 0.76 0.92
16.00 0.94 40.92 -120.67 12.46 2.30 -1.17 0.33 0.72 0.46 0.10 0.46
37.00 0.69 -66.93 92.95 -103.90 0.95 -0.88 -0.03 0.85 0.80 0.12 0.90
29.00 0.49 10.30 122.49 -58.22 1.40 -1.65 0.83 0.51 0.82 0.37 0.70
10.00 0.13 12.73 -190.16 -8.23 -0.88 1.80 1.35 0.45 0.31 0.50 0.97
31.00 0.61 -48.00 10.55 15.61 -1.77 1.65 2.40 0.86 0.16 0.67 0.28
32.00 0.55 125.40 75.26 -136.38 2.35 -1.72 -2.35 0.33 0.31 0.54 0.44
5.00 0.22 170.73 -7.92 6.24 -2.45 -1.98 1.88 0.15 0.86 0.69 0.00
23.00 0.31 -40.94 -126.27 -18.02 -0.80 1.30 -0.68 0.60 0.97 0.07 0.94
5.00 0.13 108.85 -24.99 -61.32 0.33 -1.82 1.82 0.21 0.00 0.03 0.41
17.00 0.06 91.23 27.24 53.54 -2.10 0.70 2.42 0.67 0.98 0.98 0.33
10.00 0.11 12.15 134.79 54.14 0.90 0.38 2.30 0.26 0.96 0.74 0.80
32.00 0.13 -91.79 -121.76 -82.84 -0.30 1.72 1.80 0.50 0.92 0.39 0.56
9.00 0.03 110.44 67.44 108.65 -2.50 -0.60 -0.65 0.32 0.82 0.78 0.70
18.00 0.62 84.27 -138.10 -5.65 -1.65 -1.38 0.78 0.05 0.05 0.08 0.65
6.00 0.33 97.53 39.96 86.00 0.60 0.28 2.07 0.89 0.31 0.71 0.70
7.00 0.78 -29.51 120.67 72.19 -1.75 -0.05 -0.35 0.95 0.13 0.30 0.57
13.00 0.10 15.05 44.76 -68.01 1.75 -2.25 -1.77 0.92 0.68 0.59 0.25
8.00 0.75 169.07 -32.42 35.30 2.07 0.05 0.95 0.47 0.77 0.60 0.99
7.00 0.42 -79.45 -11.01 -64.43 0.75 -0.80 1.25 0.99 0.84 0.66 0.01
14.00 0.95 61.21 36.95 -72.12 0.00 -1.47 -2.38 0.73 0.98 0.52 0.81
30.00 0.78 -85.04 123.94 60.75 -1.85 -1.20 -0.25 0.76 0.90 0.98 0.11
26.00 0.71 40.47 115.60 -151.88 2.33 -2.07 2.50 0.08 0.26 0.76 0.51
37.00 0.62 15.45 38.54 71.50 1.88 -1.00 0.53 0.58 0.70 0.36 0.14
39.00 0.74 35.33 -76.66 -64.40 -1.50 -1.30 -2.30 0.94 0.38 0.77 0.37
5.00 0.58 -124.13 -9.57 23.10 2.10 2.12 0.47 0.38 0.52 0.28 0.48
13.00 0.75 185.00 22.37 69.35 0.43 1.47 1.07 0.77 0.60 0.38 0.02
31.00 0.55 77.32 -51.51 35.75 0.65 1.47 -1.47 0.29 0.47 0.19 0.72
32.00 0.59 -132.57 -22.88 -59.12 -1.85 1.72 1.02 0.62 0.66 0.95 0.12
8.00 0.96 100.38 -38.66 -77.25 -0.72 2.45 0.88 0.45 0.28 0.69 0.58
25.00 0.61 -101.12 -157.91 67.30 2.15 1.90 -1.42 0.68 0.15 0.67 0.06
31.00 0.77 153.09 2.08 115.54 -0.75 -0.90 0.50 0.05 0.97 0.94 0.47
23.00 0.24 -129.34 22.06 80.25 -0.85 -2.38 -0.85 0.87 0.88 0.55 0.42
23.00 0.31 53.29 33.98 167.24 0.85 2.17 1.57 0.75 0.49 0.02 0.55
26.00 0.51 12.51 60.93 -116.52 1.98 -1.57 2.12 0.54 0.45 0.58 0.12
12.00 0.11 -6.17 141.36 110.86 -0.28 1.52 -1.57 0.85 0.34 0.87 0.26
21.00 0.57 185.47 20.42 -65.87 -2.25 -0.98 2.25 0.22 0.12 0.49 0.72
22.00 0.36 83.99 -40.55 147.74 2.42 -1.57 2.30 0.05 0.99 0.17 0.32
24.00 0.59 -21.14 -32.47 -34.13 1.62 -0.50 1.68 0.29 0.83 0.40 0.38
21.00 0.47 -155.20 -8.98 19.61 0.12 -0.70 1.77 0.67 0.41 0.47 0.89
39.00 0.83 139.66 -120.98 45.10 0.15 1.30 -1.82 0.75 0.50 0.57 0.05
30.00 0.64 -38.41 84.98 1.51 -1.65 2.03 -2.23 0.35 0.73 0.73 0.54
31.00 0.57 -90.72 -86.39 137.92 1.07 0.53 -1.55 0.22 0.39 0.99 0.63
17.00 0.10 -153.02 -83.46 -80.64 1.25 -1.90 -2.12 0.08 0.10 0.14 0.41
12.00 0.37 176.01 -66.35 46.99 0.78 -1.15 -2.10 0.33 0.89 0.95 0.38
11.00 0.91 -42.25 38.31 -70.50 1.57 -0.00 -0.72 0.96 0.33 0.57 0.78
32.00 0.43 120.92 125.97 -40.20 0.98 -0.65 1.25 0.12 0.14 0.48 0.11
38.00 0.12 -8.23 -135.26 -142.15 1.27 -1.70 -0.65 0.37 0.67 0.23 0.12
26.00 0.84 -137.76 -100.33 26.38 1.27 -1.42 -1.15 0.27 0.29 0.97 0.57
28.00 0.59 -85.30 21.44 -171.53 -0.00 -0.38 -1.27 0.39 0.55 0.72 0.22
14.00 0.24 -124.40 120.82 93.02 -1.15 1.70 0.58 0.95 0.17 0.78 0.41
26.00 0.93 112.92 106.89 115.12 2.33 -1.05 -2.30 0.92 0.91 0.68 0.28
38.00 0.34 -195.35 40.87 6.32 -1.15 2.15 2.45 0.26 0.48 0.78 0.54
24.00 0.23 178.19 33.53 11.87 2.03 1.93 -2.42 0.16 0.74 0.50 0.88
24.00 0.26 -78.76 -41.80 178.45 0.38 1.45 -0.90 0.96 0.85 0.69 0.51
9.00 0.55 -113.69 -27.92 58.18 -1.95 -2.45 1.93 0.01 0.53 0.23 0.76
13.00 0.01 117.57 48.21 17.35 1.33 -2.38 -0.90 0.51 0.58 0.96 0.46
9.00 0.36 43.35 146.80 -56.03 2.40 -1.65 -0.47 0.11 0.38 0.34 0.66
23.00 0.13 -134.16 -16.86 122.42 -1.75 -0.75 -1.07 0.62 0.88 0.15 0.08
21.00 0.57 -9.95 109.13 140.16 -0.07 -1.90 0.22 0.09 0.14 0.38 0.23
26.00 0.78 -48.21 -173.49 10.34 -1.00 1.17 -0.55 0.14 0.87 0.10 0.84
6.00 0.77 -123.37 106.17 0.41 1.30 0.68 2.03 0.07 0.49 0.26 0.56
6.00 0.94 61.58 148.38 111.09 1.68 -0.12 -0.85 0.14 0.01 0.55 0.25
5.00 0.38 -54.11 -4.78 114.74 -1.38 -1.05 2.07 0.75 0.15 0.38 0.95
28.00 0.14 49.47 -27.23 -120.58 -1.27 -1.57 2.42 0.63 0.66 0.31 0.24
10.00 0.74 55.42 149.64 -0.87 -0.45 2.25 -0.18 0.09 0.37 0.58 0.17
10.00 0.88 56.94 123.66 25.72 1.25 2.27 1.95 0.92 0.80 0.15 0.44
18.00 0.04 159.48 -58.85 -16.86 -1.33 -0.15 0.40 0.85 0.31 0.54 0.39
5.00 0.11 64.47 -130.70 109.97 -1.25 -1.62 -0.68 0.50 0.40 0.20 0.54
23.00 0.38 96.88 137.24 -99.42 -0.83 2.38 -2.10 0.40 0.30 0.21 0.60
13.00 0.25 100.41 -54.13 -150.73 2.17 -0.33 0.00 0.31 0.31 0.64 0.34
7.00 0.85 12.43 151.95 61.87 -1.38 -0.93 2.33 0.04 0.19 0.06 0.46
11.00 0.07 -7.09 8.05 -15.55 1.55 -1.10 -1.57 0.57 0.87 0.88 0.02
6.00 0.75 -70.70 53.45 -41.09 0.40 0.10 -1.90 0.21 0.72 0.74 0.75
13.00 0.79 68.59 -98.02 50.79 -0.75 2.25 0.62 0.25 0.13 0.75 0.19
11.00 0.80 66.93 3.76 -175.06 1.98 -0.78 -0.85 0.68 0.53 0.80 0.69
12.00 0.45 -146.38 -17.06 70.31 1.65 -0.12 -0.98 0.09 0.68 0.21 0.02
5.00 0.00 139.40 96.79 12.05 -1.02 -0.65 -0.25 0.73 0.78 0.43 0.21
14.00 0.98 -44.43 -24.32 150.92 -2.40 1.65 0.55 0.24 0.54 0.89 0.07
13.00 0.40 -27.95 8.53 179.11 0.15 1.72 1.88 0.94 0.12 0.49 0.91
14.00 0.94 -139.03 37.17 5.27 -0.58 1.60 1.40 0.29 0.79 0.09 0.63
15.00 0.15 76.80 79.56 -63.89 -1.90 1.75 -1.75 0.18 0.91 0.45 0.39
