6.10 935
7.00 1.30 -253.58 432.76 -147.34 0.46 -0.66 -0.29 0.45 0.14 0.23 0.12
14.00 54.26 255.77 194.60 158.72 -0.33 -0.87 0.04 0.97 0.13 0.18 0.31
11.00 32.21 716.70 -244.70 196.29 0.38 0.19 -0.43 0.65 0.21 0.18 0.16
11.00 1.89 -652.14 225.17 -214.26 -0.45 0.71 0.87 0.40 0.63 0.93 0.44
14.00 36.42 169.54 530.96 -11.10 0.25 0.21 0.65 0.79 0.05 0.13 0.55
5.00 1.81 -656.54 214.10 236.57 0.42 -0.64 0.08 0.63 0.33 0.04 0.43
10.00 28.26 456.09 337.85 -297.47 0.29 0.98 -0.83 0.45 0.99 0.50 0.21
5.00 5.51 143.61 457.87 121.91 -0.63 -0.13 0.47 0.84 0.92 0.59 0.72
21.00 22.97 225.12 -512.34 176.12 0.48 0.57 -0.29 0.64 0.93 0.82 0.98
23.00 147.08 419.85 26.45 552.04 0.73 -0.24 -0.39 0.52 0.97 0.19 0.13
9.00 1.00 -79.28 324.51 132.62 -0.89 1.00 -1.00 0.56 0.93 0.05 0.24
7.00 2.70 414.56 413.86 348.27 0.09 0.88 -0.79 0.15 0.54 0.36 0.06
11.00 9.03 -531.82 -22.16 524.02 -0.80 0.68 -0.91 0.64 0.58 0.64 0.26
10.00 25.67 201.08 609.67 -329.81 -0.06 0.27 0.35 0.11 0.03 0.75 0.60
11.00 15.77 -51.02 314.11 627.72 0.59 -0.28 -0.20 0.17 0.10 0.60 0.12
6.00 5.72 85.66 -196.87 79.95 -0.56 -0.56 -0.38 0.38 0.51 0.22 0.54
6.00 6.52 295.79 -140.26 404.99 -0.46 -0.75 -0.50 0.50 0.77 0.29 0.04
5.00 1.99 358.50 356.78 42.59 -0.09 0.71 0.82 0.11 0.05 0.50 0.27
9.00 4.07 172.22 -6.62 46.44 0.70 0.37 0.79 0.49 0.96 0.15 0.62
19.00 62.01 701.70 114.82 261.76 0.37 0.20 0.62 0.45 0.21 0.04 0.07
24.00 164.58 394.72 322.19 515.00 0.35 -0.14 0.26 0.06 0.87 0.37 0.90
13.00 11.63 535.24 -65.36 151.87 -0.30 -0.25 -0.79 0.24 0.08 0.10 0.19
18.00 36.40 -239.12 54.31 703.27 -0.41 -0.29 0.48 0.48 0.73 0.40 0.54
10.00 31.46 -773.91 64.58 73.44 -0.19 -0.72 -0.67 0.62 0.61 0.09 0.51
5.00 5.63 -172.09 23.75 670.79 -0.50 -0.67 0.92 0.57 0.29 0.74 0.67
13.00 51.93 -444.07 -256.48 607.33 -0.47 0.12 -0.13 0.47 0.22 0.13 0.78
9.00 2.36 351.24 -282.23 605.09 0.13 0.06 -0.01 0.44 0.96 0.03 0.08
18.00 97.10 172.31 -333.53 45.00 -0.41 0.60 -0.16 0.28 0.37 0.03 0.34
8.00 2.01 -334.15 57.00 -416.13 0.46 -0.63 -0.39 0.34 0.31 0.34 0.00
9.00 12.20 121.62 522.20 -211.25 -0.17 0.11 -0.63 0.62 0.67 0.72 0.40
7.00 14.04 -211.69 -382.42 86.96 -0.78 -0.36 0.61 0.61 0.83 0.66 0.51
24.00 181.01 -110.32 -321.60 346.35 -0.16 0.36 0.09 0.68 0.55 0.00 0.63
7.00 14.14 443.32 15.71 -168.56 0.96 -0.24 0.62 0.53 0.29 0.02 0.37
12.00 6.39 166.32 -94.22 162.61 0.84 -0.28 -0.26 0.42 0.32 0.80 0.10
11.00 32.11 309.24 292.20 -607.16 -0.89 -0.89 -0.99 0.26 0.05 0.53 0.98
9.00 0.87 -6.53 -244.21 229.87 -0.16 0.41 -0.66 0.53 0.76 0.67 0.46
11.00 31.77 -85.22 -91.03 -496.67 0.42 -0.36 -0.87 0.88 0.45 0.76 0.33
12.00 3.45 72.78 -150.36 -349.01 0.49 0.09 0.36 0.88 0.62 0.35 0.82
11.00 30.17 -351.55 -537.67 -19.27 0.92 -0.55 -0.60 0.83 0.59 0.93 0.73
13.00 26.56 435.62 79.88 -418.45 0.12 -0.37 -0.30 0.77 0.23 0.54 0.81
13.00 14.46 -46.28 185.88 -738.09 -0.55 0.29 -0.38 0.46 0.63 0.76 0.83
22.00 152.89 232.55 -406.82 -146.37 -0.63 -0.77 -0.82 0.84 0.80 0.91 0.26
12.00 24.57 615.76 -211.34 202.39 -0.45 0.86 -0.36 0.06 0.33 0.01 0.97
18.00 77.15 71.72 -581.35 291.37 0.74 0.31 -0.67 0.33 0.06 0.87 0.72
5.00 0.52 492.09 396.70 184.91 0.66 0.11 0.28 0.17 0.25 0.04 0.39
18.00 2.80 -391.68 173.53 102.71 0.93 0.41 0.01 0.54 0.08 0.43 0.37
13.00 36.22 378.32 68.83 274.79 0.96 -0.32 0.73 0.58 0.11 0.34 0.13
18.00 5.52 -624.17 399.20 59.06 0.32 0.10 0.56 0.42 0.32 0.55 0.09
10.00 7.79 -396.43 411.54 -12.43 0.49 0.40 -0.92 0.67 0.45 0.83 0.04
8.00 9.28 146.54 550.29 -491.50 -0.43 -0.04 0.36 0.26 0.11 0.15 0.18
16.00 77.39 -443.08 -444.71 -361.90 0.25 0.66 0.45 0.42 0.05 0.24 0.24
17.00 84.24 -418.14 0.12 606.21 -0.77 -0.61 0.87 0.22 0.54 0.61 0.80
32.00 59.72 -583.13 -469.03 113.13 0.99 0.81 -0.74 0.35 0.15 0.92 0.98
24.00 180.83 -330.47 -309.06 344.78 0.21 0.12 -0.26 0.40 0.25 0.24 0.96
8.00 0.23 89.76 132.49 303.50 -0.77 0.44 0.31 0.67 0.02 0.51 0.52
19.00 21.92 -169.22 -661.17 -224.46 -0.16 0.39 -0.35 0.54 0.60 0.13 0.83
8.00 3.62 189.57 82.26 733.00 0.25 0.08 -0.40 0.18 0.89 0.19 0.74
6.00 5.75 42.26 -141.27 -419.36 0.99 0.43 -0.61 0.92 0.39 0.19 0.33
22.00 63.34 409.56 -36.50 652.63 -0.86 -0.78 0.04 0.70 0.96 0.53 0.22
17.00 4.23 17.30 370.79 -2.13 0.93 -0.92 -0.59 0.45 0.95 0.69 0.14
14.00 6.55 -722.75 30.37 283.82 -0.62 -0.13 0.44 0.53 0.72 0.47 0.54
6.00 2.12 513.93 -334.21 -193.18 -0.32 -0.44 -0.79 0.26 0.75 0.55 0.01
7.00 4.29 -73.60 -146.49 81.61 -0.31 -0.45 -0.42 0.58 0.26 0.91 0.54
18.00 55.09 -139.75 -221.73 447.16 0.27 0.45 0.25 0.25 0.35 0.97 0.80
5.00 1.83 135.73 615.32 -131.16 0.83 -0.89 0.09 1.00 0.31 0.83 0.14
17.00 21.06 49.69 269.63 -96.33 -0.24 -0.99 -0.11 0.47 0.51 0.44 0.86
28.00 174.86 484.21 -299.60 375.55 -0.02 0.24 -0.59 0.32 0.81 0.83 0.04
7.00 2.53 -578.74 272.06 -91.51 0.14 -0.66 0.39 0.15 0.53 0.66 0.84
16.00 33.48 -62.34 658.26 -113.28 -0.14 -0.18 -0.54 0.42 0.85 0.24 0.16
11.00 2.82 13.56 -474.78 -301.95 0.80 -0.24 -0.15 0.10 0.38 0.19 0.77
10.00 1.39 547.96 259.96 -283.02 0.81 -0.49 0.12 0.99 0.11 0.59 0.40
5.00 7.01 -604.90 30.67 -415.95 -0.79 -0.77 0.14 0.24 0.39 0.07 0.55
21.00 102.82 170.46 -499.23 -583.02 0.97 0.23 0.93 0.06 0.27 0.73 0.58
6.00 7.82 -649.14 94.78 429.57 0.63 -0.55 0.55 0.98 0.68 0.49 0.56
31.00 27.50 -582.76 350.37 60.75 -0.73 -0.86 0.64 0.04 0.35 0.11 0.64
12.00 8.08 -334.65 -295.58 -459.59 0.31 0.63 -0.17 0.23 0.73 0.87 0.63
5.00 3.81 -405.06 25.38 2.89 0.01 -0.51 0.84 0.96 0.21 0.65 0.98
9.00 25.43 407.62 -27.72 252.50 0.92 0.14 0.52 0.25 0.34 0.31 0.58
18.00 88.42 624.87 -71.04 -450.00 0.99 0.82 0.83 0.12 0.97 0.24 0.21
15.00 61.20 -141.02 -125.23 -38.38 -0.20 0.82 -0.29 0.08 0.47 0.54 0.84
32.00 4.55 -134.47 458.99 619.84 -0.81 -0.05 -0.30 0.88 0.71 0.11 0.27
9.00 14.24 465.40 290.16 -180.73 0.61 0.86 -0.76 0.88 0.38 0.86 0.30
10.00 32.06 -147.54 -418.52 616.77 -0.81 -0.12 0.47 0.80 0.40 0.30 0.92
5.00 7.07 496.00 7.77 -43.59 -0.34 -0.46 -0.28 0.80 0.73 0.37 0.13
5.00 1.80 546.65 -164.89 -321.98 0.86 0.31 0.79 0.82 0.67 0.69 0.43
23.00 156.04 -172.74 83.41 14.02 0.22 0.31 0.25 0.95 0.59 0.66 0.40
9.00 25.54 -434.23 -308.16 21.17 0.41 -0.95 -0.96 0.79 0.93 0.01 0.56
5.00 1.84 441.54 323.84 169.91 0.98 0.02 0.53 0.31 0.76 0.85 0.24
9.00 4.73 -296.62 32.68 -345.51 0.55 0.42 0.04 0.91 0.23 0.64 0.31
6.00 8.31 -384.30 511.08 -444.48 0.17 0.02 0.71 0.34 0.88 0.78 0.81
10.00 18.69 -76.93 -168.42 564.12 -0.33 0.29 -0.48 0.42 0.71 0.76 0.67
25.00 191.18 197.39 -86.22 194.19 0.59 0.20 0.76 0.72 0.93 0.66 1.00
11.00 3.98 672.41 211.07 -111.55 -0.80 -0.22 -0.54 0.02 0.83 0.80 0.95
6.00 4.46 -347.82 718.34 -29.17 -0.10 -0.17 -0.93 0.21 0.06 0.02 0.76
5.00 7.49 487.68 -175.88 -325.30 0.88 -0.94 -0.16 0.40 0.34 0.70 0.28
6.00 5.15 61.75 606.69 -515.70 0.90 0.55 -0.48 0.48 0.17 0.75 0.60
12.00 3.46 1.43 -212.43 133.30 -0.16 -0.23 -0.20 0.95 0.76 0.55 0.01
6.00 7.17 306.76 30.04 -563.07 0.59 -0.36 0.10 0.84 0.44 0.74 0.92
5.00 5.03 -337.52 305.62 177.25 -0.55 0.09 0.73 0.08 0.97 0.93 0.34
24.00 83.40 26.64 508.26 -588.14 -0.20 0.01 0.78 0.48 0.65 0.96 0.27
7.00 8.06 -149.23 414.36 41.58 0.83 0.25 0.05 0.87 0.73 0.45 0.35
17.00 18.26 -366.83 176.51 458.40 -0.18 0.08 -0.45 0.46 0.56 0.66 0.38
5.00 6.58 -309.14 27.04 648.83 0.11 0.70 0.92 0.97 0.98 0.60 0.27
14.00 53.33 -456.35 453.56 -462.57 0.43 0.95 0.86 0.06 0.51 0.34 0.76
8.00 20.71 286.27 252.58 -676.46 -0.97 -0.04 -0.45 0.08 0.09 0.72 0.05
5.00 4.51 -512.12 155.96 -235.72 0.89 -0.38 0.47 0.35 0.25 0.01 0.78
27.00 165.97 697.35 -113.27 292.25 -0.44 -0.08 -0.18 0.55 0.02 0.79 0.09
15.00 59.83 523.38 125.47 14.88 -0.87 -0.18 0.48 0.23 0.27 0.99 0.26
5.00 5.12 166.38 -248.74 556.29 -0.09 -0.24 0.01 0.04 0.46 0.17 0.05
5.00 3.14 -693.32 149.06 198.47 0.43 0.33 0.43 0.45 0.26 0.87 0.47
15.00 25.91 -459.13 -498.06 212.42 0.38 0.28 0.24 0.93 0.14 0.78 0.34
9.00 0.28 -779.36 92.78 43.90 0.93 0.83 -0.95 0.95 0.24 0.73 0.98
12.00 45.08 -152.50 580.42 -222.39 0.02 0.74 0.98 0.89 0.27 0.17 0.90
17.00 92.75 110.93 780.08 -36.83 -0.03 -0.60 -0.57 0.85 0.41 0.32 0.86
5.00 2.35 142.42 -486.23 557.90 -0.59 0.89 0.45 0.25 0.79 0.69 0.12
11.00 11.43 296.46 647.80 176.97 -0.67 -0.67 0.55 0.63 0.75 0.55 0.36
6.00 4.52 -247.62 -45.08 546.82 -0.17 0.85 0.19 0.71 0.19 0.56 1.00
11.00 30.16 651.80 -204.04 -401.03 0.00 0.44 -0.85 0.03 0.36 0.58 0.98
8.00 9.55 -171.94 491.84 -238.79 0.64 0.99 0.20 0.81 0.40 0.37 0.17
15.00 47.19 -662.20 -277.09 -158.19 -0.03 -0.66 -0.16 0.42 0.22 0.64 0.68
11.00 16.33 592.92 -514.28 -138.56 -0.86 0.30 -0.77 0.10 0.53 0.95 0.80
20.00 127.42 505.37 280.61 -164.27 -0.00 -0.00 0.60 0.13 0.26 0.50 0.12
6.00 2.08 233.49 -390.70 456.76 0.72 -0.43 0.05 0.88 0.20 0.57 0.22
13.00 25.97 248.46 440.56 75.59 -0.13 -0.85 0.85 0.29 0.08 0.48 0.22
22.00 140.93 -362.44 -448.26 473.19 -0.63 0.09 -0.07 0.95 0.01 0.80 0.59
6.00 5.78 61.80 254.75 -670.64 0.29 -0.24 0.22 0.05 0.04 0.82 0.68
5.00 0.81 -305.09 59.22 472.04 0.34 -0.41 0.37 0.40 0.05 0.81 0.34
26.00 169.46 705.05 -138.37 156.52 0.66 -0.92 0.86 0.05 0.32 0.06 0.82
26.00 184.23 -553.35 528.29 78.67 -0.78 -0.58 0.99 0.80 0.73 0.64 0.87
36.00 270.28 189.44 175.17 -590.02 0.24 0.14 0.09 0.81 0.98 0.43 0.11
7.00 5.83 -108.06 -439.14 -8.71 0.48 0.65 0.87 0.14 0.47 0.35 0.73
9.00 6.13 -114.94 605.68 -465.90 0.89 0.60 -0.60 0.68 0.69 0.87 0.54
9.00 2.01 -35.47 111.88 10.13 -0.12 -0.30 -0.06 0.31 0.60 0.74 0.61
24.00 168.47 -28.93 -669.44 162.74 0.99 -0.44 0.54 0.17 0.61 0.56 0.31
19.00 55.03 -623.13 286.30 281.96 -0.90 -0.42 1.00 0.67 0.14 0.22 0.27
13.00 28.00 313.00 48.46 -498.75 0.56 0.48 0.67 0.30 0.60 0.35 0.58
15.00 61.91 285.95 -298.99 456.23 0.41 -0.10 0.91 0.06 0.95 0.71 0.36
9.00 0.17 102.07 463.47 -38.53 -0.92 -0.08 -0.57 0.54 0.18 0.07 0.09
21.00 15.89 595.80 386.78 307.74 -0.91 0.76 -0.38 0.06 0.01 0.94 0.23
5.00 5.49 406.16 -300.82 352.37 0.65 -0.54 1.00 0.87 0.47 0.79 0.02
38.00 209.32 384.11 -317.69 567.64 -0.35 0.49 -0.71 0.62 0.74 0.39 0.47
9.00 22.18 -220.71 675.26 320.20 0.70 -0.12 -0.97 0.39 0.69 0.21 0.48
26.00 16.95 -123.58 449.46 526.04 -0.83 0.37 -0.70 0.11 0.20 0.99 0.72
13.00 47.62 -375.34 234.85 -656.85 -0.20 -0.94 0.66 0.57 0.61 0.77 0.29
6.00 3.76 557.92 -171.23 -445.67 -0.54 -0.74 0.94 0.13 0.24 0.71 0.32
10.00 8.85 498.79 -148.39 -380.31 -0.85 -0.41 0.72 0.19 0.14 0.24 0.64
6.00 6.41 -532.26 -300.63 -22.16 -0.53 -0.84 -0.99 0.20 0.01 0.01 0.80
28.00 214.45 357.76 -12.67 705.00 0.21 0.71 0.19 0.33 0.52 0.75 0.25
7.00 13.58 -130.42 10.24 686.73 -0.04 0.64 -0.17 0.36 0.31 0.52 0.17
23.00 158.56 -222.93 262.02 -187.04 -0.05 0.28 0.81 0.17 0.04 0.22 0.06
14.00 5.53 330.49 -466.24 -536.46 0.06 0.75 -0.77 0.42 0.49 0.95 0.11
10.00 9.59 -188.95 -288.22 174.28 -0.85 0.90 -0.71 0.79 0.57 0.75 0.95
13.00 17.13 90.18 -520.89 -317.80 0.12 -0.36 -0.63 0.59 0.52 0.25 0.07
16.00 23.72 -579.23 -473.03 -32.80 0.68 -0.73 -0.39 0.93 0.98 0.43 0.81
15.00 47.02 240.98 312.62 422.79 -0.04 -0.21 -0.59 0.49 0.03 0.03 0.83
8.00 13.71 454.50 372.10 -94.86 0.33 0.36 -0.09 0.82 0.90 0.35 0.97
18.00 59.40 152.20 -410.46 52.92 -0.61 -0.51 -0.53 0.08 0.53 0.60 0.05
6.00 0.97 -88.33 -513.49 -138.85 -0.39 -0.24 0.44 0.10 0.23 0.28 0.40
9.00 11.52 105.79 -194.99 544.67 -0.76 -0.73 1.00 0.40 0.77 0.15 0.24
10.00 17.93 -166.30 -621.10 -445.79 0.84 0.14 -0.86 0.12 0.89 0.06 0.73
24.00 109.05 165.21 111.48 -86.06 -0.22 0.85 -0.67 0.77 0.43 0.20 0.75
6.00 4.89 441.33 364.01 -43.82 0.73 0.82 0.33 0.96 0.04 0.76 0.21
19.00 99.15 -590.32 341.10 242.48 -0.47 0.88 0.26 0.80 0.52 0.66 0.97
6.00 2.73 -564.86 -8.82 510.25 -0.38 0.69 0.76 0.14 0.65 0.24 0.30
11.00 35.95 -378.06 -118.37 -487.07 -0.39 0.13 0.07 0.88 0.82 0.46 0.09
6.00 2.62 273.43 25.08 -638.68 -0.21 0.53 0.22 0.36 0.90 0.72 0.29
9.00 8.74 -420.22 -173.11 297.86 0.41 -0.61 -0.02 0.86 0.19 0.97 0.79
7.00 8.91 -325.08 282.83 -250.30 0.14 -0.43 0.38 0.35 0.02 0.20 0.18
7.00 11.39 -240.95 508.59 -247.55 -0.93 0.18 0.87 0.69 0.27 0.83 0.92
6.00 6.17 112.60 -364.83 405.57 -0.57 0.56 -0.67 0.89 0.64 0.70 0.39
18.00 8.94 -79.46 -15.73 222.26 0.97 -0.38 -0.27 0.06 0.57 0.38 0.77
7.00 7.49 -136.78 71.94 582.44 -0.89 0.27 -0.62 0.83 0.99 0.96 0.13
23.00 36.26 128.94 679.88 -104.02 -0.98 0.38 0.19 0.91 1.00 0.06 0.47
20.00 46.67 -265.47 -314.85 -570.09 0.89 0.59 0.52 0.14 0.49 0.43 0.68
5.00 7.90 750.41 -73.16 110.43 -0.37 -0.16 -0.94 0.53 0.54 0.15 0.72
30.00 0.49 -488.71 556.34 290.98 0.84 -0.44 -0.98 0.60 0.51 0.25 0.69
14.00 51.63 131.33 -481.45 334.66 0.24 0.85 0.91 0.84 0.68 0.59 0.76
9.00 18.48 432.38 411.63 -254.98 0.75 -0.87 -0.05 0.17 0.82 0.54 0.63
14.00 19.97 231.71 4.65 420.61 0.77 -0.60 0.71 0.14 0.31 0.88 0.66
15.00 47.24 -189.85 344.05 572.88 0.64 -0.22 -0.57 0.41 0.77 0.89 0.72
35.00 45.50 -777.64 19.29 -184.58 0.96 0.23 0.53 0.51 0.56 0.88 0.75
10.00 18.30 -628.25 186.59 236.25 0.41 0.95 0.94 0.31 0.85 0.42 0.64
8.00 19.90 298.91 -550.30 -251.29 -0.11 -0.19 -0.66 0.82 0.35 0.10 0.81
22.00 44.76 159.50 123.41 -680.21 0.91 0.56 0.11 0.09 0.89 0.04 0.83
21.00 22.77 -107.61 -200.78 -453.22 0.37 0.73 0.96 0.35 0.76 0.20 0.98
11.00 21.90 -461.24 60.84 137.32 0.65 -0.88 -0.22 0.47 0.11 0.51 0.90
8.00 1.54 693.81 183.33 214.12 0.27 -0.27 0.53 0.47 0.95 0.35 0.06
7.00 4.95 -155.63 -213.83 485.31 0.70 0.37 -0.04 0.51 0.83 0.78 0.28
17.00 68.46 119.67 -271.73 -431.33 0.42 0.95 0.60 0.42 0.37 0.55 0.96
8.00 5.80 125.27 -82.53 -643.92 0.77 -0.78 -0.58 0.36 0.39 0.94 0.96
12.00 0.75 -250.13 -74.50 570.55 -0.83 -0.85 0.96 0.54 0.94 0.53 0.41
11.00 12.34 -561.77 8.96 166.74 -0.67 -0.35 -0.01 0.69 0.49 0.83 0.50
11.00 25.91 258.00 -134.74 188.33 -0.39 -0.04 -0.36 0.19 0.17 0.30 0.33
5.00 5.46 238.84 367.58 367.91 0.07 -0.71 -0.09 0.91 0.64 0.58 0.23
10.00 11.75 -293.34 -340.74 207.59 0.81 -0.92 0.59 0.80 0.53 0.01 0.88
5.00 7.89 252.72 -6.10 74.48 -0.41 0.48 0.80 0.29 0.10 0.04 0.60
15.00 73.21 -308.47 -353.98 -174.33 0.16 1.00 0.21 0.72 0.87 0.65 0.36
16.00 31.78 -440.29 646.62 -38.29 0.50 -0.65 -0.29 0.31 0.21 0.82 0.84
22.00 43.20 18.45 -681.74 -204.06 0.44 -0.62 0.45 0.57 0.69 0.54 0.17
9.00 26.36 -159.75 233.53 659.80 -0.29 0.89 0.86 0.13 0.49 0.92 0.99
11.00 5.55 329.44 -109.36 -500.83 -0.52 -0.72 -0.85 0.94 0.84 0.66 0.26
23.00 69.78 204.99 547.46 -66.02 -0.56 0.45 -0.13 0.66 0.76 0.12 0.53
6.00 10.49 -553.33 89.13 -65.51 -0.67 -0.55 -0.86 0.78 0.12 0.78 0.94
6.00 2.65 427.15 -364.50 83.60 -0.78 -0.66 -0.22 0.33 0.28 0.91 0.11
25.00 74.11 77.08 -512.70 -422.78 -0.09 -0.08 -0.57 0.29 0.57 0.47 0.23
6.00 10.30 -518.23 282.22 -471.95 -0.33 -0.11 0.03 0.59 0.29 0.28 0.11
5.00 1.68 -462.69 154.18 -337.63 0.41 0.80 -0.39 0.14 0.63 0.68 0.82
33.00 293.85 -234.30 -227.18 -600.52 0.13 -0.65 0.01 0.77 0.15 0.56 0.53
8.00 2.12 310.85 197.08 272.51 -0.53 -0.28 -0.80 0.78 0.14 0.38 0.88
5.00 1.47 -155.70 715.34 -17.64 -0.12 0.13 -0.72 0.89 0.25 0.48 0.80
9.00 19.21 589.35 261.46 -264.52 -0.32 -0.64 -0.20 0.55 0.09 0.67 0.72
29.00 42.44 419.44 -18.41 -198.24 -0.80 0.85 -0.30 0.23 0.99 0.06 0.64
6.00 5.32 144.30 -677.91 -141.46 0.04 -0.54 -0.30 0.75 0.39 0.28 0.45
5.00 0.92 247.48 397.92 358.85 0.71 -0.13 -0.97 0.46 0.95 0.93 0.23
7.00 10.14 239.41 -38.70 372.41 1.00 0.96 0.58 0.39 0.96 0.08 0.12
18.00 10.33 501.03 372.37 -65.11 -0.33 0.74 0.79 0.55 0.94 0.01 0.75
14.00 43.19 -292.92 407.72 43.13 0.49 0.88 0.60 0.41 0.37 0.26 0.80
14.00 26.01 -472.19 505.06 315.08 -0.24 -0.56 0.55 0.92 0.08 0.04 0.79
8.00 2.43 -418.66 -482.07 66.42 -0.48 0.75 0.85 0.87 0.02 0.29 0.29
6.00 6.51 96.10 -489.15 336.86 -0.31 0.74 0.80 0.19 0.92 0.77 0.93
16.00 58.51 107.53 280.15 -538.76 -0.53 -0.92 0.11 0.01 0.21 0.78 0.83
13.00 54.77 -703.36 -213.03 80.03 0.30 0.44 0.14 0.42 0.31 0.86 0.32
21.00 19.31 -703.14 160.78 153.05 0.10 0.11 -0.26 0.67 0.78 0.51 0.96
27.00 5.74 98.01 -508.33 452.84 0.62 -0.79 0.90 0.40 0.01 0.80 0.14
12.00 38.18 356.89 449.61 -117.97 -0.84 -0.47 0.24 0.76 0.93 0.70 0.99
6.00 9.52 630.67 436.72 15.51 -0.86 -0.31 0.40 0.03 0.02 0.52 0.25
7.00 2.37 -65.39 421.34 79.71 0.34 0.70 0.18 0.07 0.52 0.93 0.22
30.00 20.84 -372.07 147.93 -352.42 -0.61 -0.73 -0.74 0.53 0.30 0.17 0.74
24.00 46.15 -520.47 239.81 222.85 -0.38 0.42 0.49 0.22 0.24 0.35 0.20
6.00 9.99 -547.13 470.79 -45.28 -0.82 0.62 -0.80 0.13 0.85 0.70 0.49
22.00 7.20 403.70 -382.37 330.39 0.33 0.01 0.79 0.04 0.06 0.81 0.71
10.00 14.72 -585.77 -44.59 496.43 0.22 0.84 -0.85 0.87 0.94 0.74 0.65
6.00 11.66 9.72 140.99 -521.01 -0.84 0.07 0.25 0.39 0.52 0.91 0.88
13.00 41.50 287.12 634.88 -25.63 0.97 0.87 0.03 0.67 0.49 0.27 0.77
6.00 4.90 -401.58 -168.66 -424.92 1.00 -0.75 -0.20 0.20 0.91 0.30 0.75
14.00 54.15 -369.71 -564.28 217.31 -0.16 0.25 -0.76 0.43 0.90 0.89 0.32
12.00 17.27 423.35 -368.71 -565.89 0.63 0.03 -0.68 0.21 0.72 0.75 0.13
8.00 16.57 373.52 264.18 -67.87 -0.72 0.98 -0.56 0.48 0.49 0.29 0.00
7.00 0.96 -98.79 494.71 393.32 0.49 -0.34 -0.49 0.14 0.08 0.52 0.02
12.00 30.79 162.72 291.24 30.57 -0.19 0.99 -0.20 0.81 0.25 0.30 0.03
23.00 18.47 -116.23 -227.17 503.35 0.06 -0.70 -0.58 0.49 0.83 0.19 0.73
37.00 243.42 181.51 707.32 -197.59 -0.08 -0.11 -0.97 0.67 0.10 0.32 0.01
11.00 22.62 337.22 -42.79 -275.98 -0.46 -0.38 0.25 0.98 0.07 1.00 0.73
11.00 36.37 410.57 -210.62 489.26 -0.79 0.90 -0.88 0.87 0.93 0.26 0.73
5.00 2.20 39.62 601.29 7.69 -0.53 -0.36 0.47 0.35 0.87 0.81 0.94
9.00 4.84 -312.43 -354.77 246.22 0.25 0.30 -0.01 0.65 0.52 0.76 0.46
27.00 87.43 380.68 197.33 -664.18 0.91 0.58 -0.21 0.04 0.16 1.00 0.90
5.00 6.84 -115.74 -482.92 -532.45 -0.66 -0.38 -0.98 0.68 0.09 0.95 0.69
13.00 9.07 -318.27 -338.05 -85.61 0.58 -0.42 0.99 0.74 0.36 0.76 0.73
5.00 1.80 58.19 211.34 306.95 -0.44 -0.66 0.06 0.86 0.86 0.77 0.45
31.00 109.21 434.46 420.79 33.71 0.09 0.40 0.07 0.25 0.82 0.72 0.36
10.00 29.12 610.68 -21.84 -283.62 0.35 -0.80 -0.02 0.79 0.01 0.41 0.44
11.00 19.34 -10.45 -135.78 -20.14 -0.83 0.20 -0.38 0.72 0.43 0.10 0.90
17.00 86.45 -261.03 189.52 606.96 0.70 0.79 0.39 0.72 0.59 0.52 1.00
5.00 0.46 -336.85 -664.92 -179.63 0.76 -0.75 -0.64 0.65 0.01 0.70 0.28
22.00 42.62 -93.17 -54.32 139.88 -0.14 0.31 -0.25 0.60 0.07 0.79 0.84
13.00 16.02 -55.08 92.99 -569.83 0.44 0.67 0.10 0.40 0.88 0.05 0.53
34.00 34.00 -35.71 285.42 -512.95 0.16 0.33 0.70 0.48 0.69 0.17 0.61
18.00 25.71 552.78 -465.12 327.70 0.28 0.38 -0.12 0.84 0.55 0.61 0.58
12.00 35.98 147.68 164.23 -684.20 -0.67 -0.98 0.95 1.00 0.06 0.06 0.93
18.00 61.08 205.24 -546.79 87.92 0.75 -0.13 0.40 0.60 0.05 0.50 0.52
7.00 8.29 -32.15 -44.06 -593.74 -0.11 -0.68 -0.21 0.38 0.07 0.34 0.75
5.00 0.95 -636.75 -337.72 169.05 0.27 -0.62 -0.57 0.24 0.79 0.73 0.79
28.00 140.75 -304.08 311.23 -311.62 -0.86 0.59 -0.32 0.51 0.27 0.60 0.60
27.00 59.19 -150.22 302.84 -656.31 -0.47 0.61 -0.45 0.89 0.09 0.97 0.23
17.00 23.35 -490.79 -518.17 -229.71 -0.04 0.36 -0.95 0.65 0.89 0.89 0.73
6.00 6.78 -501.62 -262.62 340.01 -0.11 -0.24 -0.97 0.83 0.01 0.16 0.09
15.00 6.86 -346.73 350.68 -50.97 0.42 -0.24 0.48 0.60 0.35 0.92 0.48
14.00 51.41 348.94 -257.92 -639.71 -0.97 -0.30 0.33 0.08 0.08 0.96 0.58
20.00 11.19 -156.98 -285.74 -457.75 -0.60 0.44 0.68 0.43 0.99 0.99 0.61
10.00 12.76 -16.01 134.86 691.92 0.81 -0.25 -0.39 0.56 0.02 0.92 0.34
10.00 31.44 342.91 52.96 -329.46 -0.27 0.80 -0.48 0.17 0.84 0.36 0.50
22.00 20.35 -645.00 -267.76 -295.59 0.70 0.42 -0.63 0.08 0.42 0.42 0.24
11.00 38.90 644.91 297.51 -41.94 0.35 -0.82 -0.12 0.23 0.24 0.59 0.58
14.00 5.59 -133.36 -302.21 -676.58 0.82 0.59 0.75 0.54 0.76 0.37 0.48
14.00 4.92 321.31 112.45 652.35 -0.42 -0.39 0.21 0.05 0.78 0.86 0.09
12.00 45.03 360.42 -319.88 -565.22 0.23 -0.72 0.58 0.24 0.00 0.01 0.26
18.00 89.97 -642.93 43.48 -35.57 0.87 0.39 0.77 0.04 0.33 0.90 0.94
13.00 21.09 296.99 -236.88 -561.82 0.94 0.54 -0.03 0.22 0.36 0.11 0.84
6.00 8.40 -581.58 273.97 -140.66 -0.35 -0.68 -0.17 0.42 0.52 0.95 0.52
11.00 22.65 -341.51 466.06 -307.38 0.13 0.16 0.74 0.33 0.77 0.37 0.07
39.00 296.74 547.44 -373.81 223.50 0.91 -0.59 0.72 0.46 0.08 0.29 0.20
8.00 8.23 -101.96 179.84 -124.94 -0.95 0.52 -0.42 0.76 0.69 0.66 0.79
16.00 1.52 -314.78 -13.20 -635.07 -0.79 0.45 0.06 0.06 0.58 0.62 0.95
20.00 123.87 449.12 -559.25 -127.66 -0.28 -0.16 -0.76 0.14 0.61 0.92 0.63
14.00 20.89 146.70 625.43 -401.30 0.41 -0.00 -0.12 0.57 0.14 0.37 0.09
13.00 41.86 -208.74 566.13 -386.12 -0.69 -0.70 -0.86 0.33 0.75 0.27 0.88
12.00 3.71 443.83 -360.31 212.56 -0.45 -0.33 -0.37 0.06 0.06 0.44 0.82
5.00 3.33 126.29 -524.37 521.17 -0.59 0.15 0.09 0.27 0.98 0.30 0.21
6.00 10.16 -511.49 15.13 307.85 0.10 -0.61 0.85 0.58 0.39 0.17 0.21
31.00 267.07 622.39 -365.95 53.70 0.85 0.36 -1.00 0.17 0.53 0.66 0.75
28.00 14.16 265.79 529.78 -468.52 0.24 0.02 -0.50 0.20 1.00 0.64 0.80
8.00 4.35 154.89 417.43 447.30 -0.42 0.61 0.34 0.39 0.90 0.31 0.78
17.00 43.14 17.85 142.31 148.02 -0.12 -0.18 -0.93 0.50 0.60 0.60 0.04
21.00 70.56 -621.36 460.03 183.61 -0.66 -0.14 0.98 0.20 0.96 1.00 0.20
5.00 7.88 -673.46 103.43 341.40 -0.32 -0.22 0.59 0.72 0.84 0.02 0.43
7.00 13.72 437.34 344.57 -140.86 -0.37 -0.72 0.86 0.49 0.68 0.97 0.94
12.00 31.21 -575.39 62.03 -499.45 -0.25 -0.26 -0.66 0.71 0.78 0.60 0.25
26.00 161.44 -405.03 -3.04 116.31 -0.68 0.42 1.00 0.40 0.79 0.02 0.81
8.00 0.66 -375.16 -344.47 341.41 -0.52 0.88 -0.96 0.16 0.15 0.71 0.89
21.00 59.85 -581.44 10.74 362.34 -0.37 -0.51 0.99 0.18 0.36 0.73 0.64
7.00 0.75 132.01 -314.45 227.10 -0.68 0.42 0.36 0.13 0.29 0.94 0.46
31.00 151.58 291.48 -296.76 -417.47 -0.73 -0.88 0.30 0.20 0.58 0.08 0.40
13.00 3.47 303.35 -558.57 448.59 0.70 -0.38 0.89 0.21 0.40 0.89 0.48
36.00 120.10 -49.49 -96.97 719.19 0.08 -0.40 -0.21 0.33 0.65 0.69 0.35
23.00 172.03 126.32 -521.64 -132.13 0.25 -0.34 -0.39 0.29 0.71 0.20 0.80
8.00 2.20 -74.68 31.45 506.34 -0.44 -0.61 -0.05 0.40 0.19 0.03 0.81
33.00 144.99 637.41 18.08 361.70 -0.23 0.47 -0.69 0.16 0.83 0.78 0.73
17.00 49.50 -221.42 266.67 59.96 -0.07 0.49 0.81 0.29 0.21 0.98 0.68
5.00 7.75 543.36 -102.29 104.08 -0.09 -0.92 -0.48 0.99 0.65 0.38 0.40
29.00 174.87 -365.38 77.03 -652.11 -0.14 -0.31 -0.35 0.41 0.29 0.00 0.04
33.00 114.68 295.96 219.41 -465.29 0.02 0.27 -0.75 0.93 0.89 0.42 1.00
9.00 22.92 485.04 241.90 -445.16 -0.63 -0.79 -0.11 0.07 0.44 0.80 0.34
7.00 15.60 -262.35 -441.76 438.91 -0.28 -0.03 -0.82 0.41 0.44 0.92 0.51
11.00 8.56 -285.68 441.96 -590.51 -0.04 0.38 0.31 0.02 0.40 0.27 0.44
15.00 11.03 -129.65 -287.48 -288.48 0.21 -0.32 -0.26 0.01 0.97 0.51 0.13
13.00 4.40 -285.80 217.33 -713.01 -0.22 -0.44 -0.84 0.05 0.77 0.64 0.67
22.00 111.56 584.22 217.47 -497.72 -0.01 -0.27 0.20 0.84 0.93 0.02 0.22
9.00 10.64 310.17 -370.05 627.28 0.32 -0.72 -0.65 0.22 0.14 0.89 0.00
9.00 12.25 108.38 569.89 526.26 0.87 -0.94 -0.16 0.03 0.88 0.62 0.42
28.00 115.05 328.42 7.57 -270.37 -0.61 -0.35 0.05 0.34 0.78 0.95 0.91
6.00 1.54 -588.01 -101.23 -275.52 0.93 0.22 1.00 0.35 0.87 0.51 0.67
19.00 53.79 85.97 -199.15 -284.97 -0.68 0.36 0.08 0.31 0.21 0.47 0.26
10.00 4.69 -625.00 -161.74 376.46 0.27 -0.39 -0.12 0.07 0.81 0.04 0.22
6.00 8.45 -204.78 317.94 371.74 0.99 -0.78 -0.85 0.46 0.88 0.07 0.79
6.00 4.38 292.60 -510.10 -217.18 -0.06 0.27 0.80 0.36 0.76 0.55 0.88
9.00 3.68 -1.04 487.16 -145.42 -0.71 -0.18 -0.30 0.81 0.49 0.12 0.18
15.00 72.26 242.24 -518.24 539.85 0.04 0.17 0.53 0.90 0.40 0.76 0.23
6.00 2.14 180.92 -344.84 148.73 -0.23 -0.83 -0.25 0.26 0.82 0.91 0.60
15.00 14.04 -202.79 -416.78 109.71 0.65 0.26 0.62 0.06 0.10 0.45 0.82
21.00 129.12 21.24 487.09 -197.18 0.87 0.23 0.54 0.33 0.19 0.74 0.74
11.00 38.56 -444.06 519.19 325.54 -0.16 -0.60 0.83 0.32 0.29 0.79 0.80
6.00 1.53 -54.22 -482.75 549.38 -0.71 -0.54 1.00 0.58 0.90 0.22 0.18
12.00 16.50 503.08 17.70 -379.44 -0.76 0.39 0.71 0.30 0.46 0.15 0.65
15.00 58.88 93.93 -489.90 -334.47 0.79 0.11 -0.96 0.72 0.36 0.05 0.64
18.00 66.12 -59.05 92.47 682.38 -0.99 -0.93 -0.76 0.22 0.34 0.94 0.74
19.00 43.30 450.92 450.21 -120.29 -0.79 0.91 0.28 0.30 0.77 0.21 0.41
15.00 3.63 125.31 -103.98 129.79 -0.95 -0.04 0.88 0.70 0.36 0.08 0.38
8.00 15.80 -183.28 154.00 389.79 -0.83 -0.35 -0.56 0.57 0.02 0.45 0.77
7.00 6.14 -506.64 165.10 596.63 -0.43 -0.79 0.39 0.71 0.70 0.68 0.48
26.00 146.82 458.23 223.83 -200.56 -0.91 0.48 0.31 0.83 0.40 0.77 0.33
13.00 44.39 -106.58 -86.56 45.79 -0.18 -0.63 -0.61 0.38 0.40 0.40 0.31
8.00 17.79 136.30 -256.67 -622.01 -0.39 -0.49 0.14 0.37 0.06 0.84 0.95
21.00 73.98 -471.87 -464.23 242.26 0.03 -0.48 -0.88 0.74 0.10 0.36 0.66
10.00 10.04 -369.64 139.08 444.95 -0.38 -0.79 -0.73 0.41 0.85 0.26 0.83
6.00 3.19 -472.65 16.44 -181.47 0.28 -0.83 -0.09 0.23 0.93 0.98 0.95
7.00 1.26 409.15 106.37 172.10 0.66 0.39 -0.82 0.85 0.72 0.95 0.73
15.00 11.37 500.91 -16.25 -321.57 -0.18 0.01 0.58 0.88 0.30 0.67 0.47
24.00 129.32 569.77 -221.84 501.51 0.25 -0.34 -0.64 0.77 0.47 0.62 0.64
5.00 7.77 -64.31 -35.41 671.74 0.98 -0.38 0.85 0.87 0.75 0.49 0.89
14.00 2.03 -463.55 182.67 511.28 0.12 -0.24 0.60 0.48 0.66 0.01 0.23
14.00 56.96 -406.77 581.24 -122.55 -0.10 -0.05 -0.43 0.19 0.99 0.79 0.18
20.00 76.26 -238.95 463.24 -415.69 0.97 -0.56 0.94 0.37 0.68 0.23 0.05
6.00 3.24 -784.23 -68.01 67.08 -0.27 0.85 -0.45 0.56 0.66 0.54 0.07
7.00 4.66 212.00 368.39 323.80 0.57 0.30 0.71 0.27 0.14 0.96 0.12
13.00 51.07 10.36 -16.28 657.41 0.74 0.17 0.56 0.29 0.30 0.15 0.25
24.00 84.11 326.42 329.68 634.19 0.91 0.54 -0.20 0.21 0.03 0.15 0.95
25.00 61.35 -594.84 -357.87 95.92 -0.78 0.66 0.68 0.62 0.96 0.71 0.34
18.00 96.87 -415.94 -493.05 181.06 0.27 -0.26 0.64 0.33 0.56 0.03 0.15
35.00 99.37 213.54 -472.86 -504.59 0.78 -0.97 0.38 0.48 0.77 0.54 0.51
14.00 13.52 673.75 98.90 12.63 -0.06 0.55 0.98 0.15 0.23 0.46 0.91
6.00 6.41 406.94 -596.49 -165.47 -0.43 -0.10 -0.58 0.66 0.37 0.09 0.49
6.00 1.23 205.68 -217.63 164.25 0.56 0.24 0.03 0.17 0.95 0.53 0.54
22.00 82.72 271.36 448.53 -505.95 0.35 0.88 -0.58 0.74 0.58 0.97 0.29
11.00 20.80 -413.92 -84.51 -445.12 0.86 -0.60 -0.87 0.59 0.90 0.70 0.20
6.00 2.63 -238.45 453.39 -156.53 -0.97 -0.59 -0.36 0.71 0.49 0.67 0.92
13.00 37.57 -45.45 -216.30 -442.26 -0.62 -0.47 -0.13 0.32 0.58 0.58 0.94
7.00 10.59 77.68 427.04 -464.26 -0.30 0.37 0.97 0.00 0.49 0.96 0.70
7.00 6.32 221.81 -367.91 -661.37 0.57 -0.88 0.30 0.50 0.31 0.77 0.46
7.00 5.39 136.28 -80.03 -358.61 0.82 -0.67 -0.30 0.27 0.66 0.71 0.96
5.00 4.30 -199.00 427.45 -266.30 0.95 -0.79 -0.65 0.18 0.49 0.01 0.70
15.00 55.29 453.25 407.70 -24.15 -0.21 -0.75 -0.43 0.21 0.34 0.83 0.84
13.00 43.71 196.33 -345.58 278.82 -0.74 -0.87 -0.45 0.92 0.03 0.40 0.59
15.00 0.31 43.81 -501.76 -40.83 0.15 -0.43 0.65 0.48 0.63 0.15 0.98
7.00 13.26 -97.34 -84.19 388.06 0.80 0.91 0.67 0.12 0.65 0.61 0.22
15.00 36.85 -365.53 -101.89 327.93 0.27 0.01 0.65 0.43 0.97 0.65 0.61
25.00 21.69 -445.69 -637.58 12.17 -0.31 -0.22 0.13 0.26 0.12 0.63 0.82
21.00 129.79 45.34 492.95 126.92 -0.11 -0.41 -0.80 0.35 0.38 0.89 0.66
13.00 43.77 -222.61 -471.22 316.47 0.16 -0.18 -0.22 0.36 0.18 0.31 0.47
13.00 21.63 -242.10 -38.22 196.33 -0.90 -0.19 -0.82 0.23 0.66 0.89 0.65
10.00 7.98 112.34 -75.22 -319.19 0.95 -0.30 -0.48 0.78 0.36 0.20 0.82
27.00 183.61 38.63 -290.48 -453.56 -0.81 -0.32 -0.98 0.40 0.47 0.34 0.43
9.00 1.21 320.31 -245.37 -292.80 -0.05 -0.74 0.55 0.65 0.07 0.75 0.18
37.00 374.46 -360.36 -285.22 594.10 0.14 0.41 0.18 0.46 0.41 0.92 0.89
8.00 8.78 35.76 -100.13 661.23 0.19 0.95 0.19 0.75 0.61 0.29 1.00
6.00 10.23 -567.21 559.91 31.11 -0.00 0.79 0.94 0.71 0.43 0.40 0.10
5.00 5.22 -11.43 349.64 -604.48 -0.50 -0.61 0.25 0.16 0.32 0.78 0.97
11.00 27.55 -595.53 -414.47 -84.95 -0.61 0.55 -0.49 0.20 0.73 0.11 0.48
14.00 43.06 340.10 -100.85 587.17 0.10 -0.99 0.24 0.46 0.41 0.25 0.43
8.00 13.03 93.50 -105.20 479.43 -0.33 -0.96 -0.58 0.09 0.04 0.82 0.80
20.00 124.23 -52.09 -538.39 -82.84 0.47 -0.17 0.17 0.23 0.40 0.52 0.06
26.00 71.43 134.00 -310.15 83.83 0.23 0.52 0.54 0.83 0.30 0.29 0.63
27.00 46.80 442.44 51.77 148.05 0.24 -0.92 -0.43 0.59 0.71 0.37 0.09
13.00 5.96 -377.85 -430.55 -95.09 0.23 0.26 0.51 0.71 0.32 0.46 0.61
6.00 3.55 375.50 529.79 36.56 -0.83 -0.59 -0.30 0.54 0.91 0.11 0.57
5.00 4.05 -588.57 379.80 229.07 -0.81 -0.83 -0.38 0.37 0.34 0.90 0.61
13.00 40.63 204.66 -626.43 -292.20 -0.20 -0.26 0.19 0.87 0.73 0.40 0.82
6.00 8.38 -93.44 471.17 -1.70 -0.43 -0.65 0.58 0.53 0.11 0.11 0.55
6.00 6.28 227.30 -148.88 144.88 0.83 0.50 0.71 0.60 0.46 0.77 0.14
20.00 64.64 -213.26 -4.51 -277.88 -0.49 -0.10 0.66 0.02 0.10 0.81 0.04
22.00 81.31 384.07 -275.20 -226.59 0.97 0.39 0.39 0.98 0.70 0.70 0.99
6.00 4.92 290.42 -122.70 -485.04 -0.41 0.80 0.06 0.29 0.78 0.64 0.03
25.00 2.80 -314.59 705.38 -193.67 -0.73 0.95 -0.20 0.04 0.20 0.72 0.33
10.00 30.30 -56.44 -618.30 340.23 -0.39 -0.93 -0.27 0.37 0.90 0.21 0.20
28.00 155.84 -439.37 230.94 -439.63 0.25 0.69 -0.45 0.68 0.01 0.02 0.00
13.00 25.71 462.13 -167.77 585.97 0.97 -0.48 0.65 0.62 0.10 0.90 0.63
7.00 14.23 -227.81 -417.43 -9.88 -0.72 -0.20 0.25 0.13 0.14 0.49 0.21
7.00 11.01 -369.47 568.88 391.80 0.08 -0.69 0.54 0.96 0.85 0.32 0.39
6.00 9.37 -224.98 696.46 2.97 0.75 0.79 -0.17 0.55 0.09 0.18 0.40
16.00 40.64 5.22 -540.71 543.99 -0.62 -0.28 -0.65 0.01 0.71 0.21 0.98
8.00 13.35 92.95 474.99 -81.86 -0.79 0.85 -0.32 0.17 0.60 0.56 0.21
10.00 28.81 125.97 -569.10 341.29 0.66 0.72 -0.61 0.54 0.75 0.22 0.40
8.00 16.43 518.69 -588.76 -29.74 0.67 -0.63 -0.44 0.95 0.47 0.98 0.78
18.00 67.24 -70.03 -373.45 -604.89 -0.57 -0.47 -0.80 0.55 0.01 0.55 0.33
8.00 2.86 -309.72 570.95 100.65 -0.39 0.23 0.92 0.54 0.18 0.95 0.17
9.00 2.09 -489.29 329.77 -389.74 0.36 0.34 -0.23 0.44 0.24 0.94 0.56
8.00 0.16 -26.14 -147.07 411.48 -0.23 0.83 0.01 0.97 0.74 0.68 0.15
39.00 134.36 -461.74 20.67 259.48 0.44 0.28 -0.11 0.12 0.74 0.80 0.78
20.00 112.15 -112.52 -325.90 -157.74 0.54 0.88 -0.38 0.31 0.73 0.70 0.98
26.00 83.73 -522.03 289.02 -160.95 -0.64 -0.63 -0.10 0.75 0.25 0.70 0.27
7.00 14.99 318.53 12.70 107.95 0.79 0.04 -0.80 0.16 1.00 0.79 0.39
17.00 54.91 -355.21 508.40 13.78 -0.68 0.11 -0.08 0.26 0.09 0.24 0.37
15.00 57.62 140.62 535.40 537.48 -0.88 0.99 -0.89 0.06 0.32 0.22 0.71
13.00 10.72 117.69 579.34 84.37 -0.88 -0.57 0.41 0.20 0.42 0.94 0.24
20.00 108.00 -65.15 -418.71 346.53 -0.49 -0.51 -0.73 0.08 0.58 0.97 0.06
19.00 42.08 393.86 279.81 -334.43 -0.99 0.85 0.95 0.89 0.10 0.81 0.60
30.00 154.61 268.65 106.29 211.56 -0.29 -0.72 0.59 0.59 0.23 0.98 0.36
8.00 8.84 -337.75 -43.44 -381.67 0.47 0.70 -0.46 0.23 0.73 0.68 0.07
9.00 1.55 408.58 177.77 -517.99 -0.36 0.51 -0.07 0.27 0.19 0.34 0.43
6.00 5.87 395.77 -569.72 -393.98 0.17 0.01 0.17 0.17 0.29 0.75 0.82
5.00 2.50 -70.78 133.33 380.71 0.29 0.95 -0.89 0.67 0.93 0.09 0.30
6.00 2.41 -463.25 250.43 -185.07 0.10 0.32 -0.19 0.35 0.51 0.88 0.01
5.00 7.04 314.51 343.80 -602.83 0.47 0.97 0.60 0.66 0.97 0.72 0.91
18.00 70.92 47.56 245.49 -41.64 0.40 -0.47 0.06 0.49 0.46 0.17 0.42
14.00 36.57 -424.47 -374.32 -208.51 -0.59 -0.88 0.53 0.60 0.38 0.49 0.75
21.00 44.47 226.17 -86.96 -186.47 0.94 0.47 0.08 0.64 0.71 0.04 0.11
19.00 63.50 109.40 -303.48 318.25 -0.11 0.99 -0.46 0.80 0.78 0.41 0.66
10.00 23.47 20.31 -458.75 437.39 -0.29 0.48 -0.01 0.99 0.64 0.87 0.74
16.00 2.14 -573.45 -262.53 -3.80 0.37 0.95 -0.74 0.24 0.36 0.81 0.57
24.00 43.62 107.36 731.76 92.03 0.58 -0.66 0.36 0.95 0.60 0.33 0.36
7.00 6.89 -142.20 505.08 -230.46 -0.54 -0.06 -0.31 0.27 0.09 0.17 0.52
7.00 4.33 212.39 164.81 333.46 -0.04 0.19 0.11 0.50 0.46 0.13 0.65
5.00 6.56 -41.05 94.36 284.76 -0.41 0.03 0.97 0.23 0.57 0.44 0.44
10.00 32.21 388.40 -389.47 493.40 0.30 0.32 0.90 0.22 0.62 0.86 0.05
8.00 18.48 -288.46 -59.30 -494.44 0.75 0.84 -0.87 0.17 0.47 0.76 0.11
9.00 17.90 462.17 -609.25 89.24 -0.34 -0.00 0.90 0.37 0.05 0.31 0.79
10.00 9.33 784.18 69.51 136.18 0.54 -0.46 0.64 0.01 0.85 0.89 0.71
5.00 5.46 568.57 -246.20 55.48 0.88 -0.69 -0.90 0.29 0.33 0.12 0.80
6.00 4.65 428.57 389.48 -59.31 0.95 0.38 -0.88 0.06 0.95 0.69 0.76
14.00 44.24 165.08 511.62 -396.71 0.74 -0.79 0.40 0.97 0.98 0.14 0.94
15.00 32.86 -101.16 409.65 656.50 -0.29 -0.84 0.05 0.53 0.46 0.06 0.53
23.00 74.40 345.88 -492.34 238.06 -0.36 -0.66 0.56 0.20 0.39 0.48 0.06
18.00 83.36 -309.36 -101.35 -587.93 0.75 -0.90 -0.15 0.91 0.08 0.01 0.99
24.00 3.05 -99.39 -15.97 671.83 0.57 0.85 -0.82 0.39 0.72 0.76 0.62
10.00 23.65 107.03 422.25 215.13 -0.45 0.90 -0.48 0.20 0.69 0.67 0.71
5.00 6.94 -15.82 -251.17 -453.17 0.48 0.09 0.00 0.82 0.60 0.37 0.74
8.00 4.78 108.70 147.69 459.35 -0.58 0.98 0.17 0.84 0.20 0.33 0.94
9.00 1.22 -430.35 -22.51 -230.21 -1.00 -0.37 -0.35 0.10 0.96 0.66 0.68
9.00 1.74 -306.13 132.59 47.68 -0.31 0.96 -0.66 0.12 0.04 0.16 0.97
17.00 87.44 134.76 -458.07 115.29 -0.08 0.59 0.64 0.71 0.43 0.14 0.36
9.00 12.43 249.99 506.43 355.12 -0.37 0.64 -0.86 0.06 0.95 0.49 0.35
24.00 57.53 375.58 -521.05 -382.89 0.38 0.27 0.88 0.24 0.08 0.40 0.11
20.00 84.21 -134.38 -155.53 310.52 -0.57 0.82 -0.24 0.05 0.47 0.38 0.07
13.00 32.62 107.30 -41.03 -38.36 0.39 0.70 0.60 0.35 0.34 0.90 0.02
19.00 42.71 -89.14 709.92 -3.79 -0.51 -0.44 -0.95 0.93 0.39 0.97 0.51
13.00 25.59 31.83 430.21 -209.78 0.46 -0.10 0.29 0.50 0.89 0.35 0.33
13.00 23.35 249.09 -80.77 -315.66 0.14 0.80 -0.41 0.28 0.76 0.93 0.23
10.00 18.47 -102.99 -499.70 503.40 0.21 0.13 -0.92 0.23 0.00 0.71 0.10
30.00 40.79 307.81 238.15 143.10 -0.32 -0.18 0.48 0.35 1.00 0.03 0.01
19.00 29.63 -157.53 -562.38 489.23 0.92 0.92 -0.26 0.25 0.33 0.58 0.19
7.00 0.66 -697.47 -106.13 199.22 0.45 -0.28 -0.34 0.76 0.28 0.37 0.37
5.00 2.50 -287.55 -631.38 -207.71 0.25 0.91 0.85 0.39 0.44 0.78 0.25
11.00 25.07 -501.28 -508.80 -88.84 0.90 -0.72 -0.63 0.83 0.51 0.43 0.81
9.00 22.79 -587.10 258.92 84.32 -0.54 0.38 -0.15 0.70 0.68 0.34 0.06
5.00 5.19 385.50 -289.58 -556.40 -0.66 0.12 0.01 0.58 0.93 0.26 0.28
5.00 5.34 313.84 -70.60 489.69 0.68 0.63 -0.72 0.97 0.82 0.65 0.59
16.00 54.58 70.42 -251.70 277.97 0.73 0.42 -0.76 0.04 0.98 0.36 0.99
19.00 53.15 -82.09 -533.80 58.16 -0.58 -0.96 0.61 0.60 0.96 0.97 0.12
18.00 103.65 491.53 -212.59 582.94 -0.70 0.25 0.12 0.25 0.68 0.89 0.38
10.00 2.00 258.94 233.31 -224.47 0.45 0.62 0.02 0.85 0.46 0.36 0.75
7.00 0.72 4.59 287.15 284.69 -0.87 -0.39 -0.92 0.17 0.59 0.31 0.38
11.00 24.16 -235.01 -226.12 -651.80 0.97 -0.26 -0.89 0.01 0.04 0.18 0.43
20.00 5.40 655.58 381.96 -253.42 -0.36 -0.10 -0.74 0.33 0.09 0.62 0.39
7.00 13.72 139.88 -196.23 -286.81 0.56 -0.09 -0.90 0.23 1.00 0.42 0.15
5.00 5.34 260.66 -342.41 -127.13 0.06 -0.77 0.23 0.42 0.54 0.06 0.23
19.00 29.24 4.20 -4.35 -533.54 -0.29 0.42 0.02 0.57 0.33 0.05 0.55
6.00 7.98 -122.92 -568.74 -413.04 -0.64 -0.91 0.05 0.32 0.97 0.81 1.00
9.00 14.67 -285.97 -418.29 232.96 -0.91 -0.79 0.67 0.06 0.85 0.25 0.77
20.00 82.19 -502.76 41.22 183.91 -0.28 0.71 0.98 0.72 0.97 0.59 0.86
15.00 39.27 -607.09 -306.71 94.69 0.31 0.10 0.98 0.03 0.82 0.79 0.09
6.00 10.40 422.70 -75.30 95.13 0.25 -0.35 0.29 0.38 0.19 0.93 0.99
11.00 20.97 -536.87 104.92 564.85 0.72 -0.07 0.81 1.00 0.88 0.31 0.06
9.00 4.31 5.45 83.36 -789.18 0.08 -0.61 0.86 0.81 0.90 0.08 0.27
9.00 4.85 75.04 562.63 -355.17 -0.82 -0.43 0.39 0.71 0.27 0.15 0.71
36.00 125.20 509.29 -585.17 154.47 0.13 0.26 -0.58 0.94 0.00 0.43 0.35
10.00 0.15 180.39 228.83 -718.36 0.92 -0.29 0.86 0.75 0.40 0.77 0.08
8.00 3.58 13.01 161.63 -72.73 0.89 -0.07 0.18 0.87 0.24 0.34 0.50
9.00 23.90 403.47 147.52 510.42 0.97 -0.54 -0.25 0.40 0.21 0.60 0.90
5.00 7.05 378.10 -347.42 -347.76 -0.96 -0.93 -0.63 0.82 0.28 0.95 0.56
5.00 6.17 -294.43 1.15 344.50 0.43 -0.03 0.33 0.70 0.99 0.43 0.54
24.00 174.43 -10.48 121.87 530.48 0.80 0.42 0.06 0.60 0.67 0.62 0.74
18.00 34.28 477.56 13.95 -422.42 0.25 -0.74 0.99 0.81 0.84 0.04 0.60
9.00 14.83 32.03 323.99 -580.66 -0.32 0.91 0.99 0.05 0.21 0.88 0.93
10.00 27.14 589.05 242.74 159.36 -0.74 0.10 -0.92 0.14 0.30 0.45 0.97
8.00 9.66 49.23 -92.87 -207.88 0.99 -0.75 -0.09 0.68 0.99 0.51 0.09
15.00 71.22 522.30 -486.88 -64.08 0.71 -0.38 0.96 0.76 0.88 0.75 0.41
6.00 6.94 185.57 159.35 345.64 0.62 1.00 0.84 0.71 0.25 0.38 0.15
17.00 57.31 -15.69 -267.21 342.46 -0.66 -0.96 0.03 0.69 0.23 0.99 0.58
11.00 37.08 255.53 -460.85 454.47 0.21 0.45 -0.85 0.80 0.45 0.67 0.62
8.00 9.01 -608.80 303.14 315.43 0.95 -0.24 0.31 0.46 0.30 0.86 0.34
6.00 5.16 -453.61 -437.54 -310.49 0.23 0.75 0.86 0.13 0.63 0.01 0.44
22.00 144.82 345.23 -88.99 702.91 -0.34 0.61 0.31 0.17 0.73 0.17 0.58
6.00 4.16 -317.33 -246.25 488.20 -0.96 0.63 0.29 0.26 0.06 0.70 0.18
14.00 47.60 319.80 617.21 18.24 -0.56 0.61 -0.30 0.96 0.16 0.09 0.21
8.00 5.22 -432.91 -123.70 -132.57 0.40 0.80 -0.75 0.96 0.53 0.56 0.16
5.00 5.84 513.17 335.07 340.81 -0.91 0.57 0.03 0.26 0.33 0.61 0.37
20.00 66.65 -707.88 -90.64 36.81 0.91 0.66 0.83 0.59 0.02 0.02 0.80
8.00 1.82 -77.31 -155.71 -493.29 -0.25 0.73 -0.16 0.37 0.45 0.67 0.94
5.00 0.76 -493.63 -87.36 185.26 0.51 0.66 -0.22 0.72 0.53 0.62 0.05
21.00 79.54 -480.35 -181.85 -348.55 0.22 0.16 0.55 0.98 0.05 0.97 0.67
9.00 15.50 251.35 -56.13 -128.04 0.21 0.08 0.91 0.37 0.52 0.32 0.61
26.00 32.23 -117.42 -258.33 -740.57 -0.02 0.87 -0.58 0.87 0.16 0.01 0.53
11.00 13.44 -423.56 -505.73 -281.03 0.21 0.42 -0.72 0.94 0.79 0.16 0.65
9.00 14.46 341.64 -169.68 -627.63 -0.79 -0.97 0.57 0.00 0.05 0.84 0.10
21.00 90.11 564.79 -241.91 156.62 -0.52 0.05 -0.40 0.37 0.90 0.47 0.72
34.00 193.73 -276.04 625.75 -65.32 0.46 0.80 -0.60 0.33 0.92 0.21 0.12
11.00 29.54 -226.57 -277.78 -391.74 -0.88 -0.19 -0.10 0.95 0.74 0.50 0.61
8.00 12.71 422.60 111.49 -0.04 0.61 0.65 -0.20 0.25 0.06 0.25 0.68
16.00 55.50 -371.65 649.38 -240.83 -0.06 0.65 0.49 0.16 0.53 0.14 0.48
8.00 11.06 -548.49 159.98 -343.29 -0.76 0.55 0.53 0.56 0.47 0.51 1.00
8.00 3.07 313.36 30.53 -333.17 -0.29 -0.54 0.64 0.75 0.15 0.32 0.03
14.00 61.53 -7.21 -52.66 -94.42 -0.42 -0.54 0.34 0.22 0.20 0.09 0.57
21.00 74.69 -90.84 403.47 -0.08 0.21 0.53 -0.81 0.36 0.09 0.34 0.68
8.00 19.89 341.05 527.60 465.51 0.22 0.65 0.04 0.91 0.47 0.43 0.64
6.00 6.78 -40.76 -257.21 169.68 0.89 -0.70 0.57 0.17 0.59 0.75 0.55
17.00 37.47 50.37 -723.52 -38.03 -0.20 -0.80 -0.49 0.51 0.34 0.45 0.63
23.00 51.71 148.55 512.41 123.19 0.86 -0.68 -0.17 0.91 0.59 0.60 0.86
15.00 39.95 -447.98 250.75 310.23 0.16 0.43 -0.33 0.33 0.90 0.05 0.06
39.00 236.91 447.83 187.62 72.87 -0.16 -0.25 0.05 0.47 0.73 0.33 0.96
13.00 8.90 523.75 574.44 64.79 -0.41 0.85 -1.00 0.26 0.57 0.41 0.66
12.00 29.65 418.17 616.76 -247.86 -0.05 0.72 -1.00 0.83 0.71 0.61 0.94
10.00 32.11 546.49 -352.92 -271.10 -0.61 0.68 0.51 0.01 0.12 0.79 0.67
8.00 11.35 -280.00 353.22 609.82 0.33 0.29 -0.73 0.89 0.05 0.19 0.81
19.00 79.83 323.70 -439.07 382.72 0.76 -0.19 -0.81 0.83 0.40 0.83 0.03
12.00 12.36 355.72 -183.69 -201.17 -0.92 0.91 -0.68 0.72 0.68 0.69 0.85
6.00 8.21 -202.36 -469.86 -248.86 -0.77 0.22 -0.86 0.05 0.75 0.36 0.35
5.00 0.61 413.39 -661.12 -145.31 -0.90 0.17 -0.73 0.10 0.13 0.95 0.27
26.00 21.56 53.89 -104.63 31.48 -0.50 -0.24 -0.56 0.77 0.71 0.33 0.27
14.00 53.05 150.79 -193.44 355.54 0.22 0.10 0.38 0.21 0.16 0.08 0.88
5.00 7.94 555.97 -549.54 31.50 -0.64 0.09 -0.44 0.59 0.07 0.80 0.31
6.00 0.13 250.11 590.02 -290.76 -0.19 0.76 0.10 0.49 0.94 0.36 0.85
18.00 11.78 -672.35 58.29 -429.24 0.97 0.67 -0.93 0.04 0.37 0.57 0.94
33.00 207.49 485.50 342.45 -221.15 0.56 -0.43 -0.42 0.14 0.29 0.07 0.04
12.00 22.88 111.03 -225.93 -282.23 -0.81 -0.49 0.46 0.30 0.10 0.42 0.62
5.00 1.73 100.47 480.70 627.76 0.62 -0.22 0.50 0.61 0.31 0.90 0.25
15.00 50.50 54.16 -539.69 -574.74 -0.55 -0.61 -0.42 0.68 0.96 0.70 0.57
7.00 15.15 -421.32 -125.36 647.31 0.59 0.74 -0.62 0.67 0.02 0.51 0.63
13.00 26.51 54.48 709.12 264.65 0.06 -0.84 -0.97 0.41 0.62 0.48 0.61
10.00 9.81 119.53 255.99 739.53 0.96 0.79 0.46 0.62 0.40 0.66 0.46
14.00 57.22 281.86 112.54 9.47 0.30 -0.09 0.34 0.40 0.86 0.88 0.39
16.00 28.13 -220.02 -234.64 402.59 0.68 -0.78 -0.45 0.52 0.69 0.49 0.86
18.00 66.45 469.31 279.78 565.62 -0.79 0.84 0.97 0.24 0.18 0.61 0.69
14.00 14.05 80.42 -383.75 427.28 0.29 -0.24 0.32 0.96 0.57 0.28 0.60
38.00 364.01 -45.85 64.07 -482.74 0.90 -0.60 0.65 0.81 0.77 0.85 0.86
10.00 23.67 244.07 -496.38 397.37 -0.72 0.77 -0.01 0.07 0.68 0.03 0.02
9.00 16.30 -662.73 -248.65 194.84 0.94 -0.17 0.88 0.17 0.14 0.19 0.92
8.00 14.09 338.24 24.64 122.00 -0.35 0.65 -0.87 0.56 0.45 0.91 0.53
13.00 38.83 -412.86 -434.76 224.90 -0.82 -0.52 0.03 0.11 0.97 0.86 0.63
9.00 13.16 -30.65 -666.43 -129.50 -0.30 -0.57 -0.11 0.28 0.36 0.33 0.48
7.00 15.51 -137.92 529.45 180.29 -0.20 -0.75 0.76 0.78 0.54 0.13 0.17
5.00 5.66 -73.69 130.51 563.61 0.29 0.84 -0.93 0.53 0.39 0.93 0.07
5.00 4.14 -285.51 109.78 -277.91 0.12 -0.39 -0.37 0.62 0.07 0.46 0.56
5.00 2.51 58.00 -268.75 -270.98 0.33 -0.44 0.32 0.63 0.59 0.99 0.19
11.00 39.28 165.86 -373.14 52.55 -0.13 0.64 0.34 0.11 0.81 0.72 0.68
7.00 6.02 26.12 691.37 164.61 -0.53 0.16 0.18 0.57 0.58 0.70 0.68
7.00 5.56 420.01 521.42 -432.52 0.74 0.98 0.23 0.75 0.42 0.31 0.62
7.00 8.22 -238.22 17.21 -281.53 -0.68 0.74 0.93 0.42 0.79 0.35 0.76
7.00 5.58 567.15 563.32 -24.04 0.89 -0.28 -0.93 0.18 0.71 0.12 0.59
7.00 0.20 -348.99 -167.52 -108.35 0.78 0.13 -0.39 0.13 0.81 0.82 0.07
8.00 20.87 -416.97 -266.78 44.37 -0.59 0.16 -0.09 0.34 0.59 0.06 0.25
11.00 9.82 60.14 187.37 -283.95 -0.69 -0.28 -0.96 0.53 0.32 0.19 0.28
8.00 3.87 -366.90 310.62 -286.14 -0.59 0.86 -0.58 0.45 0.68 0.63 0.85
11.00 6.29 22.78 599.88 -90.82 -0.77 -0.77 0.10 0.04 0.43 0.95 0.96
6.00 1.89 182.15 100.71 -361.18 0.28 -0.35 -0.71 0.40 0.73 0.25 0.18
12.00 39.42 -700.22 309.05 -131.40 0.08 0.48 -0.45 0.12 0.66 0.28 0.65
5.00 1.41 524.98 -64.50 -124.44 0.32 0.39 -0.30 0.69 0.50 0.32 0.23
8.00 18.33 -233.31 -527.86 -31.09 0.32 0.67 0.61 0.63 1.00 0.64 0.87
10.00 24.34 -468.65 -498.31 -312.93 -0.62 -0.95 -0.21 0.66 0.93 0.33 0.76
11.00 2.49 -86.07 549.92 178.36 -0.86 0.70 0.74 0.08 0.01 0.95 0.68
7.00 11.25 289.74 -75.14 148.16 0.23 0.91 -0.51 0.24 0.82 0.20 0.57
5.00 5.81 630.36 364.05 29.01 0.43 -0.27 -0.71 0.92 0.32 0.31 0.61
31.00 227.88 509.91 -362.85 157.84 -0.13 -0.05 -0.63 0.76 0.46 0.47 0.65
19.00 58.02 301.52 -154.42 -486.34 -0.87 0.11 -0.93 0.02 0.42 0.26 0.40
28.00 243.80 -177.82 -378.99 430.83 0.76 0.92 0.19 0.77 0.43 0.25 0.40
7.00 10.16 176.60 -318.90 -205.04 0.98 -0.02 -0.82 0.03 0.96 0.13 0.82
7.00 2.90 56.73 -269.52 -167.73 0.57 0.92 0.95 0.52 0.84 0.88 0.11
16.00 34.78 113.94 -347.08 597.47 -0.92 -0.90 0.63 0.97 0.02 0.02 0.92
6.00 10.31 -446.58 -112.29 228.62 0.91 0.10 0.18 0.84 0.31 0.34 0.60
9.00 13.61 -175.72 -315.24 517.25 0.49 -0.59 -0.36 0.47 0.46 0.15 0.04
8.00 0.65 374.72 -373.22 -313.02 0.42 -0.21 -0.20 0.56 0.96 0.46 0.16
28.00 238.03 -261.47 -740.49 102.03 -0.44 0.33 -0.30 0.37 0.98 0.80 0.67
22.00 122.95 369.07 106.93 145.38 0.66 -0.41 0.05 0.65 0.39 0.61 0.56
13.00 7.83 -433.54 398.74 -384.63 0.65 0.81 -0.09 0.00 0.31 0.38 0.60
6.00 5.78 -316.99 -148.23 342.82 -0.12 -0.09 0.66 0.70 0.16 0.05 0.67
21.00 63.49 138.05 722.53 18.20 0.32 0.55 0.39 0.75 0.07 0.10 0.11
9.00 20.12 303.23 -388.66 154.00 0.06 0.58 0.89 0.70 0.94 0.44 0.11
11.00 23.95 -58.43 209.04 -164.92 -0.14 0.26 -0.73 0.11 0.15 0.40 0.44
15.00 20.43 -127.80 -336.42 -449.86 -0.56 0.54 -0.09 0.66 0.97 0.47 0.66
6.00 2.98 443.95 601.40 -51.18 -0.07 -0.36 -0.48 0.13 0.80 0.58 0.13
11.00 23.69 84.47 200.31 59.21 0.36 -0.61 -0.30 0.79 0.75 0.21 0.13
11.00 23.49 -384.75 -619.27 -143.24 -0.86 0.70 0.90 0.07 0.37 0.59 0.57
25.00 11.98 200.57 -139.44 -294.64 -0.19 0.78 -0.22 0.04 0.21 0.94 0.36
13.00 4.79 -572.48 -432.60 -35.01 -0.19 0.54 -0.60 0.63 0.02 0.52 0.16
33.00 74.16 42.28 -494.05 332.58 -0.65 -0.91 -0.08 0.39 0.14 0.99 0.71
21.00 126.70 360.96 -11.20 504.38 -0.83 0.10 0.25 0.53 0.25 0.13 0.04
21.00 27.30 286.27 9.17 -746.30 0.09 0.57 -0.12 0.49 0.97 0.58 0.44
9.00 5.90 479.45 -444.27 355.61 0.40 -0.26 0.54 0.38 0.71 0.32 0.96
25.00 197.59 -13.40 -124.08 -311.36 0.09 -0.41 0.37 0.39 0.47 0.21 0.38
7.00 8.03 487.17 542.03 -98.40 0.13 -0.66 0.77 0.12 0.92 0.67 0.79
15.00 15.85 -59.72 308.12 -725.27 0.37 0.15 -0.79 0.86 0.13 0.24 0.91
13.00 24.04 343.87 -197.90 -164.18 -0.78 0.43 0.12 0.20 0.93 0.30 0.05
20.00 118.85 -78.12 171.93 620.48 0.68 0.08 -0.22 0.94 0.42 0.21 0.52
14.00 24.81 207.88 -226.80 314.80 -0.20 -0.49 -0.10 0.63 0.51 0.31 0.46
19.00 67.41 246.02 250.71 -72.89 -0.47 -0.36 -0.28 0.21 0.64 0.02 0.05
12.00 9.43 19.34 117.73 434.34 -0.46 -0.15 0.86 0.04 0.24 0.07 0.43
15.00 44.97 71.97 -222.72 -21.49 -0.64 -0.44 -0.88 0.80 0.91 0.67 0.51
12.00 27.31 118.17 495.82 -442.60 0.09 0.09 0.35 0.68 0.82 0.01 0.97
9.00 4.87 106.71 -328.01 398.05 0.62 0.76 -0.37 0.02 0.98 0.58 0.80
19.00 13.57 416.03 -220.26 530.66 0.71 0.26 0.40 0.43 0.72 0.81 0.97
14.00 61.71 -192.59 -147.92 -603.83 0.12 -0.28 -0.43 0.74 0.04 0.62 0.94
6.00 2.23 80.44 -243.77 -415.47 0.58 0.06 0.93 0.94 0.44 0.49 0.01
8.00 7.80 -98.55 -300.20 215.63 0.30 0.86 -0.73 0.81 0.68 0.67 0.06
23.00 68.48 -151.84 490.91 384.74 -0.50 -0.29 -0.22 0.29 0.35 0.78 0.64
10.00 11.94 413.53 346.09 204.20 0.10 0.68 0.02 0.09 0.20 0.14 0.80
17.00 80.82 215.94 -707.94 -221.28 0.42 -0.82 0.86 0.14 0.12 0.89 0.55
14.00 0.46 123.61 -210.75 -613.90 -0.54 0.19 -0.55 0.08 0.48 0.13 0.56
18.00 54.98 -215.79 -473.84 400.04 -0.12 0.93 -0.90 0.81 0.99 0.22 0.63
12.00 41.66 -133.06 228.85 -237.88 0.98 -0.51 0.03 0.32 0.90 0.68 0.82
10.00 19.85 -94.83 161.94 715.83 0.74 -0.96 -0.80 0.37 0.36 0.20 0.06
20.00 82.88 -486.06 -101.66 -391.73 0.98 0.07 -0.60 0.34 0.10 0.08 0.18
21.00 138.40 -670.67 -257.42 -335.04 -0.97 0.18 -0.78 0.42 0.20 0.42 0.26
10.00 10.45 -369.13 -597.39 -26.33 0.06 0.70 0.99 0.97 0.27 0.08 0.34
21.00 79.44 -219.44 514.30 487.10 -0.86 0.00 -0.49 0.61 0.47 0.85 0.70
11.00 21.39 344.35 666.79 237.90 -0.66 0.68 -0.14 0.51 0.73 0.69 0.92
26.00 94.99 -500.18 -543.83 222.38 0.97 -0.32 0.44 0.62 0.81 0.52 0.11
21.00 139.29 426.74 576.01 -153.18 -0.71 0.40 0.75 0.24 0.56 0.59 0.28
21.00 102.17 230.88 -202.67 403.49 -0.65 0.84 -0.10 0.39 0.29 0.97 0.21
5.00 6.01 721.49 -108.26 321.01 0.60 0.79 0.81 0.46 0.12 0.37 0.62
10.00 5.32 -451.45 -31.60 138.77 0.99 0.02 0.88 0.06 0.32 0.61 0.43
11.00 17.69 -599.16 -112.24 -512.00 -0.20 -0.76 -0.09 0.24 0.88 0.56 0.22
18.00 89.56 405.23 -667.39 29.16 -0.26 -0.73 -0.09 0.78 0.17 0.69 0.99
9.00 12.08 229.69 -617.68 279.18 0.61 -0.81 0.35 0.65 0.51 0.84 0.15
25.00 119.34 333.06 -534.43 55.87 -0.56 0.76 0.63 0.82 0.19 0.63 0.86
13.00 36.14 -382.23 26.51 5.88 -0.50 0.41 0.41 0.69 0.84 0.37 0.65
14.00 24.36 402.89 398.40 215.17 0.04 -0.80 0.28 0.89 0.89 0.75 0.78
11.00 24.38 86.20 -139.34 -159.61 0.30 0.06 0.22 0.42 0.82 0.21 0.38
21.00 17.71 -235.61 155.43 -660.26 -0.05 -0.16 -0.03 0.69 0.75 0.73 0.34
23.00 117.12 35.05 -419.42 208.19 0.12 -0.07 -0.45 0.33 0.15 0.92 0.13
7.00 3.58 355.88 158.61 -206.28 0.57 0.82 0.10 0.47 0.80 0.31 0.87
11.00 34.44 369.89 332.58 -525.68 -0.37 0.73 -0.23 0.75 0.01 0.68 0.84
18.00 104.88 215.06 -225.51 -583.17 -0.08 -0.63 -0.19 0.75 0.42 0.48 0.15
31.00 258.37 -148.82 -13.56 153.20 -0.63 0.61 0.81 0.31 0.45 0.33 0.07
16.00 57.30 5.88 482.68 487.28 0.97 -0.56 0.83 0.16 0.45 0.08 0.23
26.00 110.12 -255.40 -520.13 37.03 0.78 -0.80 0.41 0.68 0.49 0.80 0.12
23.00 44.05 -726.29 122.65 202.01 0.40 0.59 0.74 0.28 0.71 0.36 0.92
21.00 15.48 -285.45 152.72 -190.00 -0.61 -0.12 0.06 0.84 0.57 0.31 0.81
25.00 191.73 604.39 109.65 -171.14 -0.38 0.32 0.08 0.46 0.19 0.15 0.73
18.00 64.48 -42.65 33.05 490.44 -0.02 0.54 -0.44 0.69 0.66 0.08 0.92
9.00 20.27 -409.65 107.99 555.50 -0.72 0.02 -0.22 0.40 0.08 0.52 0.78
14.00 33.16 -650.13 141.90 -347.54 -0.98 0.76 -0.55 0.60 0.72 0.13 0.67
12.00 19.16 30.39 -460.15 191.84 0.01 0.17 0.75 0.22 0.54 0.49 0.19
17.00 79.91 141.20 -571.02 -112.08 0.69 0.46 0.39 0.61 0.46 0.50 0.66
11.00 33.20 -96.68 11.62 -740.06 -0.78 -0.12 0.11 0.82 1.00 0.28 0.89
7.00 10.02 190.41 -138.99 -208.56 0.46 0.26 -0.60 0.48 0.32 0.17 0.76
9.00 5.38 60.89 -165.79 535.05 -0.80 -0.37 0.95 0.29 0.71 0.01 0.24
14.00 40.26 68.84 -30.46 687.39 -0.63 0.92 -0.90 0.16 0.90 0.94 0.92
8.00 20.06 329.15 -464.16 286.06 0.37 -0.92 -0.77 0.24 0.85 0.72 0.85
10.00 12.89 479.10 -24.71 -16.64 -0.89 0.92 0.53 0.19 0.39 0.52 0.49
13.00 1.52 -307.59 -165.22 200.32 -0.22 -0.66 -0.40 0.78 0.32 0.28 0.37
5.00 4.17 763.33 116.37 -191.30 0.10 0.01 0.92 0.96 0.30 0.48 0.28
17.00 85.79 -442.35 -152.21 -334.60 -0.78 0.57 -0.49 0.27 0.61 0.56 0.83
12.00 40.53 -138.69 -318.68 -337.02 -0.03 -0.08 0.58 0.54 0.72 0.80 0.51
17.00 15.43 74.07 -500.32 -223.45 -0.92 -0.67 0.63 0.84 0.46 0.85 0.05
9.00 11.00 70.32 541.68 -459.40 -0.90 0.30 -0.54 0.89 0.12 0.61 0.14
7.00 10.24 -186.67 -587.17 -419.61 -0.03 -0.76 0.90 0.13 0.14 0.22 0.62
17.00 54.47 612.13 -446.56 227.21 -0.41 -0.12 0.26 0.26 0.61 0.50 0.10
14.00 47.65 -291.74 525.13 -162.49 0.40 0.17 -0.93 0.37 0.35 0.25 0.15
12.00 45.19 -167.13 -357.94 -406.47 -0.33 0.56 0.92 0.01 0.09 0.73 0.38
11.00 1.62 -90.16 269.13 -519.44 0.57 0.98 0.01 0.14 0.06 0.05 0.26
29.00 207.79 -208.86 681.17 -295.67 -0.08 -0.89 -0.79 0.70 0.88 0.24 0.20
10.00 15.23 -588.43 21.23 -142.69 0.37 -0.76 -0.18 0.84 0.03 0.80 0.42
16.00 7.17 148.70 511.42 -170.05 0.46 0.10 0.11 0.77 0.83 0.19 0.45
35.00 308.63 -293.05 302.19 155.38 -0.99 -0.96 -0.80 0.78 0.26 0.04 0.61
9.00 18.00 -361.08 343.90 -315.88 -0.36 0.68 0.60 0.92 0.98 0.17 0.76
14.00 61.73 -271.54 47.22 39.59 0.39 -0.26 -0.88 0.46 0.99 0.67 0.18
26.00 155.21 -202.13 19.83 -689.90 0.81 -0.36 0.69 0.53 0.89 0.99 0.62
38.00 31.00 329.56 95.72 -226.18 0.37 -0.03 0.20 0.88 0.88 0.36 0.05
28.00 74.79 73.52 464.08 -196.06 -0.80 -0.05 0.28 0.86 0.66 0.03 0.06
13.00 20.06 109.19 -312.15 235.41 -0.13 0.80 0.25 0.64 0.51 0.68 0.37
26.00 79.94 172.10 630.11 -153.39 0.22 -0.06 0.39 0.36 0.15 0.71 0.63
5.00 4.30 330.81 -37.03 325.30 -0.56 -0.97 -0.94 0.78 0.89 0.43 0.04
21.00 37.78 -329.42 262.47 -220.47 0.29 -0.48 0.41 0.04 0.22 0.22 0.81
15.00 54.10 376.29 -406.25 46.45 0.19 0.47 0.89 0.60 0.05 0.47 0.55
27.00 121.65 -359.99 -33.06 -696.81 -0.74 0.46 0.68 0.51 0.17 0.17 0.70
10.00 21.48 34.79 -313.03 233.70 -0.04 0.22 -0.51 0.63 0.68 0.98 0.04
23.00 153.14 -80.49 9.81 568.89 0.31 -0.92 -0.65 0.51 0.97 0.19 0.41
10.00 14.30 -499.39 -501.81 360.81 -0.94 0.39 -0.45 0.96 0.88 0.30 0.09
7.00 0.51 178.64 45.16 326.30 0.43 -0.27 -0.87 0.50 0.90 0.01 0.27
18.00 105.31 672.72 388.33 -59.08 0.11 -0.68 -0.22 0.28 0.28 0.57 0.90
15.00 3.59 -203.82 278.64 -522.25 0.44 0.26 -0.99 0.67 0.14 0.55 0.53
24.00 131.83 -438.36 -544.42 93.38 0.50 -0.87 -0.13 0.40 0.65 0.29 0.40
14.00 12.86 -80.87 274.61 -24.48 0.12 -0.15 0.78 0.08 0.54 0.40 0.22
14.00 60.64 223.86 280.71 632.75 -0.58 -0.47 -0.43 0.30 0.29 0.54 0.21
7.00 12.95 -605.81 -325.27 -264.53 -0.37 -0.75 -0.35 0.32 0.04 0.38 0.47
12.00 5.67 -110.47 -647.40 215.16 0.28 -0.62 0.83 0.07 0.59 0.96 0.20
9.00 11.68 -458.02 -623.98 -148.02 0.45 -0.52 -0.07 0.87 0.38 0.89 0.24
26.00 18.93 38.61 -696.33 295.87 -0.69 0.76 0.01 0.37 0.69 0.06 0.34
19.00 63.67 -125.49 325.11 713.49 -0.08 0.79 -0.07 0.79 0.46 0.30 0.98
8.00 14.32 414.20 291.58 37.51 -0.58 -0.31 -0.07 0.24 0.17 0.33 0.46
16.00 8.33 -266.10 236.55 516.79 0.76 -0.28 0.13 0.37 0.46 0.39 0.63
25.00 62.82 -167.19 450.79 54.20 0.70 0.98 -0.01 0.94 0.00 0.28 0.22
7.00 11.98 708.89 78.86 -240.46 0.63 0.19 0.12 0.87 0.80 0.26 0.19
9.00 8.52 587.55 -187.71 -136.23 -0.94 0.51 0.34 0.22 0.18 0.73 0.32
10.00 17.52 -372.46 80.33 -252.07 0.83 -0.36 -0.51 0.18 0.27 0.32 0.90
7.00 0.04 -131.56 -163.18 -314.91 -0.56 0.04 -0.36 0.85 0.97 0.50 0.49
9.00 15.57 -120.29 722.61 -30.31 -0.52 -0.33 -0.45 0.59 0.63 0.95 0.15
38.00 317.27 -290.41 -210.27 -158.57 -0.62 -0.28 0.96 0.37 0.03 0.33 0.66
16.00 53.73 107.51 34.74 -760.90 -0.78 -0.36 -0.88 0.43 0.73 0.69 0.54
12.00 9.53 343.75 457.76 -541.68 -0.77 0.62 0.11 0.11 0.11 0.57 0.84
9.00 1.05 88.51 -6.73 -786.85 0.11 0.08 -0.17 0.35 0.16 0.07 0.71
30.00 229.69 -503.82 -118.50 61.75 -0.91 0.62 -0.83 0.15 0.80 0.31 0.47
5.00 7.11 172.37 364.63 385.48 0.12 0.13 0.01 0.40 0.34 0.11 0.47
16.00 57.47 -205.41 -272.52 -201.12 0.03 -0.03 0.40 0.32 0.26 0.34 0.78
6.00 3.66 361.32 -692.46 -111.20 0.71 0.60 0.68 0.48 0.03 0.49 0.05
14.00 12.96 22.88 -255.56 469.05 -0.86 0.93 -0.54 0.70 0.51 0.62 0.54
22.00 20.00 223.19 -69.59 -287.40 -0.36 0.25 0.48 0.85 0.95 0.00 0.25
32.00 67.98 544.99 -101.50 456.14 -0.32 -0.49 0.42 0.65 0.52 0.38 0.09
17.00 16.17 607.14 -259.65 -418.40 0.04 -0.41 -0.30 0.14 0.05 0.66 0.83
22.00 105.10 52.67 -238.19 -352.88 0.77 -0.49 -0.98 0.92 0.06 0.60 0.77
6.00 11.70 -390.77 -632.98 -290.23 0.75 0.97 0.22 0.28 0.38 0.95 0.30
12.00 13.40 261.58 46.14 55.20 -0.94 -0.47 -0.62 0.13 0.13 0.12 0.91
8.00 20.17 -210.56 -216.65 -460.24 0.68 -0.85 -0.03 0.93 0.78 0.43 0.60
19.00 103.03 569.99 73.78 308.51 -0.57 -0.51 -0.13 0.54 0.64 0.09 0.44
8.00 6.04 250.12 -352.08 550.92 -0.99 0.40 0.04 0.56 0.06 0.70 0.75
8.00 12.74 -32.76 186.56 -252.86 0.93 -0.62 -0.11 0.74 0.25 0.18 0.89
14.00 20.38 392.86 481.35 -472.95 -0.32 -0.79 -0.66 0.76 0.53 0.35 0.93
5.00 3.27 175.06 -374.28 -406.04 0.76 -0.27 -0.25 0.12 0.26 0.48 0.47
8.00 16.03 -264.97 277.25 466.88 -0.17 -0.81 0.35 0.69 0.61 0.08 0.66
9.00 15.47 -150.23 -40.88 -428.52 -0.80 0.39 -0.38 0.48 0.08 0.18 0.29
11.00 18.77 -361.52 -616.71 123.77 0.32 -0.18 -0.49 0.64 0.56 0.19 0.24
18.00 23.90 -259.99 -635.81 278.76 -0.07 -0.91 -0.62 0.08 0.32 0.27 0.79
8.00 6.68 -539.46 -396.95 -31.61 0.85 0.73 -0.66 0.57 0.29 0.33 0.19
6.00 9.36 -288.62 -186.45 470.96 -0.57 0.57 0.54 0.53 0.26 0.49 0.42
17.00 41.94 58.36 417.85 -227.36 -0.51 -0.35 -0.12 0.65 0.28 0.78 0.42
6.00 0.77 536.84 382.81 -9.66 0.35 0.03 -0.55 0.03 0.45 0.03 0.47
24.00 48.03 -689.09 116.70 376.82 -0.03 -0.72 -0.89 0.07 0.46 0.21 0.64
5.00 2.42 19.51 -524.24 270.18 0.01 -0.77 0.40 0.65 0.87 0.93 0.58
7.00 2.91 114.25 451.65 -556.38 -0.53 0.14 0.32 0.90 0.85 0.91 0.12
21.00 80.82 329.16 -460.19 -257.04 -0.47 -0.13 -0.49 0.22 0.84 0.40 0.09
6.00 7.03 -223.09 746.26 174.93 0.52 0.24 -0.29 0.50 0.16 0.88 0.47
5.00 2.28 160.95 65.51 664.18 -0.23 -0.39 0.23 0.85 0.22 0.02 0.04
9.00 4.08 -323.68 49.62 296.19 -0.23 -0.19 -0.30 0.28 0.18 0.18 0.15
10.00 11.18 267.43 -447.27 198.07 0.88 0.92 -0.68 0.26 0.81 0.09 0.94
27.00 26.96 152.95 579.40 -274.78 0.22 0.21 -0.33 0.20 0.76 0.71 0.81
29.00 226.36 -166.20 470.81 -55.93 -0.96 -0.41 0.38 0.33 0.32 0.68 0.79
16.00 8.12 -523.17 -70.74 -97.11 0.50 0.51 0.76 0.91 0.34 0.31 0.37
6.00 0.50 -651.36 293.28 -115.28 0.07 -0.62 -0.68 0.27 0.49 0.16 0.56
15.00 71.03 -50.71 699.97 -214.39 -0.39 -0.89 0.96 0.44 0.16 0.44 0.44
16.00 66.23 220.26 425.58 181.82 0.26 0.36 -0.33 0.94 0.51 0.64 0.61
7.00 13.82 -239.87 155.31 382.25 -0.70 -0.81 -0.75 0.75 0.68 0.45 0.88
7.00 14.98 279.95 -65.92 -67.42 0.15 0.83 -0.01 0.81 0.37 0.17 0.97
14.00 47.45 -270.02 33.06 115.95 -0.20 0.28 0.82 0.36 0.71 0.25 0.41
13.00 41.49 299.38 359.10 14.19 0.10 -0.58 -0.39 0.41 0.98 0.59 0.93
26.00 172.71 388.24 205.84 -157.64 -0.17 0.17 -0.29 0.04 0.02 0.56 0.46
8.00 20.12 -96.13 -384.91 -100.29 0.94 -0.01 0.80 0.68 0.28 0.04 0.28
14.00 53.25 -86.21 -436.46 -304.78 0.15 0.01 0.57 0.35 0.24 0.12 0.60
20.00 88.25 282.87 46.94 84.99 -0.56 0.07 -0.80 0.65 0.62 0.32 0.71
5.00 7.81 -569.00 450.14 6.39 -0.22 0.87 -0.22 0.29 0.60 0.74 0.28
37.00 283.90 -141.85 -111.62 -567.18 -0.55 -0.86 -0.17 0.16 0.11 0.36 0.08
8.00 14.51 571.48 -63.29 -258.19 -0.03 -0.71 0.20 0.56 0.04 0.43 0.45
8.00 16.90 -9.61 -287.01 196.51 0.90 0.37 -0.13 0.03 0.98 0.84 0.07
9.00 12.89 576.66 -421.10 -343.99 0.56 -0.94 0.96 0.34 0.57 0.35 0.40
5.00 6.55 354.08 484.62 -41.74 0.07 -0.68 0.78 0.72 0.26 0.74 0.20
15.00 24.28 723.09 231.06 188.94 0.09 0.55 -0.72 0.62 0.86 0.75 0.57
9.00 25.99 588.26 95.21 199.13 0.21 -0.12 0.34 0.59 0.16 0.28 0.01
17.00 0.11 -46.31 522.10 -223.81 0.86 0.24 0.97 0.79 0.14 0.33 0.68
10.00 9.59 -538.87 -348.34 109.46 -0.38 -0.44 0.06 0.54 0.53 0.85 0.22
20.00 67.64 -304.31 36.99 -58.96 0.08 0.27 -0.60 0.56 0.38 0.64 0.33
10.00 6.93 346.95 -36.81 -435.62 0.14 0.97 0.50 0.32 0.74 0.97 0.62
7.00 1.27 -39.95 226.66 -256.85 0.21 0.41 -0.03 0.20 0.83 0.48 0.05
11.00 39.19 464.34 -277.70 326.57 -0.19 0.15 -0.07 0.32 0.94 0.38 0.18
6.00 1.31 -150.69 -310.74 -207.06 0.10 0.86 -0.35 0.79 0.48 0.47 0.28
6.00 7.87 -237.40 742.17 50.79 -0.86 0.66 -0.92 0.08 0.15 0.94 0.22
13.00 47.35 -293.58 -178.95 530.39 -0.40 0.62 0.17 0.28 0.78 0.51 0.50
16.00 31.82 -553.17 -287.17 -484.44 0.83 -0.48 0.11 0.58 0.23 0.86 0.32
12.00 36.93 -297.76 -203.90 389.62 0.35 -0.35 0.87 0.48 0.51 0.05 0.52
22.00 92.56 262.83 -230.52 621.84 0.46 0.61 -0.63 0.40 0.67 0.52 0.71
19.00 52.33 -9.52 -445.79 399.40 -0.20 -0.71 0.75 0.65 0.06 0.84 0.98
6.00 11.07 -151.59 -485.85 294.93 -0.63 -0.91 -0.07 0.75 0.08 0.88 0.39
16.00 5.58 411.75 59.56 -681.75 -0.92 -0.95 -0.52 0.81 0.82 0.43 0.83
5.00 3.73 -1.08 -645.61 -24.00 -0.36 -0.71 -0.19 0.61 0.51 1.00 0.57
10.00 4.09 469.20 -379.91 -93.91 -0.59 0.66 -0.04 0.73 0.58 0.45 0.21
10.00 10.80 325.09 498.56 327.93 0.74 0.74 -0.89 0.23 0.32 0.74 0.37
38.00 9.36 -102.00 -249.80 251.84 0.72 -0.13 0.24 0.67 0.48 0.54 0.97
5.00 5.13 -154.93 -343.50 -31.01 0.77 0.97 0.22 0.01 0.41 0.84 0.98
6.00 8.52 261.92 640.04 267.14 0.81 -0.82 -0.82 0.32 0.63 0.59 0.06
6.00 3.97 -39.37 786.81 45.25 0.61 0.77 -0.53 0.88 0.26 0.26 0.13
5.00 1.00 104.60 -453.79 -58.12 -0.30 -0.72 0.43 0.79 0.55 0.20 0.96
18.00 93.14 -542.84 231.67 118.68 -0.48 0.58 0.50 0.09 0.24 0.31 0.05
15.00 5.82 227.93 -275.70 -306.80 -0.02 -0.63 0.56 0.12 0.23 0.62 0.94
5.00 7.74 233.31 389.96 -624.05 0.00 -0.51 -0.07 0.33 0.09 0.74 0.17
6.00 3.16 284.85 636.73 249.03 -0.70 0.03 -0.18 0.90 0.88 0.99 0.60
12.00 6.70 205.53 -511.43 -375.97 0.41 0.30 -0.50 0.69 0.60 0.91 0.44
29.00 235.09 -432.80 487.84 -308.81 0.46 -0.25 -0.28 0.39 0.40 0.57 0.45
8.00 19.63 465.60 -308.49 527.23 0.33 -0.36 -0.62 0.23 0.51 0.06 0.52
23.00 89.91 -140.07 489.43 99.06 -0.43 -0.09 -0.21 0.47 0.62 0.08 0.34
15.00 5.22 431.02 -57.31 200.08 0.61 -0.36 -0.55 0.98 0.38 0.18 0.41
5.00 3.03 -264.90 590.77 211.94 0.71 0.41 -0.87 0.69 0.94 0.60 0.48
22.00 23.58 -94.69 318.94 -243.94 -0.69 0.98 -0.51 0.60 0.77 0.12 0.67
32.00 321.64 -326.05 644.47 -132.00 -0.68 -0.82 -0.08 0.13 0.53 0.00 0.96
24.00 178.74 -42.89 -296.65 519.12 -0.05 -0.33 -0.39 0.77 0.83 0.32 0.23
5.00 7.31 -249.33 529.74 346.67 -0.40 0.77 0.42 0.44 0.13 0.63 0.56
20.00 94.87 321.73 146.53 493.52 -0.61 0.62 0.19 0.83 0.40 0.70 0.15
9.00 0.11 385.73 585.13 168.99 0.30 0.76 0.03 0.07 0.22 0.58 0.37
11.00 15.24 -624.95 410.45 131.36 -0.74 -0.40 -0.80 0.61 0.97 0.08 0.42
11.00 30.73 -376.46 -71.12 191.78 0.98 -0.64 0.52 0.31 0.60 0.02 0.82
6.00 2.27 155.79 -457.78 -162.01 0.89 0.70 -0.40 0.39 0.92 0.68 0.52
16.00 64.06 705.22 -339.78 157.88 0.94 -0.05 0.41 0.90 0.32 0.20 0.01
11.00 21.84 283.21 -700.98 -47.38 -0.62 0.74 0.17 0.99 1.00 0.70 0.98
27.00 92.13 499.68 -570.83 -171.88 -0.97 0.22 -0.56 0.63 0.15 0.13 0.27
18.00 98.94 -62.40 86.69 -297.43 0.26 -0.53 0.75 0.58 0.07 0.08 0.72
13.00 49.91 153.84 227.17 470.28 0.24 0.35 -0.83 0.60 0.84 0.22 0.41
16.00 38.58 417.11 165.42 -347.03 -0.77 0.59 -0.14 0.47 0.84 0.73 0.13
6.00 1.82 -533.48 477.53 241.88 -0.10 -0.88 -0.33 0.65 0.26 0.20 0.12
5.00 7.23 -103.49 611.70 396.92 -0.12 -0.65 0.39 0.34 0.69 0.20 0.11
6.00 2.10 -88.96 -209.58 660.17 0.57 -0.38 0.01 0.83 0.80 0.15 0.51
5.00 4.93 450.70 -514.04 309.56 -0.60 -0.41 -0.60 0.46 0.55 0.67 0.07
8.00 17.79 -264.54 158.73 106.25 -0.37 0.92 -0.54 0.18 0.95 0.96 0.62
15.00 1.91 -600.13 -160.04 393.23 0.56 -0.10 0.22 0.99 0.67 0.70 0.56
5.00 4.27 -197.31 -150.95 -188.85 0.48 0.97 0.12 0.43 0.84 0.55 0.54
5.00 5.02 -347.32 -654.79 84.73 -1.00 -0.15 -0.46 0.36 0.17 0.64 0.36
6.00 8.53 -551.99 -60.98 518.15 0.75 0.91 0.42 0.37 0.38 0.99 0.14
7.00 8.39 -248.88 529.42 -181.06 0.09 0.08 -0.81 0.96 0.94 0.70 0.51
8.00 14.85 -257.86 -473.54 260.69 0.05 -0.50 -0.89 0.14 0.90 0.64 0.32
11.00 10.44 -580.68 -256.14 -142.51 -0.15 -0.54 -0.82 0.40 0.87 0.27 0.68
8.00 10.89 -70.90 671.14 -153.54 0.27 -0.39 0.20 0.16 0.32 0.64 0.27
10.00 5.88 -264.89 -52.91 -697.27 0.69 0.43 0.62 0.93 0.15 0.35 0.52
37.00 250.36 -474.26 -602.49 -37.63 -0.45 0.27 -1.00 0.36 0.62 0.83 0.16
8.00 12.30 -99.05 9.69 466.78 -0.67 -0.44 -0.49 0.14 0.03 0.84 0.87
16.00 0.97 245.53 -491.38 -405.01 -0.28 0.49 0.22 0.16 0.39 0.88 0.76
7.00 1.46 -279.04 638.52 391.89 0.65 0.46 -0.27 0.82 0.18 0.79 0.20
13.00 28.69 208.02 201.98 27.17 0.78 -0.41 -0.65 0.40 0.50 0.39 0.34
21.00 82.39 146.93 -88.53 -767.10 0.80 -0.65 0.15 0.21 0.85 0.47 0.62
8.00 12.97 -71.17 -31.85 -764.15 -0.20 0.60 0.26 0.44 0.60 0.87 0.82
8.00 19.25 160.70 -251.93 451.66 0.29 -0.30 0.45 0.93 0.66 0.68 0.36
13.00 40.62 -87.85 -418.56 484.61 0.68 -0.72 0.76 0.21 0.52 0.76 0.05
11.00 0.69 -12.74 -56.63 311.19 0.39 0.74 -0.77 0.11 0.26 0.30 0.12
14.00 47.84 243.85 64.06 288.88 0.86 0.83 -0.73 0.93 0.95 0.74 0.52
9.00 4.97 394.12 -182.77 -25.25 -0.17 0.89 -0.68 0.84 0.65 0.22 0.50
20.00 8.98 -220.44 -676.08 -255.90 -0.20 -0.44 0.60 0.54 0.46 0.85 0.40
12.00 13.24 -83.67 -78.51 -119.04 -0.01 -0.43 0.43 0.32 0.67 0.79 0.76
14.00 29.49 -329.46 -628.44 16.52 0.02 0.00 -0.99 0.22 0.34 0.41 0.25
17.00 39.49 -254.87 232.15 -613.53 0.09 -0.21 -0.10 0.09 0.80 0.56 0.03
11.00 13.78 -174.81 -426.03 32.35 0.49 0.05 -0.55 0.91 0.58 0.22 0.42
17.00 65.54 -318.80 468.33 283.15 -0.57 0.60 -0.66 0.36 0.24 0.99 0.95
15.00 69.16 24.83 -566.41 -552.81 -0.22 0.91 -0.54 0.72 0.28 0.30 0.45
17.00 47.68 -181.57 -464.16 125.40 0.69 0.96 -0.25 0.41 0.30 0.13 0.73
29.00 257.07 172.89 -497.89 436.09 0.76 -0.75 0.03 0.20 0.84 0.46 0.41
5.00 0.05 161.02 570.82 -498.80 0.56 -0.73 0.79 0.43 0.34 0.84 0.83
7.00 7.70 496.71 -50.41 442.78 -0.60 -0.51 -0.48 0.18 0.41 0.41 0.99
8.00 5.76 -179.83 446.09 255.95 -0.81 0.40 0.53 0.30 0.36 0.22 0.81
17.00 18.88 -354.85 -428.39 425.97 0.61 0.71 0.45 0.10 0.39 0.87 0.49
8.00 19.63 -89.58 109.23 210.65 -0.66 -0.85 0.31 0.64 0.18 0.52 0.28
16.00 77.41 -232.21 453.80 186.30 -0.58 -0.44 -0.45 0.77 0.61 0.02 0.94
18.00 36.15 -388.54 -105.62 356.20 0.31 0.71 0.27 0.66 0.86 0.62 0.24
14.00 7.52 -518.71 -258.07 102.47 -0.11 -0.66 -0.42 0.05 0.22 0.04 0.03
13.00 18.29 -329.56 239.12 329.62 0.63 0.30 -0.59 0.23 0.47 0.70 0.75
35.00 386.70 328.93 -587.32 -64.77 0.36 -0.55 -0.16 0.27 0.40 0.96 0.25
21.00 21.44 -351.36 254.66 408.28 0.94 0.26 0.01 0.91 0.84 0.21 0.21
21.00 129.00 -529.27 27.71 327.88 -0.21 0.98 0.16 0.59 0.70 0.05 0.46
18.00 18.01 -88.13 443.15 -436.43 -0.51 -0.28 -0.81 0.75 0.07 0.09 0.87
9.00 16.82 -9.80 -197.37 69.44 0.80 -0.29 0.23 0.22 0.53 0.63 1.00
8.00 15.06 220.01 202.19 684.05 0.20 -0.42 0.90 0.10 0.91 0.52 0.34
13.00 13.08 96.98 -444.27 -8.73 0.18 -0.45 -0.06 0.13 0.11 0.57 0.72
36.00 132.87 96.71 353.94 -168.89 -0.01 0.85 0.85 0.35 0.35 0.02 0.17
9.00 9.52 -311.38 -522.12 -518.01 0.98 0.09 0.14 0.22 0.95 0.82 0.40
15.00 2.22 -382.39 -66.83 376.30 0.69 0.54 -0.77 0.01 0.79 0.16 0.10
5.00 6.56 -532.14 -52.82 349.36 0.86 -0.90 0.08 0.99 0.37 0.69 0.84
16.00 77.67 315.20 -188.82 303.06 -0.11 0.78 -0.67 0.95 0.93 0.78 0.37
9.00 12.21 -121.05 577.93 -236.67 -0.02 -0.68 0.04 0.62 0.27 0.74 0.15
16.00 51.77 40.10 -167.71 377.20 0.57 0.31 -0.23 0.68 0.48 0.46 0.71
5.00 6.02 -405.14 -302.07 -399.27 -0.14 0.62 0.19 0.82 0.02 0.65 0.81
16.00 47.92 -568.92 387.16 -352.01 0.01 0.36 -0.50 0.04 0.88 0.14 0.86
12.00 22.07 234.56 252.23 -583.11 -0.27 0.71 0.80 0.87 0.47 0.41 0.66
5.00 4.51 -126.76 -454.57 -484.74 0.22 -0.47 -0.95 0.24 0.68 0.01 0.34
12.00 30.47 -537.10 -380.75 215.93 0.27 -0.36 -0.67 0.88 0.24 0.40 0.51
29.00 41.18 -436.02 -102.75 -624.55 -0.49 -0.28 0.94 0.36 0.16 0.76 0.35
18.00 56.35 268.22 329.41 -378.62 0.02 0.72 -0.56 0.65 0.80 0.08 0.97
16.00 26.05 -747.65 224.62 -57.18 -0.34 -0.30 -0.05 0.11 0.65 0.43 0.57
6.00 8.83 69.13 -189.22 -342.69 0.33 -0.83 0.84 0.77 0.72 0.65 0.14
7.00 12.39 -26.92 -359.40 -680.72 -0.99 -0.29 0.78 0.05 0.16 0.21 0.44
12.00 15.53 157.91 289.55 -412.25 -0.87 0.95 0.77 0.61 0.51 0.47 0.59
7.00 1.25 34.15 -419.11 616.11 0.03 0.55 -0.96 0.80 0.15 0.24 0.60
6.00 2.29 132.93 560.21 234.68 -0.19 0.45 -0.71 0.80 0.34 0.17 0.07
10.00 5.01 -32.60 -139.88 347.50 0.84 0.86 0.66 0.99 0.97 0.57 0.02
9.00 24.13 232.78 -427.91 264.51 0.33 0.62 -0.76 0.74 0.68 0.94 0.04
11.00 25.44 -126.32 151.95 -113.01 0.90 -0.03 -0.33 0.04 0.12 0.22 0.39
9.00 21.01 156.35 456.48 -613.30 -0.31 0.73 0.05 0.83 0.40 0.69 0.40
7.00 6.95 -200.31 -437.53 406.04 0.14 0.26 -1.00 0.17 0.33 0.97 0.10
12.00 41.26 586.39 -133.68 391.43 -0.24 0.53 0.03 0.51 0.56 0.10 0.62
12.00 26.06 510.75 584.21 99.19 0.55 0.17 0.91 0.53 0.26 1.00 0.30
5.00 4.34 450.46 -192.70 -432.00 0.36 0.75 0.49 0.49 0.69 0.72 0.16
5.00 1.42 -561.31 244.15 -147.19 0.93 0.60 0.01 0.93 0.05 0.89 0.75
7.00 5.55 160.14 -30.32 769.95 0.78 0.93 0.87 0.66 0.35 0.51 0.45
9.00 18.61 -30.37 226.57 596.65 -0.32 -0.25 0.03 0.53 0.73 0.25 0.30
6.00 10.63 507.10 121.59 397.35 -0.31 -0.00 0.95 0.09 0.81 0.58 0.44
29.00 132.83 322.07 -616.64 -333.41 0.64 0.12 -0.23 0.66 0.92 0.67 0.88
6.00 1.80 65.51 733.78 142.40 -0.07 -0.40 -0.63 0.28 0.97 0.02 0.13
18.00 41.11 233.23 379.01 -561.06 0.79 -0.08 -0.94 0.90 0.75 0.67 0.21
31.00 217.33 -537.49 250.56 516.05 -0.27 -0.24 -0.77 0.80 0.11 0.22 0.60
8.00 8.88 412.48 -173.37 497.04 0.15 -0.99 -0.39 0.36 0.52 0.12 0.96
20.00 108.09 483.37 386.25 -1.85 -0.61 0.70 -0.55 0.16 0.57 0.61 0.77
11.00 0.40 -357.18 -680.27 -70.49 0.83 -0.21 -0.02 0.31 0.92 0.53 0.18
18.00 20.03 72.60 46.95 415.08 0.84 0.89 -0.99 0.23 0.76 0.87 0.08
5.00 7.46 -154.55 662.63 310.17 0.53 -0.83 0.86 0.01 0.29 0.49 0.62
18.00 70.50 547.25 -195.57 -1.19 0.55 0.76 -0.98 0.25 0.20 0.65 0.16
5.00 7.27 -265.64 -587.36 -282.69 0.53 -0.66 -0.88 0.62 0.59 0.82 0.12
12.00 35.98 388.59 -102.31 5.30 -0.62 0.38 0.61 0.38 0.98 0.88 0.51
5.00 4.57 494.12 41.77 -265.18 0.96 0.32 -0.96 0.24 0.12 0.26 0.57
15.00 23.49 -554.01 144.96 70.30 0.13 -0.43 -0.98 0.02 0.20 0.87 0.61
17.00 71.63 -571.31 242.71 -475.86 0.38 0.26 0.08 0.11 0.12 0.13 0.28
7.00 14.65 408.13 384.23 -339.73 -0.91 0.98 0.72 0.07 0.81 0.23 0.16
16.00 27.43 224.60 -459.13 147.18 -0.10 0.14 0.13 0.76 0.59 0.83 0.63
12.00 17.46 -196.37 -174.93 574.88 0.78 -0.11 -0.67 0.94 0.97 0.34 0.07
18.00 7.65 -243.05 -632.71 146.77 -0.35 -0.60 -0.43 0.45 0.43 0.74 0.93