4.89 899
33.00 92.87 -263.79 -106.18 -332.67 -0.49 0.73 0.29 0.39 0.85 0.23 0.25
20.00 5.56 494.32 3.08 -186.02 0.59 -0.14 0.19 0.64 0.96 0.06 0.18
6.00 8.43 688.43 -99.48 -141.79 0.98 -0.75 -0.19 0.30 0.28 0.63 0.68
7.00 10.49 -430.25 191.13 -543.95 -0.79 -0.97 0.18 0.98 0.31 0.68 0.25
18.00 61.26 -465.07 103.14 222.19 -0.36 0.95 -0.76 0.64 0.65 0.02 0.31
10.00 30.43 -393.31 -580.50 -343.35 0.66 -0.92 0.51 0.64 0.28 0.10 0.78
7.00 12.03 -317.26 500.62 383.22 -0.60 0.21 0.05 0.02 0.12 0.98 0.95
26.00 184.15 130.07 -359.89 -691.50 -0.02 -0.32 0.06 0.63 0.70 0.37 0.42
5.00 7.15 92.71 -221.25 22.55 0.45 0.02 -0.50 0.91 0.46 0.53 0.33
5.00 1.09 19.40 -175.77 -79.18 0.98 -0.18 0.24 0.97 0.99 0.33 0.37
29.00 51.71 -274.90 457.04 -238.89 0.73 0.18 0.22 0.61 0.75 0.36 0.58
12.00 30.14 309.68 -126.54 31.81 -0.47 -0.91 0.59 0.53 0.16 0.36 0.89
19.00 1.55 662.75 -135.71 -419.04 0.88 0.85 0.72 0.22 0.41 0.01 0.42
8.00 20.20 -354.59 494.93 -186.24 -0.75 0.41 0.58 0.26 0.06 0.85 0.66
5.00 6.06 118.00 -444.06 -280.21 -0.06 0.72 -0.18 0.97 0.27 0.80 0.20
10.00 21.05 -375.60 666.34 37.10 -0.64 0.07 0.06 0.21 0.80 0.39 0.29
6.00 8.98 -338.76 -524.65 473.45 0.38 0.23 -0.94 0.13 0.33 0.41 0.78
18.00 102.33 -118.11 537.04 -91.58 0.78 0.27 -0.03 0.16 0.94 0.99 0.11
9.00 7.11 -445.76 362.79 468.88 -0.55 -0.99 0.58 0.78 0.00 0.26 0.99
31.00 263.58 276.87 -77.93 524.79 -0.63 0.73 0.02 0.50 0.15 0.88 0.57
5.00 2.35 -417.01 648.98 -46.73 0.89 -0.71 0.08 0.37 0.00 0.79 0.61
5.00 0.59 306.95 -440.25 -140.11 0.17 0.46 0.61 0.35 0.13 0.28 0.68
7.00 11.86 477.52 355.12 376.27 -0.53 -0.50 0.43 0.39 0.45 0.19 0.51
10.00 13.83 449.99 -596.61 27.61 0.27 0.37 -0.20 0.30 0.94 0.91 0.54
5.00 4.73 -95.68 36.56 -6.28 -0.93 -0.55 -0.86 0.83 0.26 0.87 0.30
14.00 7.79 -295.78 178.57 -233.06 -0.33 0.05 -0.55 0.27 0.73 0.52 0.66
6.00 11.63 559.67 241.27 313.55 -0.17 0.60 0.73 0.56 0.78 0.25 0.93
28.00 69.64 -253.62 633.17 345.30 0.76 0.14 0.18 0.48 0.65 0.30 0.32
25.00 156.16 -292.76 -168.85 -668.98 0.51 -0.51 -0.53 0.08 0.43 0.18 0.66
11.00 21.69 576.48 -28.15 213.54 -0.22 0.54 -0.78 0.61 0.45 0.08 0.74
19.00 114.39 323.70 -439.07 382.72 0.57 0.62 -0.75 0.50 0.67 0.53 0.59
8.00 19.94 381.51 489.92 53.28 -0.27 0.70 -0.84 0.67 0.30 0.52 0.27
26.00 91.71 56.68 -176.87 688.84 -0.53 -0.04 -0.08 0.98 0.98 0.42 0.99
8.00 12.02 80.71 83.10 425.05 -0.14 0.73 -0.80 0.66 0.81 0.73 0.48
8.00 14.13 -398.60 -174.98 383.80 -0.35 0.42 0.95 0.44 0.18 0.16 0.42
10.00 2.44 504.31 548.47 -139.13 0.81 -0.41 0.77 0.57 0.44 0.53 0.60
5.00 0.73 -166.17 196.54 3.68 0.06 -0.21 0.48 0.47 0.47 0.03 0.21
9.00 17.12 -137.37 -704.08 -4.13 0.08 -1.00 -1.00 0.75 0.43 0.33 0.66
6.00 7.70 335.99 -299.16 -450.49 0.17 -0.34 -0.54 0.75 0.71 0.30 0.74
21.00 87.05 274.18 637.64 44.95 0.17 0.14 -0.94 0.32 0.40 0.86 0.76
17.00 55.70 -134.01 -471.35 427.00 -0.55 -0.72 0.05 0.89 0.92 0.08 0.44
17.00 81.58 68.66 -706.63 -236.09 -0.47 -0.08 0.80 0.58 0.21 0.39 0.97
39.00 264.08 -42.75 185.78 101.79 -0.19 -0.93 0.34 0.51 0.39 0.45 0.67
11.00 34.74 27.24 -279.56 453.00 -0.40 -0.97 0.53 0.35 0.11 0.61 0.34
18.00 92.64 172.53 336.18 161.42 0.85 0.49 -0.70 0.59 0.74 0.78 0.72
26.00 71.99 338.15 -7.43 404.72 0.72 0.32 -0.44 0.18 0.27 0.00 0.32
17.00 65.98 492.89 63.30 -242.04 0.45 0.23 -0.87 0.59 0.50 0.60 0.39
23.00 166.40 14.48 11.09 -190.03 -0.43 -0.24 0.80 0.44 0.44 0.78 0.12
25.00 15.98 125.66 71.94 758.48 0.17 -0.08 0.58 0.30 0.29 0.96 0.42
34.00 369.40 -173.27 108.65 183.25 -0.73 -0.16 0.87 0.77 0.12 0.16 0.63
8.00 0.66 -46.29 -409.49 -520.38 -0.32 0.32 -0.91 0.55 0.73 0.75 0.03
22.00 122.98 270.18 -436.99 -358.48 0.30 0.32 0.36 0.98 0.90 0.15 0.01
5.00 1.83 160.92 505.01 157.45 -0.15 0.44 0.90 0.70 0.58 0.86 0.53
7.00 3.81 268.34 -630.22 307.18 0.15 0.60 -0.70 0.56 0.26 0.35 0.87
15.00 50.63 -505.52 -237.69 17.30 -0.67 -0.19 -0.45 0.81 0.13 0.59 0.73
14.00 62.26 -119.28 -475.48 -140.24 0.57 -0.68 -0.33 0.82 0.70 0.36 0.93
10.00 13.61 -109.26 -350.70 -472.02 0.44 -0.13 0.39 0.74 0.49 0.04 0.83
6.00 6.64 508.66 9.34 222.47 0.28 -0.22 0.78 0.83 0.96 0.62 0.04
6.00 8.84 443.95 601.40 -51.18 -0.65 0.22 -0.56 0.44 0.18 0.33 0.35
14.00 13.12 -119.69 18.46 -67.09 0.41 -0.20 -0.97 0.14 0.27 0.26 0.42
13.00 4.47 -373.68 -534.04 -416.76 -0.25 0.82 0.60 0.69 0.49 0.38 0.90
8.00 20.84 464.66 -536.98 39.07 -0.41 0.31 0.14 0.68 0.07 0.22 0.76
18.00 104.44 -233.91 402.87 -622.24 0.06 -0.98 0.05 0.20 0.66 0.91 0.44
31.00 263.37 -421.12 -451.68 -69.67 0.83 -0.92 0.76 0.88 0.02 0.42 0.17
7.00 11.42 604.59 -7.12 -346.94 -0.78 0.38 -0.78 0.39 0.71 0.29 0.09
11.00 38.63 -81.19 -419.73 386.20 0.84 -0.65 0.91 0.93 0.75 0.70 0.05
7.00 1.62 -174.42 -61.78 -416.26 -0.97 0.23 -0.04 0.48 0.64 0.26 0.46
18.00 59.00 -416.38 407.47 492.84 -0.45 0.76 -0.67 0.55 0.47 0.20 0.58
5.00 3.81 590.38 501.94 -179.48 0.97 0.57 0.80 0.10 0.56 0.23 0.67
10.00 27.66 101.55 423.81 308.76 -0.95 0.28 0.64 0.60 0.52 0.97 0.50
30.00 270.76 130.53 254.09 -120.39 0.94 0.19 0.90 0.50 0.44 0.04 0.66
20.00 32.77 283.43 646.94 -192.01 0.86 -0.53 0.15 0.27 0.87 0.77 0.67
25.00 97.56 407.09 478.13 174.60 0.86 0.81 0.69 0.09 0.83 0.50 0.17
6.00 11.25 -220.84 -198.28 621.28 -0.18 0.49 -0.76 0.80 0.03 0.99 0.76
5.00 1.80 -175.67 522.32 -240.18 0.80 -0.32 -0.58 0.84 0.34 0.82 0.78
14.00 54.74 302.03 158.50 -641.91 -0.85 0.43 0.53 0.85 0.52 0.85 0.57
11.00 31.21 708.66 362.37 -51.92 -0.88 -0.57 -0.15 0.59 0.50 0.17 0.77
11.00 23.04 -585.80 18.13 -88.17 0.28 -0.17 0.23 0.62 0.81 0.73 0.12
23.00 166.85 -671.50 -62.55 -294.64 -0.15 0.59 0.35 0.08 0.55 0.75 0.89
32.00 166.95 -417.01 -10.83 413.19 0.74 -0.36 -0.24 0.81 0.75 0.78 0.25
12.00 32.36 131.57 -221.22 354.04 0.62 0.62 0.49 0.59 0.26 0.05 0.30
12.00 47.62 -522.49 -22.41 -413.01 0.27 0.56 0.10 0.59 0.80 0.70 0.58
8.00 15.75 -122.11 -55.61 -722.26 0.23 -0.97 -0.64 0.95 0.52 0.06 0.51
6.00 1.83 -22.93 627.76 280.15 0.96 0.63 0.79 0.03 0.58 0.45 0.34
6.00 7.57 -327.47 354.09 157.46 0.81 0.15 -0.98 0.40 0.66 0.61 0.75
5.00 0.46 -383.57 405.80 -205.54 -0.14 -0.28 -0.39 0.58 0.85 0.88 0.16
22.00 46.50 226.91 -150.41 -182.29 -0.05 0.26 0.05 0.74 0.87 0.43 0.31
8.00 20.47 -198.39 584.34 -160.63 0.78 0.88 0.77 0.55 0.74 0.16 0.03
33.00 83.18 -143.53 125.21 581.53 -0.65 -0.47 0.89 0.55 0.97 0.72 0.63
16.00 65.91 -86.43 -117.87 455.16 -0.00 -0.72 -0.59 0.33 0.69 0.12 0.98
5.00 4.81 -636.75 -337.72 169.05 0.37 -0.66 -0.82 0.37 0.94 0.96 0.09
12.00 24.08 -455.75 -170.36 199.26 0.10 -0.11 0.84 0.94 0.93 0.15 0.00
29.00 62.53 263.16 410.42 605.96 -0.34 0.79 0.13 0.00 0.18 0.61 0.55
20.00 16.66 296.73 -181.27 -628.70 -0.39 0.07 -0.15 0.64 0.65 0.99 0.90
36.00 373.62 247.95 17.23 677.86 -0.37 -0.55 0.44 0.94 0.51 0.93 0.56
13.00 20.91 -123.00 -681.34 57.67 0.96 0.56 -0.94 0.72 0.10 0.71 0.58
5.00 4.00 -176.17 111.43 -583.21 0.59 -0.65 -0.58 0.69 0.22 0.75 0.51
20.00 93.65 114.50 -443.77 -646.47 0.79 -0.56 0.41 0.85 0.90 0.49 0.63
21.00 31.13 60.91 -441.16 -149.13 -0.91 0.11 0.44 0.78 0.18 0.93 0.30
5.00 5.00 103.81 -521.78 -215.15 -0.91 0.04 -0.10 0.58 0.03 0.58 0.93
8.00 15.48 -390.78 193.12 -56.81 -0.69 0.19 -0.88 0.72 0.35 0.59 0.74
16.00 67.58 165.44 -158.28 535.65 0.17 0.38 0.13 0.20 0.84 0.80 0.61
7.00 13.72 -222.52 440.14 -384.84 -0.24 -0.04 0.44 0.56 0.55 0.59 0.61
11.00 27.98 73.68 -595.27 -525.50 0.02 0.19 -0.34 0.56 0.93 0.81 0.00
7.00 10.29 220.90 -359.06 354.51 -0.85 -0.52 0.00 0.39 0.64 0.84 0.62
5.00 6.03 -207.65 0.91 -642.68 0.15 0.51 -0.49 0.55 0.88 0.73 0.50
13.00 40.35 114.70 -639.74 326.39 0.66 -0.83 0.89 0.46 0.95 0.12 0.57
30.00 9.04 -745.03 -39.07 33.97 0.95 -0.18 -0.07 0.43 0.27 0.65 0.77
32.00 324.33 213.33 380.26 -388.08 -0.73 0.24 -0.96 0.69 0.88 0.60 0.09
7.00 1.08 -270.20 -82.27 269.56 -0.64 0.77 -0.64 0.63 0.56 0.72 0.17
7.00 12.61 -467.39 -478.18 -21.66 -0.12 0.58 -0.66 0.85 0.77 0.48 0.18
20.00 125.17 238.80 667.23 345.92 -0.69 0.18 0.14 0.06 0.73 0.47 0.67
18.00 15.69 -477.05 527.38 -297.89 -0.58 -0.44 0.90 0.27 0.64 0.73 0.33
33.00 359.92 -150.65 648.96 -74.53 0.76 -0.65 0.01 0.32 0.87 0.33 0.17
11.00 37.59 -702.23 146.71 -270.33 0.59 -0.06 0.52 0.86 0.88 0.09 0.85
37.00 284.66 7.13 483.50 418.59 0.14 0.58 -0.84 0.81 0.54 0.89 0.99
12.00 12.25 423.72 365.82 439.52 -0.45 0.27 0.09 0.16 0.94 0.44 0.14
21.00 134.25 -420.58 465.39 301.87 0.02 0.73 -0.35 0.42 0.85 0.71 0.81
30.00 98.22 -381.05 -174.25 624.98 -0.88 -0.70 -0.09 0.58 0.75 0.16 0.21
16.00 47.85 -194.87 201.49 -697.55 0.55 0.08 -0.92 0.09 0.30 0.12 0.52
17.00 96.30 7.99 446.89 657.74 0.94 -0.57 0.56 0.35 0.60 0.87 0.84
10.00 25.99 120.13 426.10 -358.76 -0.64 0.58 0.78 0.05 0.13 0.55 0.79
13.00 28.88 753.06 -111.59 186.55 -0.46 0.84 -0.58 0.15 0.20 0.32 0.87
10.00 13.70 -515.08 337.76 -463.10 0.59 -0.17 -0.85 0.85 0.85 0.96 0.17
14.00 63.34 387.02 -217.09 423.33 0.52 0.11 -0.40 0.24 0.02 0.65 0.23
34.00 348.30 115.00 -131.03 -384.07 -0.12 0.95 -0.42 0.02 0.16 0.70 0.35
19.00 28.63 508.73 -159.02 423.25 -0.12 0.13 0.99 0.62 0.68 0.90 0.27
7.00 11.87 -580.60 -277.11 168.02 0.80 -0.38 -0.08 0.61 0.94 0.44 0.26
15.00 50.38 -141.02 -125.23 -38.38 -0.92 0.80 -0.44 0.53 0.65 0.24 0.99
17.00 69.42 128.17 -562.34 407.47 0.91 0.99 -0.81 0.54 0.17 0.77 0.40
10.00 1.75 245.63 -557.94 43.65 -0.73 -0.99 0.73 0.37 0.62 0.53 0.26
10.00 6.53 -285.20 475.63 -290.08 -0.75 0.25 0.56 0.33 0.10 0.91 0.09
18.00 89.61 -685.11 276.95 223.68 0.32 -0.42 0.72 0.90 0.59 0.18 0.27
7.00 4.78 580.25 -353.97 401.57 0.97 0.05 -0.47 0.76 0.54 0.38 0.66
7.00 5.00 -145.55 -166.06 -253.75 -0.63 -0.61 0.26 0.76 0.42 0.42 0.54
10.00 14.32 -577.64 -222.72 -163.03 -0.46 -0.06 0.31 0.12 0.09 0.67 0.05
23.00 149.10 -353.87 97.52 209.05 -0.18 0.37 -0.94 0.71 0.50 0.11 0.12
18.00 51.78 133.27 -648.45 -84.03 0.86 -0.38 0.77 0.32 1.00 0.40 0.40
12.00 15.95 -631.31 -97.59 6.78 0.80 -0.15 -0.36 0.41 0.13 0.90 0.26
14.00 50.62 -207.62 20.23 -365.18 0.08 -0.05 -0.77 0.43 0.88 0.07 0.26
5.00 8.00 -441.83 -63.47 110.24 -0.93 -0.26 -0.49 0.97 0.41 0.20 0.99
13.00 33.78 192.48 694.95 -339.70 0.94 0.68 0.49 0.91 0.08 0.39 0.88
7.00 5.18 -560.67 379.32 176.64 0.73 -0.34 0.40 0.09 0.24 0.78 0.00
30.00 36.63 -27.95 -5.41 -56.80 0.09 -0.63 0.69 0.59 0.52 1.00 0.70
17.00 53.46 468.23 75.76 533.44 0.79 -0.58 0.43 0.86 0.87 0.89 0.03
7.00 4.93 469.74 183.71 283.94 -0.05 -0.09 -0.03 0.31 0.08 0.69 0.57
32.00 109.95 37.00 0.18 108.05 -0.13 -0.25 -0.01 0.18 0.38 0.16 0.53
12.00 41.93 -283.03 -313.99 635.81 0.43 0.36 -0.74 0.78 0.70 0.05 0.39
32.00 297.63 148.31 477.27 314.55 -0.54 0.77 -0.51 0.40 0.79 0.33 0.88
5.00 3.97 -601.88 171.41 -353.86 -0.73 -0.50 -0.44 1.00 0.99 0.05 0.80
6.00 7.26 -298.39 237.98 388.64 0.81 0.16 0.90 0.58 0.81 0.69 1.00
6.00 6.79 -227.29 386.10 -181.96 -0.89 -0.26 -0.78 0.79 0.37 0.72 0.27
16.00 34.03 444.63 27.81 -143.96 0.18 0.14 0.50 0.64 0.04 0.53 0.77
5.00 1.08 311.21 -92.60 -691.40 0.71 0.02 -0.08 0.61 0.25 0.60 0.25
6.00 11.87 -258.66 -53.24 -555.23 -0.13 -0.32 -0.27 0.22 0.63 0.98 0.38
8.00 7.13 -622.10 -273.59 -246.87 -0.15 -0.62 0.58 0.86 1.00 0.32 0.98
10.00 4.18 -467.99 0.48 156.86 -0.25 0.28 -0.57 0.01 0.02 0.43 0.73
16.00 71.43 459.20 -33.43 -599.78 0.60 0.81 0.10 0.19 0.78 0.44 0.25
15.00 43.60 135.56 -394.22 189.86 -0.83 0.68 -0.71 0.81 0.48 0.37 0.37
21.00 97.58 -352.92 40.23 -711.55 -0.59 -0.23 -0.99 0.29 0.86 0.74 0.95
9.00 24.07 629.81 223.57 252.58 -0.72 0.61 -0.44 0.07 0.03 0.33 0.13
10.00 25.08 -223.07 67.60 -647.24 0.74 -0.82 0.57 0.18 0.78 0.41 0.43
13.00 7.20 -348.23 560.54 32.46 0.04 -0.76 -0.44 0.60 0.09 0.96 0.42
11.00 4.44 -589.17 -439.04 -116.98 -0.41 0.34 0.21 0.29 0.67 0.89 0.62
10.00 10.11 -88.40 -224.24 682.15 -0.50 0.18 0.30 0.96 0.21 0.10 0.09
5.00 3.66 397.54 233.17 285.32 -0.71 -0.21 -0.98 0.06 0.32 0.20 0.47
5.00 2.17 235.03 345.98 -379.07 0.73 0.17 0.47 0.20 0.94 0.77 0.75
11.00 36.00 -10.14 252.48 397.57 0.09 0.25 -0.54 0.89 0.28 0.20 0.44
10.00 4.96 -567.17 398.06 -288.83 -0.55 0.64 0.70 0.53 1.00 0.32 0.50
12.00 15.19 12.03 -88.41 314.64 0.44 0.47 0.58 0.63 0.26 0.26 0.44
24.00 51.69 137.74 -161.78 260.26 -0.88 -0.09 0.23 0.52 0.48 0.28 0.87
6.00 7.47 -117.81 -128.88 -742.53 -0.95 -0.36 -0.03 0.84 0.42 0.28 0.24
29.00 274.49 404.39 -342.92 -79.11 0.97 -0.63 -0.99 0.32 0.98 0.77 0.93
5.00 0.28 271.97 205.15 118.41 0.89 0.98 0.55 0.30 0.12 0.29 0.76
9.00 9.40 -287.87 -497.51 299.23 -0.04 0.93 0.76 0.69 0.88 0.48 0.78
9.00 19.30 385.73 585.13 168.99 0.33 -0.60 0.12 0.42 0.94 0.90 0.03
7.00 9.58 205.04 251.68 -550.44 0.62 -0.19 0.44 0.72 0.85 0.30 0.82
13.00 10.50 -588.54 361.33 -4.58 0.39 0.24 0.79 0.52 0.49 0.62 0.49
6.00 9.56 -370.74 577.33 -108.93 -0.01 0.52 -0.83 0.01 0.48 0.44 0.80
8.00 6.68 -226.76 -748.83 -85.26 -0.08 0.19 -0.57 0.10 0.99 0.77 0.53
11.00 11.28 -536.87 104.92 564.85 -0.28 -0.98 -0.78 0.68 0.51 0.21 0.54
20.00 125.18 -134.38 -155.53 310.52 0.11 0.65 -0.43 0.92 0.94 0.97 0.10
9.00 13.72 -219.55 -158.98 -418.08 -0.89 -0.22 0.23 0.88 0.14 0.17 0.09
11.00 9.68 466.33 285.39 -223.59 -0.72 0.44 -0.54 0.99 0.65 0.89 0.19
13.00 43.96 -189.61 -244.96 -153.61 0.00 -0.18 -0.55 1.00 0.38 0.60 0.22
12.00 14.05 582.02 304.77 181.43 0.69 0.46 -0.20 0.48 0.51 0.54 0.31
16.00 78.47 -239.13 51.47 75.65 -0.90 0.63 0.97 0.51 0.54 0.21 0.26
20.00 112.87 -260.35 321.56 61.16 0.91 0.21 -0.92 0.00 0.90 0.24 0.16
16.00 56.33 32.90 322.35 -730.26 -0.18 0.96 0.75 0.84 0.03 0.73 0.23
13.00 12.49 355.60 231.49 374.86 -0.72 0.26 -0.49 0.08 0.08 0.04 0.72
5.00 2.94 -494.94 346.33 291.94 -0.34 0.68 0.57 0.82 0.95 0.03 0.08
17.00 18.02 294.67 -287.03 544.91 0.57 0.11 -0.97 0.15 0.76 0.40 0.66
37.00 158.12 -421.64 368.96 -428.99 -0.04 -0.83 -0.70 0.83 0.89 0.79 0.27
8.00 2.34 464.70 475.92 -91.63 -0.37 -0.04 -0.00 0.66 0.93 0.14 0.71
18.00 100.35 -435.13 -309.51 66.58 0.37 0.45 0.04 0.57 0.50 0.90 0.26
10.00 24.98 312.36 -63.87 727.85 0.94 -0.12 0.63 0.91 0.23 0.42 0.86
9.00 5.28 580.63 -40.56 309.21 -0.28 -0.91 -0.90 0.56 0.26 0.15 0.07
12.00 6.48 -132.85 -165.13 -586.88 -0.40 -0.28 -0.29 0.03 0.73 0.25 0.38
23.00 13.54 -384.26 -239.52 384.86 0.87 -0.28 -0.96 0.95 0.18 0.90 0.60
9.00 15.12 -9.30 -729.02 -156.70 0.32 0.09 -0.61 0.32 0.51 0.80 0.11
14.00 17.12 34.08 455.51 -99.02 0.57 -0.15 0.38 0.99 0.07 0.54 0.26
5.00 2.83 180.53 497.06 281.75 -0.47 -0.46 -0.69 0.95 0.54 0.98 0.57
5.00 5.17 -91.78 577.80 30.95 -0.22 0.02 -0.92 0.31 0.70 0.67 0.84
16.00 46.96 299.98 -376.60 -346.65 0.99 0.56 -0.84 0.87 0.00 0.79 0.60
27.00 237.36 252.92 359.93 535.54 -0.17 -0.78 -0.36 0.37 0.18 0.38 0.07
11.00 23.16 89.61 684.15 -66.11 -0.23 0.49 -0.32 0.89 0.25 0.98 0.81
5.00 1.36 -12.36 284.03 371.95 -0.54 -0.96 -0.21 0.01 0.55 0.93 0.83
8.00 17.95 354.70 -123.05 -583.96 0.28 0.89 -0.52 0.24 0.01 0.07 0.01
5.00 7.92 603.18 -50.44 307.86 0.90 0.15 0.85 0.63 0.23 0.58 0.87
8.00 16.96 54.35 284.54 -599.46 0.51 0.67 -0.46 0.66 0.57 0.83 0.55
8.00 16.91 182.36 -304.14 582.48 -0.59 -0.87 0.87 0.41 0.19 0.63 0.64
10.00 22.31 -278.35 -109.08 732.77 0.92 0.16 0.74 0.73 0.80 0.81 0.10
17.00 77.18 169.07 -393.96 -317.63 0.79 0.63 -0.22 0.01 0.10 0.88 0.73
10.00 24.31 -192.49 -25.09 -755.31 -0.86 -0.90 -0.29 0.31 0.58 0.61 0.78
7.00 0.03 6.16 -154.50 513.70 0.79 0.54 0.08 0.57 0.53 0.24 0.79
11.00 35.76 443.73 26.01 -103.73 -0.86 0.40 -0.62 0.01 0.56 0.64 0.45
5.00 7.13 425.29 367.45 -223.99 -0.25 -0.12 0.45 0.59 0.25 0.79 0.84
17.00 52.50 -302.00 22.99 316.42 -0.84 0.31 0.38 0.77 0.76 0.99 0.31
11.00 40.01 -176.54 -610.26 -283.40 0.57 0.25 -0.50 0.37 0.46 0.88 0.78
21.00 119.86 -130.87 275.44 438.09 0.13 0.60 0.33 0.73 0.04 0.85 0.15
6.00 7.29 72.30 610.25 504.43 0.91 -0.91 -0.40 0.04 0.04 0.44 0.97
6.00 3.46 -437.36 358.22 455.20 -0.37 -0.82 -0.54 0.51 0.39 0.66 0.80
31.00 170.26 -622.12 -372.81 227.47 -0.24 -0.34 -0.87 0.12 0.11 0.28 0.59
11.00 31.55 -254.78 -343.63 281.79 0.84 -0.43 0.79 0.38 0.40 0.79 0.43
13.00 22.57 249.68 -327.33 -66.34 0.34 -0.06 0.63 0.58 0.99 0.75 0.85
21.00 13.05 516.96 383.60 108.48 0.75 0.12 0.10 0.10 0.63 0.16 0.59
19.00 0.73 -5.88 81.20 -80.32 -0.24 -0.66 0.20 0.31 0.66 0.43 0.46
14.00 61.17 -361.78 114.55 21.56 -0.66 0.41 -0.57 0.00 0.17 0.60 0.22
8.00 13.76 -700.25 -227.53 -294.53 0.81 0.79 -0.92 0.34 0.20 0.77 0.91
11.00 34.20 207.94 -634.01 152.79 0.33 0.59 -0.77 0.18 0.59 0.16 0.63
9.00 12.49 278.76 465.64 97.98 0.12 -0.17 -0.11 0.77 0.35 0.70 0.45
5.00 7.03 119.86 170.80 523.15 -0.59 -0.93 0.34 0.49 0.63 0.80 0.35
18.00 43.53 -128.67 -449.72 611.75 0.96 -0.56 -0.53 0.15 0.46 0.55 0.04
5.00 2.63 122.22 -104.93 -453.70 0.46 -0.82 0.78 0.30 0.94 0.25 0.73
33.00 321.57 -79.73 669.90 358.32 -0.77 0.94 -0.09 0.54 0.83 0.77 0.84
9.00 3.59 -594.89 353.31 -280.00 -0.37 0.41 0.03 0.74 0.54 0.54 0.68
5.00 6.85 -30.18 660.68 -321.91 -0.63 0.73 -0.68 0.22 0.41 0.46 0.21
10.00 3.36 -769.37 -109.28 78.47 -0.21 -0.13 -0.11 0.87 0.07 0.93 0.33
7.00 5.81 -751.33 -248.71 -82.42 -0.68 -0.09 -0.09 0.14 0.36 0.88 0.87
17.00 60.51 -165.46 -315.40 -530.39 -0.15 -0.32 0.88 0.28 0.57 0.49 0.23
7.00 2.26 -602.40 -367.44 173.61 -0.96 -0.20 -0.66 0.78 0.52 0.74 0.72
19.00 71.46 -181.10 -260.64 -18.92 0.17 -0.38 0.09 0.60 0.40 0.49 0.05
7.00 15.37 386.23 -475.86 337.04 0.77 0.45 0.62 0.26 0.61 0.55 0.53
6.00 7.79 -404.25 136.25 -438.69 -0.85 0.56 0.44 0.99 0.05 0.98 0.22
21.00 140.82 380.51 416.38 305.01 0.01 0.08 0.99 0.52 0.82 0.83 0.55
5.00 4.00 -74.02 -116.76 -205.00 -0.34 0.76 -0.70 0.14 0.59 0.14 0.87
5.00 1.25 -265.45 -346.39 -168.06 -0.78 -0.80 0.80 0.36 0.55 0.62 0.55
12.00 15.84 663.23 -52.56 190.27 0.23 0.42 -0.19 0.95 0.49 0.38 0.20
19.00 47.20 -60.00 -611.06 52.73 -0.44 0.33 -0.46 0.67 0.83 0.65 0.22
6.00 9.24 -722.63 -87.08 -120.92 0.02 0.76 -0.70 0.21 0.44 0.63 0.63
14.00 24.90 319.80 617.21 18.24 0.29 0.18 0.01 0.44 0.88 0.85 0.08
7.00 15.72 -278.22 291.02 -44.85 0.23 0.77 -0.08 0.68 0.83 0.87 0.18
9.00 23.43 -565.92 -49.71 516.34 0.06 0.87 0.57 0.37 0.76 0.28 0.32
37.00 280.32 -85.23 635.82 234.07 -0.66 -0.62 -0.88 0.37 0.95 0.34 0.88
6.00 8.64 351.28 225.81 214.83 0.36 0.81 -0.28 0.76 0.88 0.84 0.30
6.00 9.54 -281.25 412.46 -528.53 -0.87 -0.47 -0.62 0.53 0.50 0.44 0.12
7.00 0.31 -396.07 -471.43 32.99 -0.37 0.54 0.30 0.28 0.11 0.15 0.08
5.00 0.89 -298.79 -526.88 -12.74 -0.57 -0.63 0.40 0.85 0.63 0.48 0.80
14.00 39.51 564.01 284.22 89.36 0.26 0.80 0.60 0.07 0.28 0.12 0.64
21.00 52.13 -155.64 92.11 -590.98 -0.48 0.60 0.04 0.49 0.67 0.40 0.01
13.00 30.96 215.99 -652.37 328.60 -0.13 0.78 0.80 0.90 0.04 0.53 0.36
13.00 37.56 -525.02 -30.11 -300.68 -0.74 -0.21 -0.80 0.77 0.10 0.73 0.38
12.00 32.23 15.58 -509.42 192.40 0.45 -0.52 -0.06 0.90 0.03 0.99 0.62
6.00 0.62 -344.47 625.02 60.53 -0.59 -0.35 0.84 0.30 0.34 0.06 0.81
14.00 44.23 67.15 -77.54 -608.89 -0.38 0.07 0.68 0.41 0.53 0.33 0.73
7.00 13.99 665.74 -374.62 -142.77 0.14 -0.07 -0.28 0.30 0.46 0.99 0.77
8.00 18.14 97.01 613.74 -71.40 0.02 -0.86 -0.47 0.04 0.84 0.70 0.88
17.00 7.85 -14.76 -122.03 -574.93 -0.66 0.36 0.22 0.46 0.99 0.91 0.40
9.00 8.35 -639.90 234.67 100.91 0.82 -0.14 0.73 0.70 0.32 0.88 0.55
13.00 23.88 -396.21 -165.59 -58.90 -0.76 0.91 -0.74 0.17 0.85 0.88 0.77
6.00 9.36 -319.73 208.48 -584.30 0.86 -0.20 0.81 0.45 0.31 0.08 0.98
25.00 134.21 485.83 -175.87 -188.98 0.90 0.98 0.90 0.13 0.32 0.48 0.76
10.00 20.51 252.82 260.14 -257.87 0.59 0.26 -0.72 0.76 0.70 0.86 0.01
31.00 90.76 -255.64 58.98 755.62 0.92 -0.28 0.89 0.70 0.04 0.33 0.77
15.00 3.22 417.11 384.12 -538.38 -0.72 0.25 -0.18 0.96 0.00 0.38 0.90
5.00 8.33 590.63 495.91 -74.76 1.00 0.71 -0.29 0.01 0.18 0.27 0.41
11.00 40.17 190.17 369.14 187.01 -0.31 -0.17 -0.42 0.54 0.06 0.15 0.16
16.00 74.33 302.48 285.00 444.31 0.71 0.62 0.31 0.18 0.59 0.57 0.82
10.00 2.66 568.38 163.04 85.92 -0.73 -0.63 0.51 0.11 0.61 0.43 0.24
5.00 4.77 126.16 421.05 584.15 0.72 -0.83 -0.17 0.44 0.85 0.34 0.63
5.00 1.86 120.07 -109.16 22.14 -0.92 0.77 0.12 0.41 0.66 0.12 0.73
6.00 1.73 -700.65 -115.67 -9.28 0.25 -0.22 0.20 0.23 0.39 0.29 0.50
21.00 47.53 126.46 215.86 -473.31 -0.07 0.19 0.72 0.61 0.57 0.46 0.30
11.00 37.80 562.25 464.98 179.83 0.11 -0.80 0.36 0.89 0.14 0.92 0.68
13.00 43.97 -470.77 -148.98 -231.48 -0.06 0.53 -0.84 0.38 0.73 0.61 0.41
7.00 9.59 -125.22 536.47 384.59 -0.67 -0.13 -0.84 0.71 0.69 0.53 0.04
6.00 9.91 -269.62 118.70 -372.93 0.95 -0.26 0.85 0.40 0.89 0.41 0.40
36.00 360.52 491.57 77.15 424.11 0.78 -0.00 0.61 0.60 0.18 0.20 0.17
8.00 12.20 103.29 -104.88 -302.91 0.77 -0.09 -0.86 0.60 0.58 0.35 0.06
10.00 26.94 -343.45 230.75 3.61 -0.82 -0.15 -0.26 0.19 0.34 0.96 0.80
37.00 158.91 336.19 -433.46 -479.49 -0.41 0.50 0.57 0.26 0.82 0.17 0.96
29.00 9.40 -469.05 -615.39 -199.58 -0.44 0.47 -0.51 0.72 0.77 0.66 0.39
11.00 10.47 -730.41 17.29 -116.43 -0.73 0.42 0.24 0.54 0.14 0.83 0.16
7.00 11.76 -245.01 561.76 228.95 -0.82 -0.42 -0.92 0.51 0.85 0.66 0.19
14.00 7.16 -54.08 172.84 168.05 0.91 0.06 0.39 0.98 0.08 0.60 0.79
5.00 4.13 -245.20 -226.55 -231.83 0.69 -0.06 -0.92 0.96 0.88 0.63 0.51
14.00 42.64 348.94 -257.92 -639.71 -0.93 0.77 -0.11 0.63 0.10 0.66 0.05
16.00 59.97 -562.95 -291.51 -171.39 0.39 -0.98 -0.53 0.55 0.77 0.46 0.48
23.00 34.67 606.07 -71.90 168.38 0.21 0.16 0.99 0.39 0.96 0.11 0.16
7.00 7.86 -92.62 74.65 487.52 0.17 0.76 0.59 0.83 0.72 0.65 0.06
10.00 3.83 -349.37 -321.33 518.48 0.88 0.32 0.33 0.70 0.08 0.01 0.44
12.00 38.45 -157.29 493.29 -2.75 -0.61 0.07 -0.28 0.70 0.12 0.46 0.54
7.00 14.01 250.75 -395.09 286.33 0.12 -0.61 0.25 0.32 0.44 0.70 0.53
30.00 36.94 253.09 -132.35 -500.16 -0.84 -0.01 0.91 0.08 0.55 0.65 0.40
16.00 63.39 -175.81 437.81 373.06 -0.28 0.45 -0.56 0.85 0.54 0.15 0.95
19.00 52.96 171.23 -161.54 217.32 -0.01 0.85 -0.10 0.50 0.33 0.35 0.69
15.00 64.14 -253.85 500.97 -154.64 -0.46 0.14 -0.51 0.77 0.78 0.54 0.31
12.00 13.61 -259.33 104.52 564.90 0.09 0.73 -0.27 0.68 0.84 0.64 0.11
20.00 8.34 -377.31 58.91 -412.70 0.62 0.32 0.36 0.12 0.65 0.93 0.27
19.00 111.71 75.28 -183.18 597.50 -0.96 0.24 0.78 0.34 0.86 0.20 0.61
9.00 0.11 -166.22 -43.15 -620.65 -0.56 0.55 0.22 0.97 0.89 0.60 0.94
8.00 19.55 18.19 -450.93 71.61 -0.58 -0.85 0.06 0.02 0.01 0.80 0.41
10.00 5.87 101.54 210.09 257.46 -0.48 0.59 -0.91 0.88 0.17 0.02 0.58
17.00 36.70 28.21 -681.77 394.70 0.26 -0.70 -0.53 0.38 0.96 0.62 1.00
6.00 5.82 268.63 -418.49 -81.67 -0.26 -0.40 0.89 0.90 0.11 0.10 0.97
14.00 20.68 36.83 437.30 -308.91 -0.65 -0.62 0.75 0.64 0.84 0.71 0.50
6.00 6.58 217.08 -256.90 700.40 0.08 -0.42 -0.93 0.54 0.15 0.35 0.82
15.00 67.66 -308.47 -353.98 -174.33 -0.61 -0.66 0.78 0.35 0.69 0.41 0.08
18.00 90.66 -42.65 33.05 490.44 -0.67 -0.07 -0.86 0.44 0.81 0.51 0.84
14.00 25.27 672.53 -160.64 327.60 -0.07 0.95 0.83 0.84 0.02 0.76 0.22
15.00 16.63 -203.82 278.64 -522.25 -0.19 0.70 -0.03 0.17 0.78 0.43 0.65
33.00 37.71 -32.18 -169.04 -554.50 -0.33 0.55 -0.21 0.48 0.07 0.12 0.24
19.00 89.24 -473.06 -594.24 72.78 0.11 0.67 -0.27 0.33 0.75 0.49 0.15
5.00 5.84 138.55 -195.35 126.53 0.90 0.49 -0.61 0.13 0.11 0.66 0.74
31.00 28.66 -537.80 -229.72 -248.11 -0.06 0.95 0.44 0.66 0.40 0.21 0.49
15.00 46.68 348.17 -318.07 -425.31 0.95 0.41 -0.85 0.60 0.55 0.90 0.56
25.00 7.08 239.08 468.96 382.05 0.38 0.57 0.38 0.89 0.40 0.88 0.04
9.00 22.28 618.91 451.63 -154.84 -0.34 0.58 0.13 0.13 0.00 0.80 0.14
5.00 2.53 -264.90 590.77 211.94 -0.29 -0.77 -0.14 0.32 0.91 0.90 0.91
15.00 15.31 -78.84 -522.32 364.48 -0.51 -0.81 -0.98 0.34 0.89 0.13 0.65
15.00 23.47 147.56 444.65 388.49 0.34 0.60 -0.21 0.69 0.42 0.12 0.71
20.00 26.51 44.23 -235.57 -439.51 -0.93 0.66 -0.46 0.83 0.91 0.94 0.86
15.00 55.40 534.99 262.21 298.86 0.47 0.28 0.93 0.67 0.56 0.68 0.89
19.00 92.38 170.53 394.18 -19.35 -0.39 -0.95 -0.56 0.43 0.91 0.28 0.64
17.00 18.04 74.07 -500.32 -223.45 -0.34 -0.08 0.21 0.77 0.62 0.28 0.58
9.00 16.99 49.90 9.63 -468.79 -0.15 -0.91 -0.17 0.29 0.72 0.74 0.51
9.00 20.38 -301.47 636.34 352.93 0.78 -0.35 0.32 0.63 0.43 0.79 0.40
16.00 69.52 148.70 511.42 -170.05 0.91 0.89 -0.49 0.15 0.23 0.66 0.52
26.00 75.50 -434.89 370.61 251.98 -0.50 -0.71 0.59 0.43 0.03 0.54 0.23
10.00 32.29 -396.28 46.56 -161.24 0.82 -0.98 -0.19 0.90 0.32 0.15 0.72
6.00 2.10 -233.95 191.30 22.91 -0.02 -0.36 -0.07 0.43 0.77 0.76 0.84
15.00 26.19 -294.25 185.03 -408.67 -0.37 0.16 -0.80 0.29 0.05 0.81 0.59
7.00 1.40 -6.97 -322.70 -207.78 -0.60 -0.29 0.04 0.93 0.35 0.65 0.61
12.00 30.37 -123.19 339.84 336.16 0.21 -0.37 0.62 0.07 0.56 0.26 0.98
16.00 14.81 -309.02 -213.02 25.32 0.47 -0.18 -0.82 0.21 0.28 0.15 0.15
18.00 38.00 -463.93 59.27 -34.71 -0.18 -0.93 0.70 0.47 0.14 0.38 0.40
15.00 8.14 -490.32 -292.39 151.21 -0.14 0.85 -0.88 0.20 0.33 0.64 0.35
7.00 5.65 99.76 -514.46 -242.77 -0.45 0.22 0.40 0.01 0.77 0.48 0.43
11.00 31.95 592.52 -109.65 -414.23 -0.46 0.34 -0.25 0.92 0.76 0.17 0.17
13.00 0.25 -124.00 431.45 -641.48 -0.15 0.19 0.49 0.75 0.24 0.29 0.61
5.00 4.86 -510.34 -115.02 -254.07 -0.97 0.80 -0.70 0.31 0.96 0.88 0.50
5.00 6.49 -65.17 -423.11 -648.21 0.61 0.87 -0.43 0.85 0.50 0.32 0.32
19.00 69.10 -147.83 -695.32 -242.85 0.67 -0.73 0.60 0.48 0.99 0.26 0.48
15.00 13.97 158.39 -380.48 465.07 -0.98 -0.18 0.74 0.88 0.37 0.20 0.06
13.00 36.78 -292.53 -538.20 -353.30 0.76 -0.01 0.71 0.02 0.74 0.49 0.72
26.00 3.81 -183.17 -683.39 3.96 -0.36 0.37 -0.33 0.36 0.94 0.59 0.97
7.00 9.40 -194.04 530.84 145.69 -0.32 -0.81 0.51 0.37 0.15 0.74 0.04
35.00 337.89 -541.81 -156.98 333.91 -0.76 -0.03 0.91 0.46 0.64 0.64 0.53
13.00 33.58 -558.23 -398.25 -349.22 0.99 0.06 0.08 0.99 0.65 0.06 0.26
20.00 113.69 -486.93 366.64 23.81 -0.87 -0.58 -0.80 0.17 0.67 0.66 0.43
29.00 99.92 482.83 504.02 -42.47 -0.13 0.83 0.59 0.12 0.85 0.38 0.80
25.00 7.60 212.54 174.94 -707.05 -0.62 0.41 0.65 0.89 0.30 0.52 0.17
9.00 23.29 322.24 41.53 122.14 0.01 0.10 -0.51 0.54 0.47 0.91 0.99
8.00 3.05 656.36 -266.18 -216.60 -0.94 0.94 -0.81 0.04 0.76 0.71 0.36
11.00 32.21 -156.60 32.19 323.43 0.06 0.55 0.24 0.49 0.14 0.67 0.55
6.00 9.00 -374.06 255.65 -478.58 -0.41 0.02 -0.80 0.16 0.19 0.52 0.66
12.00 42.87 288.37 692.53 47.76 0.71 -0.45 -0.26 0.73 0.39 0.72 0.78
39.00 168.00 -358.27 490.18 339.17 -0.06 0.34 0.69 0.98 0.79 0.34 0.41
25.00 184.79 -152.14 -656.92 -170.34 0.89 0.76 -0.15 0.60 0.44 0.33 0.15
9.00 11.34 -425.96 108.25 32.87 -0.98 -0.20 -0.42 0.14 1.00 0.74 0.65
5.00 0.84 -226.56 378.98 -90.48 0.56 0.74 0.04 0.55 0.25 0.29 0.47
13.00 18.69 -192.14 -130.42 -383.34 -0.10 -0.95 -0.45 0.41 0.81 0.73 0.58
26.00 100.53 -285.78 506.71 -43.43 0.58 0.73 0.73 0.77 0.34 0.60 0.30
11.00 29.23 54.28 2.62 335.15 0.43 0.45 -0.70 0.50 0.88 0.45 0.33
8.00 16.57 190.62 155.19 -682.07 -0.50 0.01 0.18 0.79 0.23 0.15 0.50
27.00 45.23 651.86 94.93 -311.13 0.07 -0.50 -0.55 0.39 0.03 0.41 0.09
17.00 80.05 -435.91 446.20 409.40 0.24 -0.02 0.45 0.52 0.70 0.12 0.46
17.00 59.55 -15.02 40.49 103.68 0.79 -0.69 -0.70 0.31 0.69 0.30 0.51
6.00 10.75 48.43 433.07 -667.00 0.96 0.77 -0.41 0.59 0.19 0.10 0.50
18.00 89.24 -605.93 215.71 392.83 -0.96 -0.38 -0.31 0.60 0.21 0.17 0.52
7.00 1.46 176.46 224.74 -331.56 -0.18 -0.31 0.67 0.07 0.58 0.73 0.50
5.00 1.28 84.77 -237.37 -467.61 0.31 -0.43 0.32 0.89 0.14 0.17 0.65
5.00 7.91 296.99 280.89 419.01 -0.69 0.99 0.33 0.33 0.48 0.36 0.04
6.00 10.28 -573.77 -191.90 -205.23 0.94 0.13 -0.83 0.21 0.97 0.68 0.46
16.00 64.68 544.60 66.74 -263.50 -0.95 -0.04 -0.52 0.95 0.52 0.94 0.69
10.00 31.75 505.60 372.36 -120.48 0.31 0.25 0.60 0.69 0.12 0.98 0.52
11.00 18.35 169.97 648.82 430.96 -0.21 0.17 -0.43 0.31 0.84 0.48 0.53
7.00 14.23 -268.74 417.30 395.37 0.09 0.32 0.82 0.65 0.07 0.46 0.26
11.00 8.56 330.53 -184.25 356.60 0.72 -0.28 -0.42 0.06 0.14 0.14 0.22
13.00 31.53 77.78 230.27 477.06 -0.67 -0.35 -0.21 0.34 0.33 0.01 0.07
6.00 3.45 -313.54 -59.79 -645.26 0.62 0.21 -0.29 0.23 0.09 0.45 0.99
7.00 9.65 -269.86 -45.53 -5.39 -0.21 0.87 -0.62 0.68 0.45 0.45 0.96
33.00 63.13 150.32 -560.99 136.10 -0.21 -0.07 0.63 0.85 0.62 0.13 0.86
6.00 8.76 -649.14 94.78 429.57 0.99 0.62 -0.98 0.55 0.90 0.45 0.97
15.00 31.77 -388.13 -374.24 584.76 0.12 -1.00 0.45 0.16 0.99 0.94 0.64
5.00 1.45 754.48 133.63 39.58 -0.02 0.86 0.38 0.96 0.38 0.92 0.94
8.00 13.07 -450.52 222.31 324.13 -0.61 -0.77 0.19 0.19 0.64 0.13 0.02
19.00 45.78 496.49 -339.03 263.81 0.11 -0.57 -0.78 0.91 0.34 0.90 0.03
16.00 63.31 592.16 -353.25 97.37 -0.83 0.81 -0.99 0.51 0.77 0.60 0.31
10.00 5.80 684.75 -30.82 226.81 0.48 0.87 -0.58 0.48 0.44 0.16 0.45
5.00 4.44 53.22 303.26 -591.52 0.90 -0.33 -0.35 0.25 0.19 0.46 0.47
9.00 10.19 572.55 -292.90 -411.45 0.05 -0.75 -0.55 0.08 0.72 0.18 0.27
10.00 13.60 348.14 114.73 555.43 -0.96 0.26 -0.67 0.89 0.31 0.81 0.96
9.00 18.13 -128.93 -26.50 -94.42 -0.96 0.11 -0.59 0.24 0.41 0.39 0.22
7.00 5.66 407.72 -252.27 -381.51 0.51 -0.53 0.69 0.28 0.79 0.24 0.26
10.00 7.74 -334.38 328.75 -185.46 -0.43 0.02 -0.16 0.03 0.32 0.79 0.05
12.00 43.93 -51.15 124.50 -559.96 0.01 0.86 0.24 0.59 0.51 0.92 0.62
7.00 2.41 355.67 152.76 -395.03 -0.17 0.99 -0.50 0.28 0.86 0.03 0.66
6.00 1.40 -615.36 -403.73 118.44 0.59 -0.62 0.07 0.22 0.92 0.75 0.36
13.00 28.16 320.06 -407.42 216.79 -0.06 0.11 0.88 0.79 0.44 0.00 0.79
19.00 5.70 490.19 366.91 475.21 -0.68 0.48 0.52 0.69 0.75 0.23 0.64
18.00 99.31 410.00 -418.88 -107.03 -0.32 0.37 -0.92 0.36 0.48 0.27 0.28
12.00 36.91 -34.25 370.39 -203.86 0.06 -0.81 0.53 0.67 0.07 0.79 0.43
5.00 3.10 494.05 -122.47 -360.97 -0.06 -0.40 0.93 0.46 0.66 0.48 0.37
9.00 19.12 -312.43 -354.77 246.22 0.67 0.70 -0.10 0.48 0.75 0.38 0.25
16.00 65.33 -184.46 474.01 -274.10 -0.55 -0.33 -0.57 0.28 0.07 0.99 0.20
7.00 7.20 -208.06 381.72 612.84 0.86 -0.39 0.09 0.44 0.45 0.40 0.78
23.00 115.95 -636.34 -113.93 -196.79 -0.48 0.16 -0.19 0.18 0.76 0.52 0.72
19.00 98.17 -124.71 -553.68 242.51 0.32 0.39 -0.18 0.52 0.64 0.56 0.15
11.00 7.67 -323.99 -303.97 -591.50 0.31 0.19 -0.36 0.91 0.89 0.12 0.19
6.00 11.79 438.47 546.27 150.43 0.20 -0.31 -0.79 0.84 0.68 0.25 0.70
9.00 24.01 -246.76 469.52 218.52 0.28 -0.17 -0.41 0.09 0.67 0.02 0.70
7.00 13.62 -20.87 -530.54 41.35 -0.28 -0.32 -0.81 0.70 0.72 0.39 0.01
14.00 9.37 -376.74 -182.09 375.64 -0.78 -0.68 0.28 0.52 0.13 0.67 0.21
9.00 4.82 62.26 -668.50 373.52 -0.85 -0.81 0.41 0.28 0.06 0.85 0.69
10.00 18.37 -212.66 378.50 252.10 0.85 0.94 0.87 0.02 0.35 0.62 0.80
6.00 8.52 -332.62 279.31 317.75 -0.89 -0.60 -0.56 0.98 0.01 0.42 0.25
5.00 5.12 6.10 588.29 445.11 0.48 -0.85 0.34 0.72 0.97 0.46 0.06
5.00 0.77 -279.82 140.12 -434.21 0.96 0.82 0.36 0.60 0.37 0.98 0.24
9.00 6.38 -166.61 424.93 270.12 0.91 -0.25 0.63 0.03 0.11 0.79 0.51
11.00 29.87 -294.24 671.95 -173.39 -0.86 -0.34 0.10 0.45 0.04 0.14 0.27
28.00 109.51 -135.73 -257.92 -403.08 0.04 0.91 -0.78 0.90 0.78 0.37 0.91
11.00 32.59 -599.65 200.93 -125.84 0.42 0.77 0.02 0.98 0.07 0.80 0.34
18.00 16.21 433.13 212.46 297.27 -0.59 0.33 -0.66 0.58 0.92 0.93 0.75
5.00 1.81 -70.78 133.33 380.71 -0.93 -0.39 -0.45 0.53 0.43 0.83 0.14
11.00 26.30 730.18 236.02 70.58 -0.83 0.40 -0.00 0.48 0.35 0.87 0.62
36.00 305.93 -232.59 -158.39 -553.18 -0.19 -0.74 -0.12 0.87 0.24 0.86 0.48
10.00 17.46 352.43 239.64 -320.17 0.50 0.99 0.35 0.83 0.98 0.94 0.56
20.00 124.26 358.37 -140.11 -202.42 -0.85 0.46 -0.65 0.19 0.38 0.44 0.14
12.00 24.59 66.87 22.83 -723.21 -0.95 0.76 -0.94 0.92 0.77 0.05 0.65
5.00 6.17 65.29 186.31 503.89 -0.61 -0.53 0.64 0.92 0.72 0.33 0.97
37.00 222.19 744.17 21.41 -99.13 0.79 -0.00 -0.39 0.71 0.75 0.48 0.34
33.00 44.09 404.30 241.28 243.33 -1.00 0.67 0.02 0.79 0.09 0.48 0.62
24.00 91.78 -609.76 6.76 239.84 0.81 0.64 0.05 0.99 0.73 0.53 0.89
5.00 3.11 355.62 -166.61 104.11 0.78 0.58 -0.28 0.96 0.36 0.98 0.62
5.00 7.37 798.15 3.23 16.82 0.58 -0.74 0.79 0.07 0.25 0.35 0.51
6.00 2.59 664.66 348.08 -178.62 0.71 -0.38 -0.70 0.07 0.92 0.19 0.03
28.00 73.72 264.20 -317.34 236.53 0.12 0.91 0.11 0.38 0.67 0.30 0.59
5.00 2.63 -346.86 540.89 -173.18 -0.42 -0.90 -0.64 0.86 0.52 0.34 0.58
5.00 6.54 -125.69 319.04 -195.60 -0.94 -0.74 -0.16 0.43 0.67 0.76 0.35
7.00 14.26 -647.91 -158.17 50.68 -0.20 0.25 -0.20 0.59 0.21 0.47 0.54
8.00 2.70 -441.65 242.29 -529.02 0.18 -0.54 -0.44 0.86 0.65 0.72 0.29
11.00 10.42 187.62 -520.99 -484.91 0.62 -0.81 0.62 0.24 0.66 0.29 0.83
13.00 5.18 688.79 235.78 62.27 0.20 0.60 -0.29 0.87 0.34 0.59 0.43
21.00 115.05 149.90 -211.61 -653.69 0.35 0.96 0.86 0.52 0.68 0.03 0.82
13.00 41.56 415.95 -225.89 610.13 -0.04 0.23 -0.95 0.02 0.30 0.19 0.79
12.00 40.03 -155.55 386.43 304.04 0.40 -0.12 -0.94 0.27 0.63 0.68 0.33
14.00 42.61 -183.49 13.74 -265.84 0.69 -0.31 0.99 0.58 0.57 0.38 0.56
7.00 11.75 -367.57 -215.24 -643.99 -0.10 -0.09 -0.49 0.86 0.36 0.51 0.75
6.00 9.77 262.10 230.63 188.91 0.07 0.34 -0.06 0.47 0.23 0.74 0.28
20.00 103.63 430.73 -106.79 579.92 0.33 -0.28 -0.44 0.75 0.44 0.41 0.62
15.00 68.18 -554.01 144.96 70.30 0.10 -0.28 -0.73 0.68 0.32 0.14 0.80
6.00 4.47 -515.42 436.61 287.37 -0.49 -0.88 0.66 0.89 0.62 0.54 0.57
18.00 4.87 782.67 83.03 8.63 0.25 0.73 0.71 0.53 0.07 0.80 0.97
8.00 18.75 187.13 -408.54 -560.23 -0.80 -0.28 -0.48 0.88 0.39 0.62 0.20
8.00 19.82 527.32 219.34 -380.25 0.55 -0.59 -0.88 0.36 0.28 0.16 0.54
14.00 27.38 -355.33 -669.35 71.69 -0.85 0.26 0.28 0.09 0.99 0.61 0.98
9.00 25.62 686.75 163.44 100.65 0.51 -0.80 0.71 0.05 0.95 0.80 0.23
16.00 39.12 -185.81 615.46 -393.20 0.08 -0.80 -0.59 0.49 0.05 0.21 0.22
5.00 0.13 555.97 -549.54 31.50 -0.62 0.92 -0.67 0.34 0.62 0.99 0.92
22.00 27.85 250.64 -607.82 209.43 -0.24 0.51 -0.27 0.78 0.84 0.59 0.49
5.00 3.78 5.54 39.98 -148.87 -0.66 0.66 0.47 0.63 0.42 0.20 0.35
20.00 33.27 627.66 -369.51 -159.71 0.42 -0.81 0.02 0.42 0.84 0.06 0.88
7.00 13.98 377.39 158.08 -173.00 -0.55 0.18 0.42 0.88 0.84 0.92 0.55
7.00 13.82 -419.14 -200.86 -548.84 0.85 -0.17 0.29 0.01 0.76 0.03 0.32
14.00 39.42 330.55 -17.73 199.28 -0.51 -0.76 0.87 0.33 0.01 0.14 0.99
8.00 20.01 -338.40 -28.46 -7.57 0.28 -0.40 -0.04 0.56 0.86 0.38 0.15
16.00 9.45 -403.42 -313.57 180.84 -0.03 0.74 -0.29 0.38 0.05 0.30 0.85
14.00 32.77 -22.38 208.32 390.84 -0.35 0.46 -0.99 0.84 0.97 0.49 0.98
5.00 2.07 419.04 601.46 -273.62 -0.78 0.46 0.81 0.91 0.85 0.97 0.87
11.00 1.90 -335.41 -286.15 0.42 0.17 -0.30 0.39 0.75 0.14 0.85 0.53
15.00 55.38 -115.69 -23.09 -775.87 0.79 -0.39 -0.97 0.59 0.10 0.54 0.35
8.00 9.15 -498.02 422.18 -207.35 -0.13 -0.50 -0.14 0.82 0.27 0.64 0.93
15.00 19.61 608.86 -118.08 231.68 -0.55 0.71 0.27 0.54 0.55 0.67 0.18
12.00 17.24 401.46 465.42 -343.81 -0.22 -0.80 0.58 0.78 0.05 0.94 0.60
21.00 39.00 300.06 -682.13 92.47 0.10 -0.72 0.45 0.38 0.93 0.63 0.79
5.00 8.19 -508.19 -332.63 155.98 0.70 -0.36 -0.65 0.44 0.56 0.36 0.07
5.00 3.59 175.37 397.34 315.09 -0.07 0.74 0.76 0.37 0.21 0.40 0.38
32.00 224.51 -156.02 -486.08 38.94 0.35 0.28 -0.84 0.01 0.91 0.23 0.05
12.00 30.08 -508.83 135.31 269.58 -0.46 0.54 0.49 0.93 0.89 0.94 0.70
18.00 47.91 492.15 -69.25 576.58 -0.00 0.38 0.84 0.00 0.84 0.22 0.26
5.00 5.94 160.51 586.96 -25.19 -0.63 -0.71 -0.38 0.03 0.66 0.15 0.00
14.00 59.64 18.37 -354.51 -76.22 -0.10 0.52 0.76 0.14 0.86 0.23 0.47
20.00 20.73 -307.40 -364.14 -257.13 -0.98 0.53 0.10 0.15 0.67 0.55 0.88
8.00 14.28 77.03 292.93 -48.01 0.20 0.74 0.88 0.83 0.17 0.67 0.77
7.00 12.14 -262.35 -441.76 438.91 -0.37 0.65 0.28 0.51 0.32 0.85 0.59
6.00 4.84 -450.03 -453.99 339.60 0.34 -0.59 0.67 0.24 0.38 0.47 0.95
11.00 23.72 98.46 364.42 28.55 -0.62 -0.95 0.95 0.75 0.75 0.43 0.73
14.00 32.14 -228.96 119.33 -753.07 -0.53 -0.63 0.58 0.48 0.57 0.05 0.53
10.00 3.96 510.91 520.37 -287.60 -0.48 0.98 -0.16 0.09 0.07 0.07 0.09
8.00 0.67 -13.77 -256.52 752.44 -0.54 -0.03 -0.51 0.98 0.79 0.02 0.83
9.00 21.37 -332.12 -345.26 -523.69 0.94 0.10 0.76 0.78 0.90 0.45 0.94
7.00 10.03 547.45 380.29 -286.35 0.37 0.01 -0.34 0.31 0.71 0.95 0.20
17.00 51.53 -41.60 -277.82 251.81 -0.76 -0.41 0.50 0.91 0.78 1.00 0.72
7.00 2.02 294.32 689.13 -186.41 0.37 0.42 0.19 0.87 0.18 0.89 0.40
5.00 8.14 170.14 -525.59 537.77 -0.37 -0.52 0.45 0.36 0.56 0.66 0.30
5.00 7.87 -400.92 151.89 -87.84 0.87 -0.46 0.95 0.43 0.38 0.45 0.26
17.00 95.54 167.48 -551.27 -129.43 -0.31 -0.08 -0.72 0.67 0.92 0.75 0.73
7.00 7.30 46.72 -213.69 -660.32 -0.87 0.59 -0.07 0.79 0.98 0.37 0.06
13.00 7.03 -670.66 -33.65 -250.46 -0.21 -0.55 -0.67 0.01 0.30 0.12 0.15
5.00 6.01 -242.63 625.71 411.02 0.70 0.39 0.32 0.37 0.93 0.49 0.26
14.00 52.87 520.35 -126.34 379.37 -0.66 -0.93 -0.74 0.44 0.76 0.92 0.94
6.00 11.66 -109.67 226.90 743.11 0.64 -0.34 -0.54 0.55 0.76 0.29 0.93
14.00 48.96 231.92 176.84 -47.75 0.23 0.94 -0.74 0.08 0.54 0.02 0.70
6.00 3.46 375.58 72.45 -661.40 -0.33 -0.41 -0.29 0.29 0.55 0.02 0.57
6.00 0.70 31.25 -115.34 -170.05 -0.00 0.47 -0.74 0.87 0.03 0.27 0.08
10.00 14.02 551.91 111.88 -373.03 0.67 0.81 0.12 0.03 0.60 0.87 0.66
14.00 55.55 470.71 188.61 -399.34 -0.43 -0.46 -0.17 0.25 0.46 0.45 0.71
9.00 14.45 205.37 134.72 -751.52 0.95 -0.10 -0.41 0.71 0.82 0.72 0.21
27.00 153.42 -259.00 -364.30 3.44 0.97 -0.29 -0.06 0.07 0.06 0.16 0.95
6.00 6.24 482.45 13.91 -508.72 0.88 -0.93 -0.10 0.06 0.31 0.97 0.57
22.00 112.90 -81.79 -267.79 99.72 -0.91 -1.00 0.14 0.57 0.48 0.26 0.20
23.00 12.74 -50.16 -258.27 -608.71 0.97 -0.61 0.80 0.07 0.15 0.46 0.86
13.00 52.02 -362.88 415.49 -306.97 -0.16 -0.72 -0.37 0.26 0.69 0.33 0.09
7.00 2.12 -519.77 -25.35 587.13 -0.41 0.21 -0.11 0.47 0.06 0.17 0.28
18.00 55.19 102.00 -115.78 -711.89 -0.51 -0.44 -0.69 0.75 0.64 0.23 0.61
17.00 45.69 113.20 234.63 -595.82 0.50 -0.96 0.80 0.04 0.73 0.68 0.22
24.00 3.54 -613.20 -280.69 -376.27 0.78 0.30 -0.28 0.39 0.92 0.37 0.06
9.00 3.73 -227.60 91.66 -641.46 0.27 0.79 0.82 0.32 0.39 0.35 0.23
8.00 4.77 -139.14 -355.43 -165.06 -0.72 -0.43 0.44 0.98 0.23 0.13 0.34
11.00 20.79 422.32 256.74 580.69 -0.91 -0.48 0.21 0.73 0.22 0.48 0.43
5.00 7.23 242.32 -334.17 -266.13 0.67 -0.94 -0.70 0.12 0.92 0.45 0.84
17.00 21.40 -188.68 -188.43 447.13 0.44 0.43 0.59 0.89 0.20 0.09 0.65
12.00 13.24 52.70 -456.47 -627.41 0.82 -0.33 -0.07 0.74 0.25 0.23 0.14
5.00 8.34 -446.10 -311.39 555.24 -0.02 -0.73 -0.09 0.30 0.63 0.44 0.11
11.00 17.83 -317.37 -89.87 -223.75 -0.51 0.77 -0.54 0.82 0.78 0.97 0.29
24.00 188.51 133.04 45.00 275.67 -0.24 0.96 -0.25 0.70 0.40 0.92 0.34
25.00 45.17 -130.85 639.46 411.72 0.12 0.84 -0.70 0.93 0.15 0.35 0.98
14.00 47.23 514.27 -87.20 -340.94 -0.62 -0.57 0.53 0.14 0.35 0.11 0.42
5.00 4.74 40.23 -642.55 351.91 0.38 -0.37 0.83 0.23 0.30 0.62 0.91
14.00 43.51 -494.74 -269.90 84.78 0.17 0.45 0.86 0.41 0.91 0.35 0.17
14.00 26.70 255.71 210.80 -281.20 -0.35 0.10 0.77 0.13 0.01 0.92 0.93
27.00 79.34 208.60 -10.40 -719.85 0.02 0.84 0.52 0.02 0.80 0.31 0.81
20.00 67.87 393.73 139.23 630.59 0.75 -0.29 -0.29 0.99 0.97 0.11 0.36
14.00 57.32 444.15 -247.58 163.89 0.03 0.10 0.99 0.47 0.61 0.01 0.89
12.00 47.83 -556.08 -179.25 67.89 0.30 0.96 0.35 0.52 0.98 0.91 0.10
12.00 32.76 348.80 -391.60 528.70 0.87 -0.24 -0.04 0.19 0.46 0.76 0.27
6.00 5.94 -97.99 491.44 -494.48 -0.20 -0.75 -0.04 0.97 0.47 0.59 0.67
5.00 3.45 394.77 -397.62 -169.25 0.32 0.43 -0.20 0.74 0.73 0.96 0.34
11.00 32.18 403.40 -354.14 -28.00 0.34 -0.97 0.93 0.56 0.80 0.41 0.39
14.00 47.87 179.05 189.85 -120.13 0.54 -0.35 -0.16 0.78 0.47 0.49 0.62
10.00 4.41 712.13 -36.86 218.72 0.93 0.74 -0.74 0.12 0.40 0.29 0.39
7.00 4.58 91.60 432.90 205.23 -0.56 0.78 0.67 0.72 0.00 0.30 0.09
15.00 14.07 -227.51 721.97 -79.51 -0.40 0.03 0.84 0.04 0.12 0.46 0.36
16.00 64.03 178.46 651.59 -239.65 -0.08 0.36 -0.77 0.09 0.70 0.78 0.70
13.00 43.17 -133.24 29.01 -127.36 -0.33 0.71 -0.65 0.48 0.92 0.88 0.44
10.00 33.27 -148.51 270.96 -349.80 0.98 -0.46 0.26 0.19 0.60 0.90 1.00
14.00 9.91 79.12 -100.98 -146.67 0.72 -0.60 0.18 0.74 0.82 0.65 0.46
11.00 10.53 209.08 -300.35 175.98 -0.06 -0.97 -0.64 0.49 0.51 0.03 0.11
8.00 0.70 -51.70 468.80 18.01 -0.98 -0.95 -0.24 0.86 0.65 0.09 0.08
7.00 6.72 -351.17 -190.67 101.21 -0.93 -0.70 0.08 0.60 0.90 0.62 0.22
7.00 3.18 269.06 -220.47 485.69 0.66 0.42 -0.76 0.63 0.05 0.77 0.03
35.00 70.32 -144.24 364.06 51.66 0.82 0.63 0.67 0.04 0.40 0.41 0.36
9.00 8.25 288.47 34.52 295.75 0.08 -0.29 -0.95 0.40 0.72 0.33 0.60
15.00 21.02 -167.09 115.77 410.15 -0.87 -0.93 -0.98 0.51 0.08 0.46 0.17
7.00 2.94 174.16 -419.76 -46.59 0.94 0.26 -0.29 0.00 0.31 0.34 0.92
7.00 2.25 78.73 261.20 430.32 0.65 0.81 -0.21 0.28 0.46 0.33 0.13
5.00 3.49 -17.21 -509.45 -318.43 -0.96 0.30 -0.43 0.76 0.80 0.82 0.82
6.00 6.14 392.93 -70.95 -76.76 -0.13 -0.91 0.89 0.13 0.41 0.56 0.77
28.00 197.06 -304.08 311.23 -311.62 0.39 0.36 0.74 0.91 0.71 0.20 0.74
9.00 9.09 -224.26 -698.52 2.38 -0.23 -0.40 0.76 0.81 0.93 0.64 0.74
5.00 7.89 572.47 -319.60 -33.29 0.76 0.57 -0.63 0.84 0.37 0.36 0.85
20.00 35.99 321.81 -366.36 -497.07 -0.82 -0.81 -0.73 0.08 0.71 0.85 0.18
20.00 123.50 7.43 -241.77 154.82 -0.11 -0.22 -0.50 0.04 0.31 0.62 0.25
18.00 39.59 757.94 225.60 -34.54 -0.67 -0.31 -0.62 0.57 0.53 0.09 0.15
16.00 22.62 59.44 712.17 -357.57 -0.83 -0.10 -0.41 0.77 0.21 0.20 0.35
11.00 27.73 256.14 -36.74 -441.64 0.49 -0.26 -0.05 0.09 0.94 0.35 0.90
17.00 19.06 143.30 -495.66 -377.99 0.73 0.74 -0.87 0.72 0.36 0.04 0.88
16.00 23.30 -588.35 -330.72 1.09 0.48 0.08 0.63 0.03 0.61 0.63 0.05
6.00 8.73 -609.77 -29.38 298.33 0.87 0.41 -0.60 0.19 0.83 0.01 0.21
5.00 7.29 750.41 -73.16 110.43 -0.11 0.96 0.33 0.18 0.12 0.29 0.89
29.00 36.55 -365.38 77.03 -652.11 0.45 -0.39 0.56 0.82 0.30 0.48 0.64
8.00 6.75 118.83 221.04 417.42 -0.87 -0.06 -0.49 0.01 0.29 0.16 0.54
13.00 37.66 213.81 343.49 48.69 0.66 -0.40 -0.02 0.94 1.00 0.41 0.81
12.00 2.43 378.45 563.95 108.77 -0.29 -0.05 0.25 0.47 0.90 0.06 0.35
18.00 29.90 -372.09 -390.55 -515.63 -0.52 -0.52 -0.45 0.28 0.94 0.80 0.98
21.00 82.76 228.08 258.57 -207.02 -0.80 -0.25 -0.82 0.40 0.63 0.82 0.10
11.00 0.43 -282.64 595.71 359.83 0.68 0.41 0.97 0.59 0.25 0.00 0.18
12.00 24.54 458.97 -302.77 -550.66 0.95 0.42 0.90 0.68 0.30 0.46 0.50
13.00 27.60 -145.91 280.99 483.10 -0.97 -0.32 0.81 0.81 0.60 0.85 0.25
5.00 7.22 -279.45 136.79 575.21 -0.66 0.24 0.81 0.56 0.30 0.82 0.56
25.00 166.16 63.87 93.75 -489.39 -0.72 -0.92 -0.10 0.80 0.89 0.85 0.13
13.00 10.37 -55.08 92.99 -569.83 0.24 -0.41 -0.56 0.24 0.51 0.02 0.43
30.00 108.79 -243.93 82.22 -219.20 0.10 0.89 0.40 0.42 0.83 0.67 0.21
19.00 0.65 276.22 554.67 204.63 -0.01 0.77 -0.26 0.29 0.13 0.79 0.98
9.00 0.87 40.18 446.43 -647.90 0.49 -0.61 -0.81 0.04 0.29 0.19 0.61
5.00 7.63 -371.03 630.06 -0.08 -0.22 -0.21 -0.01 0.30 0.53 0.09 0.75
9.00 5.99 303.26 529.23 -493.97 0.83 0.51 -0.93 0.06 0.26 0.18 0.59
17.00 14.16 565.84 197.80 -108.16 -0.69 0.11 0.95 0.06 0.05 0.25 0.88
5.00 5.84 -257.61 305.98 634.91 -0.36 -0.73 -0.26 0.92 0.72 0.93 0.01
17.00 85.34 415.66 141.64 -432.71 0.72 -0.69 -0.46 0.03 0.14 0.37 0.15
12.00 16.02 -72.11 -280.46 460.75 0.51 0.57 -0.80 0.21 0.34 0.16 0.17
8.00 15.05 309.18 159.36 524.36 -0.72 -0.08 -0.89 0.60 0.32 0.21 0.34
11.00 23.26 457.32 -204.39 -464.20 -0.36 0.52 -0.69 1.00 0.42 0.15 0.26
18.00 55.05 361.24 545.68 12.25 -0.24 0.20 -0.34 0.08 0.20 0.76 0.78
8.00 19.27 330.81 129.11 -411.48 0.45 0.12 0.11 0.57 0.19 0.72 0.62
8.00 18.70 784.25 15.77 51.48 -0.77 0.16 -0.45 0.28 0.70 0.61 0.25
10.00 6.87 -578.95 -407.47 253.18 0.40 0.09 0.66 0.02 0.65 0.14 0.42
16.00 65.80 422.48 91.95 -653.78 0.95 -0.70 -0.57 0.03 0.13 0.85 0.25
28.00 258.45 287.98 384.20 -97.99 0.70 -0.41 0.95 0.61 0.67 0.39 0.50
14.00 28.95 599.46 -53.58 -152.15 -0.87 0.81 0.93 0.08 0.96 0.77 0.91
16.00 42.08 -248.31 -347.99 -287.79 -0.47 0.09 -0.25 0.61 0.89 0.33 0.87
11.00 2.06 255.76 -578.11 145.01 0.97 -0.26 0.44 0.65 0.95 0.14 0.43
10.00 21.44 128.15 437.64 619.15 -0.23 -0.59 0.05 0.03 0.65 0.84 0.22
5.00 7.94 -181.53 -380.71 308.02 -0.87 0.72 -0.03 0.92 0.10 0.53 0.43
33.00 77.22 532.42 -398.49 -401.19 0.83 0.88 -0.11 0.52 0.69 0.69 0.14
31.00 42.07 -465.63 -328.24 -182.05 0.73 -0.87 -0.77 0.13 0.15 0.75 0.70
9.00 6.09 249.17 557.11 222.15 -0.28 0.48 0.13 0.25 0.06 0.67 0.61
7.00 12.63 -89.87 -170.98 -684.10 0.77 0.20 -0.50 0.85 0.53 0.22 0.84
15.00 30.43 294.81 -25.71 325.76 0.78 -0.05 -0.36 0.34 0.13 0.60 0.73
11.00 20.18 38.16 -131.62 399.89 0.53 -0.06 -0.15 0.50 0.88 0.36 0.74
38.00 405.74 -679.42 268.88 301.53 0.55 -0.57 -0.33 0.28 0.42 0.60 0.45
8.00 18.38 344.06 178.37 -190.43 -0.30 -0.26 0.21 0.76 0.09 0.06 0.56
27.00 117.29 -355.78 -296.38 -645.26 -0.63 -0.58 0.52 0.02 0.34 0.87 0.12
10.00 30.58 214.60 -20.18 -161.52 0.04 0.70 0.98 0.77 0.65 0.48 0.04
13.00 9.51 177.29 530.98 -268.44 0.47 0.48 0.43 0.51 0.09 0.13 0.88
11.00 0.44 28.68 359.65 115.82 -0.10 0.92 0.71 0.46 0.23 0.16 0.88
5.00 0.56 -380.63 282.46 457.87 -0.09 0.00 -0.02 0.75 0.73 0.54 0.32
9.00 7.83 453.89 -133.61 -444.95 -0.19 -0.85 -0.18 0.23 0.21 0.96 0.73
8.00 20.03 448.81 -401.63 476.39 0.00 0.79 0.99 0.22 0.42 0.33 0.82
8.00 3.40 -434.06 -128.07 -172.56 -0.22 -0.29 0.32 0.81 0.86 0.32 0.57
9.00 16.85 -421.11 76.83 461.28 -0.46 0.75 -0.88 0.47 0.01 0.97 0.37
20.00 11.81 428.06 514.06 269.88 0.16 -0.72 -0.86 0.41 0.03 0.50 0.05
11.00 16.67 101.98 204.99 -551.28 0.28 -0.54 0.31 0.28 0.87 0.54 0.61
23.00 152.55 -563.17 239.65 -238.12 0.77 -0.18 -0.86 0.01 0.45 0.25 0.69
7.00 10.51 402.48 371.36 -462.53 0.56 0.09 0.29 0.21 0.95 0.46 0.50
16.00 82.70 -559.77 285.01 73.44 -0.20 0.36 -0.36 0.95 0.45 0.82 0.39
9.00 22.85 -424.52 -622.94 -99.85 -0.75 0.02 -0.60 0.21 0.96 0.93 0.45
14.00 53.54 294.54 -130.45 -532.65 0.82 0.67 -0.38 0.70 0.02 0.86 0.10
12.00 14.19 -143.24 530.09 -306.57 0.34 0.75 -0.36 0.58 0.81 0.37 0.65
17.00 29.59 -201.81 -762.52 -16.45 -0.29 -0.56 0.27 0.46 0.31 0.67 0.25
12.00 6.09 -235.43 -323.39 267.66 0.97 0.20 -0.02 0.74 0.50 0.52 0.14
10.00 33.24 34.93 577.14 -457.98 0.17 -0.07 0.98 0.44 0.59 1.00 0.84
12.00 28.24 16.35 -425.46 106.27 0.60 0.48 0.66 0.24 0.94 0.91 0.05
7.00 11.59 -175.22 -89.44 -199.68 0.96 0.43 0.40 0.09 0.72 0.35 0.57
8.00 19.80 458.34 321.77 -257.50 -0.06 -0.21 -0.96 0.03 0.63 0.53 0.06
9.00 2.13 -174.33 103.00 438.54 -0.20 -0.11 0.13 0.70 0.30 0.79 0.59
34.00 224.40 -104.99 255.19 -578.53 -0.81 -0.15 -0.88 0.25 0.23 0.10 0.79
11.00 0.63 -501.28 -508.80 -88.84 -0.32 0.64 0.59 0.28 0.25 0.76 0.15
10.00 18.52 252.79 153.44 -416.12 0.66 0.10 0.44 0.44 0.24 0.59 0.76
9.00 6.53 118.95 7.51 295.44 -0.87 0.83 0.36 0.09 0.30 0.62 0.36
5.00 0.35 485.07 -70.63 -596.78 -0.41 -0.13 -0.13 0.55 0.58 0.92 0.15
27.00 19.12 -207.18 -693.12 -194.15 0.06 0.04 0.33 0.26 0.42 0.50 0.82
6.00 10.83 208.72 -165.60 550.73 -0.93 -0.49 -0.56 0.97 0.15 0.13 0.41
19.00 32.19 -612.03 -13.50 409.73 -0.56 0.99 -0.51 0.31 0.31 0.32 0.78
11.00 30.21 335.85 -253.86 447.45 0.59 -0.61 0.95 0.16 0.87 0.85 0.41
14.00 32.16 -104.26 -575.54 471.64 -0.21 0.31 -0.64 0.38 0.76 0.77 0.57
23.00 58.37 601.87 55.92 -53.20 -0.15 0.87 0.10 0.16 0.92 0.16 0.42
17.00 9.33 474.35 285.30 522.03 0.36 -0.32 0.79 0.83 0.42 0.80 0.75
5.00 0.89 335.54 112.82 338.97 0.77 0.94 -0.12 0.04 0.80 0.18 0.31
15.00 50.63 83.68 348.99 608.40 -0.45 -0.72 0.24 0.79 1.00 0.23 0.08
13.00 42.01 3.67 149.02 12.81 0.98 0.04 -0.09 0.26 0.45 0.25 0.76
6.00 1.48 128.74 -655.29 -376.49 -0.81 -0.84 -0.91 0.58 0.51 0.17 0.88
10.00 3.33 -267.75 -37.96 -573.69 -0.05 -0.56 0.30 0.89 0.59 0.80 0.34
15.00 27.44 -344.26 473.24 527.16 0.48 0.39 -0.22 0.39 0.43 0.06 0.44
20.00 130.29 -444.91 394.98 -206.21 -0.70 0.20 -0.80 0.24 0.56 0.87 0.53
7.00 8.33 150.74 -373.64 649.63 -0.95 -0.88 -0.50 0.16 0.50 0.62 0.39
5.00 1.69 -388.80 495.40 -279.70 -0.10 -0.46 -0.57 0.26 0.35 0.48 0.55
16.00 1.29 -433.82 -136.98 459.31 0.15 0.60 -0.31 0.81 0.80 0.14 0.55
16.00 74.00 -343.12 320.93 537.88 0.40 -0.28 -0.57 0.09 0.69 0.29 0.71
14.00 22.72 -135.73 758.94 -105.69 -0.22 -0.25 -0.62 0.69 0.78 0.07 1.00
13.00 47.83 -281.97 663.56 313.73 0.53 0.40 -0.25 0.86 0.16 0.41 0.10
24.00 18.43 -699.47 226.61 -36.73 -0.13 0.46 0.31 0.57 0.93 0.69 0.50
22.00 15.82 -31.37 -372.22 -176.29 0.62 0.71 0.96 0.74 0.36 0.98 0.43
5.00 2.74 328.52 178.35 -329.96 0.43 0.47 -0.50 0.86 0.85 0.16 0.49
17.00 47.65 -177.31 70.79 774.47 0.90 -0.34 -0.48 0.08 0.67 0.98 0.18
9.00 18.13 -342.47 13.27 -438.46 0.57 0.60 0.15 0.72 0.24 0.97 0.37
22.00 145.18 -633.05 62.98 481.97 0.53 -0.73 0.05 0.79 0.19 0.74 0.62
6.00 9.69 -169.28 -256.85 -167.64 0.42 -0.19 -0.66 0.87 0.38 0.30 0.01
17.00 68.54 74.30 -573.20 169.29 -0.04 -0.16 0.91 0.42 0.74 0.05 0.16
9.00 11.24 -428.61 -611.42 184.62 -0.59 -0.06 0.25 0.21 0.73 0.26 0.80
13.00 25.35 277.85 -274.17 -188.48 0.32 -0.05 -0.87 0.93 0.09 0.57 0.88
16.00 38.99 -430.43 305.17 328.43 -0.97 -1.00 -0.16 0.25 0.15 0.05 0.93
9.00 19.43 -53.91 554.66 -36.27 0.30 -0.03 -0.69 0.48 0.82 0.37 0.32
18.00 102.34 -156.64 -752.52 199.86 -0.63 -0.65 -0.97 0.84 0.57 0.00 0.48
34.00 123.19 -27.14 -81.41 -702.77 0.48 0.25 -0.25 0.44 0.63 0.78 0.49
29.00 151.21 183.46 320.04 -374.21 -0.04 -0.86 0.94 0.05 0.26 0.61 1.00
5.00 3.55 120.85 147.01 466.49 -0.83 -0.44 0.36 0.44 0.12 0.32 0.50
34.00 61.17 -463.61 408.45 59.07 0.41 0.60 0.92 0.69 0.74 0.65 0.02
18.00 89.93 -95.22 130.78 353.41 -0.14 -0.28 0.69 0.90 0.36 0.04 0.54
13.00 30.04 -41.75 -462.60 1.63 -0.76 0.76 0.58 0.43 0.23 0.95 0.25
21.00 11.05 303.21 73.19 -548.70 0.57 -0.55 -0.05 0.76 0.16 0.94 0.69
25.00 73.47 -692.15 17.96 -191.29 0.03 0.27 -0.59 0.36 0.28 0.05 0.03
15.00 48.82 473.09 53.94 -62.67 -0.70 0.51 0.03 0.61 0.65 0.96 0.66
9.00 17.53 -39.98 -270.62 85.88 -0.80 0.48 -0.39 0.45 0.19 0.17 0.59
15.00 4.68 -459.50 -468.15 309.49 -0.88 -0.82 -0.49 0.66 0.71 0.91 0.73
16.00 6.92 213.04 614.33 -5.38 -0.16 -0.38 0.63 0.83 0.71 0.36 0.04
20.00 43.44 8.29 -71.33 703.77 0.93 0.10 0.07 0.78 0.53 0.17 0.99
16.00 69.96 -255.60 -216.20 145.04 -0.81 -0.13 0.60 0.73 0.90 0.42 0.27
6.00 0.21 165.14 -326.41 -53.25 -0.66 0.53 0.39 0.69 0.37 0.67 0.65
10.00 29.98 696.84 -199.63 -88.68 0.19 0.86 0.02 0.57 0.67 0.35 0.80
18.00 57.74 549.91 29.00 307.62 -0.86 -0.27 0.60 0.05 0.12 0.95 0.19
9.00 11.60 185.38 512.21 180.80 -0.09 -0.93 -0.30 0.55 0.71 0.20 0.95
25.00 163.46 45.14 211.09 -316.06 0.24 0.71 -0.47 0.03 0.36 0.92 0.12
10.00 20.98 82.32 -338.54 -549.16 -0.44 -0.52 0.56 0.08 0.37 0.55 0.65
5.00 0.74 335.71 -12.06 -462.74 0.40 0.32 0.31 0.47 0.70 0.72 0.50
12.00 0.39 510.75 584.21 99.19 0.86 0.52 -0.78 0.41 0.33 0.72 0.14
8.00 7.53 -380.84 219.02 -632.45 -0.11 0.67 -0.75 0.18 0.22 0.41 0.70
14.00 20.26 -54.47 -574.93 38.49 -0.43 -0.43 0.69 0.19 0.31 0.82 0.65
24.00 148.35 53.89 -749.69 266.96 0.95 -0.61 -1.00 0.31 0.03 0.79 0.51
12.00 41.40 -112.96 518.41 428.48 0.06 -0.77 0.18 0.26 0.22 0.54 0.92
8.00 3.39 -42.32 -778.03 -55.37 -0.82 -0.15 0.53 0.02 0.48 0.62 0.96
14.00 11.64 -357.85 -441.69 560.02 -0.88 -0.83 0.39 0.67 0.77 0.98 0.68
19.00 54.87 308.47 526.05 18.50 -0.19 -0.36 0.15 0.53 0.41 0.33 0.25
5.00 2.80 477.99 433.76 -47.15 0.85 0.70 -0.20 0.64 0.98 0.28 0.61
6.00 3.33 560.00 -325.82 26.94 0.63 0.65 -0.72 0.66 0.06 0.46 0.83
9.00 25.42 -371.53 -476.35 -306.04 -0.10 -0.34 -0.10 0.44 0.26 0.90 0.69
25.00 128.75 -225.20 -131.55 -733.22 -0.63 -0.91 -0.01 0.28 0.10 0.57 0.60
7.00 5.43 550.15 -458.12 -344.58 0.57 0.86 0.64 0.21 0.52 0.23 0.44
21.00 92.89 -80.58 629.27 407.02 0.77 0.26 -0.35 0.82 0.60 0.89 0.75
9.00 9.17 -77.99 -206.81 -282.78 -0.02 -0.54 -0.09 0.23 0.56 0.56 0.50
28.00 222.72 -653.08 85.70 -161.68 0.98 -0.27 -0.44 0.13 0.41 0.46 0.55
7.00 5.87 -351.39 380.22 -413.71 0.52 0.47 0.36 0.58 0.78 0.30 0.81
6.00 7.63 -258.47 -611.81 139.44 -0.69 -0.18 0.02 0.50 0.60 0.39 0.96
5.00 8.03 -359.45 -89.02 -221.56 0.98 -0.75 -0.71 0.07 0.38 0.57 0.64
22.00 68.97 229.72 695.28 -296.59 -0.41 0.12 -0.18 0.92 0.57 0.92 0.99
24.00 162.89 219.48 221.87 310.79 0.29 -0.30 -0.53 0.04 0.16 0.22 0.81
29.00 0.34 762.98 132.19 -59.17 -0.98 -0.45 -0.35 0.56 0.97 0.89 0.32
12.00 31.67 -688.05 -118.16 -47.68 0.76 -0.90 0.84 0.47 0.17 0.19 0.98
15.00 24.73 -627.68 47.16 247.88 -0.56 0.80 0.97 0.75 0.18 0.21 0.80
6.00 3.76 23.70 381.04 -127.57 -0.78 0.66 -0.48 0.48 0.90 0.55 0.70
18.00 40.78 62.95 -781.10 82.32 0.58 0.02 -0.47 0.97 0.27 0.39 0.28
13.00 48.93 241.09 69.80 517.71 0.24 -0.04 -0.61 0.38 0.84 0.18 0.46
8.00 10.06 -513.75 -378.48 -146.15 -0.23 -0.63 0.05 0.45 0.15 0.53 0.73
8.00 0.81 122.75 -408.26 666.33 -0.99 0.98 0.99 0.23 0.42 0.30 0.85
6.00 2.01 -23.17 145.20 724.43 0.21 -0.03 -0.25 0.41 0.37 0.68 0.62
33.00 318.61 -63.88 -4.06 83.12 -0.64 -0.62 -0.51 0.13 0.50 0.18 0.85
6.00 1.28 -469.55 -259.62 -135.85 0.02 0.82 0.36 0.33 0.54 0.56 0.61
13.00 54.12 -480.04 186.20 276.12 -0.94 0.71 -0.95 0.80 0.83 0.84 0.06
20.00 132.61 492.76 -358.07 -504.96 -0.03 0.04 0.54 0.24 0.51 0.42 0.24
5.00 6.96 -697.49 269.78 134.52 0.81 0.95 -0.43 0.08 0.54 0.58 0.07
7.00 10.43 -421.32 -125.36 647.31 0.33 0.85 0.28 0.38 0.81 0.79 0.80
31.00 42.64 -115.61 313.36 526.35 -0.28 0.82 0.12 0.11 0.05 0.67 0.09
17.00 22.16 125.16 244.98 54.36 0.36 -0.95 -0.21 0.39 0.97 0.61 0.14
6.00 7.27 25.68 -220.15 -516.92 0.08 0.99 0.62 0.19 0.67 0.63 0.74
16.00 45.76 269.61 -12.32 -15.44 -0.20 -0.14 -0.40 0.77 0.05 0.97 0.76
9.00 12.25 503.17 -84.59 553.50 -0.14 0.84 -0.02 0.38 0.37 0.41 0.77
9.00 18.99 -239.28 -424.24 536.73 -0.36 -0.26 -0.11 0.48 0.10 0.75 0.25
10.00 21.38 -420.33 -454.98 350.81 0.67 0.29 -0.53 0.94 0.66 0.08 0.00
7.00 6.45 -373.79 304.12 158.13 -0.20 0.66 -0.40 0.30 0.09 0.16 0.39
7.00 8.17 -587.62 312.48 -255.50 0.56 0.55 -0.42 0.89 0.58 0.58 0.09
5.00 4.58 349.43 208.37 -452.12 -0.81 -0.25 -0.62 0.70 0.87 0.16 0.37
7.00 12.26 496.13 -300.52 234.15 0.35 0.34 0.66 0.65 0.78 0.98 0.08
12.00 14.17 20.39 504.21 341.68 -0.48 -0.84 0.16 0.42 0.44 0.96 0.18
11.00 29.25 198.34 -260.18 497.52 0.79 0.18 -0.38 0.12 0.29 0.15 0.30
13.00 7.40 346.88 469.78 107.56 0.44 -0.03 -0.25 0.13 0.50 0.75 0.62
19.00 10.05 323.18 102.27 465.28 1.00 0.27 -0.47 0.90 0.62 0.42 0.17
5.00 4.87 68.93 -546.36 522.02 0.44 -0.30 0.43 0.66 0.48 0.20 0.82
11.00 37.98 286.79 -215.79 -101.41 -0.79 0.69 0.32 0.00 0.71 0.18 0.45
20.00 84.24 507.24 154.43 41.72 -0.87 0.13 0.12 0.50 0.88 0.78 0.92
19.00 87.60 575.60 -291.11 345.18 -0.05 -0.73 0.38 0.18 0.70 0.80 0.38
8.00 13.84 106.28 -495.60 304.46 1.00 -0.35 0.30 0.42 0.23 0.04 0.13
19.00 65.80 -166.54 133.72 100.99 -0.96 -0.46 -0.29 0.45 0.07 0.18 0.59
14.00 5.86 437.95 413.32 177.90 0.79 -0.36 0.19 0.95 0.69 0.62 0.71
12.00 30.15 -135.46 -133.50 -723.85 1.00 -0.91 0.31 0.06 1.00 0.38 0.74
14.00 43.95 -512.92 -270.98 216.83 0.99 0.12 0.70 0.93 0.29 0.20 0.76
27.00 235.66 -456.29 360.44 -39.73 0.72 0.32 -0.53 0.91 0.41 0.19 0.86
12.00 19.45 -356.89 -294.62 -486.87 -0.30 -0.36 0.71 0.72 0.35 0.41 0.64
19.00 71.05 545.11 -172.65 501.10 0.37 -0.16 0.94 0.45 0.92 0.79 0.74
13.00 26.33 -485.49 -395.38 491.38 -0.77 0.91 -0.55 0.47 0.92 0.96 0.14
13.00 49.67 482.95 498.35 41.43 -0.61 0.64 0.33 0.71 0.10 0.40 0.17
14.00 16.38 -741.74 -211.45 180.77 0.42 0.40 -0.12 0.74 0.16 0.74 0.78
9.00 15.56 -662.73 -248.65 194.84 0.86 -0.06 -0.37 0.09 0.64 0.53 0.98
20.00 87.67 254.77 -29.46 -338.74 0.85 0.80 -0.54 0.75 0.30 0.58 0.58
12.00 14.70 -368.64 -473.55 -166.73 -0.79 0.92 0.50 0.72 0.68 0.35 0.86
9.00 9.25 -99.55 20.26 -546.94 0.79 0.27 -0.12 0.05 0.90 0.55 0.27
11.00 16.87 -628.13 -325.07 -106.59 -0.80 -0.82 -0.91 0.75 0.85 0.02 0.74
30.00 160.53 742.90 59.48 33.39 -0.70 -0.52 0.20 0.16 0.57 0.57 0.28
22.00 11.75 18.43 -458.29 -346.11 0.42 0.53 0.69 0.47 0.82 0.21 0.65
5.00 5.81 256.05 308.60 288.73 0.56 0.56 -0.44 0.10 0.91 0.06 0.30
6.00 5.22 -88.80 259.30 489.16 -0.26 0.27 0.08 0.23 0.43 0.66 0.27
35.00 38.71 34.74 -351.22 -239.42 0.63 -0.21 -0.12 0.65 0.37 0.61 0.07
13.00 47.71 439.94 -576.30 278.56 -1.00 -0.44 0.13 0.76 0.09 0.50 0.12
6.00 11.50 86.70 -276.01 -528.44 0.08 -0.04 -0.88 0.68 0.65 0.11 0.01
7.00 12.27 465.93 181.49 490.15 0.91 0.18 0.62 0.37 0.18 0.69 0.18
7.00 14.32 170.70 -547.91 275.73 -0.32 0.00 -0.55 0.64 0.26 0.27 0.77
12.00 37.15 61.10 561.59 -431.30 0.57 -0.51 -0.31 0.71 0.37 0.02 0.86
6.00 10.98 274.51 394.39 -161.02 0.85 -0.63 0.90 0.51 0.69 0.97 0.71
17.00 7.45 102.17 131.90 511.71 0.16 0.45 0.81 0.24 0.85 0.97 0.71
7.00 6.47 104.62 23.98 52.02 -0.06 0.18 -0.81 0.07 0.07 0.78 0.54
26.00 59.43 309.17 -447.97 187.66 -0.80 0.44 0.83 0.41 0.88 0.96 0.11
13.00 19.14 -306.67 -587.79 -419.05 -0.47 -0.28 0.64 0.75 0.13 0.40 0.04
11.00 24.14 -358.12 -65.20 36.58 -0.15 -0.38 -0.98 0.43 0.78 0.01 0.09
15.00 55.56 -156.23 -449.81 -425.33 -0.81 -0.30 -0.12 0.55 0.54 0.76 0.56
12.00 14.25 -324.09 -393.49 -335.42 0.93 -0.58 0.31 0.47 0.10 0.91 0.59
20.00 56.09 271.35 559.87 36.80 -0.58 -0.65 -0.99 0.69 0.41 0.35 0.19
37.00 302.75 716.79 55.73 108.47 0.38 -0.90 0.73 0.66 0.71 0.53 0.83
12.00 8.54 -226.83 211.63 -315.00 0.81 -0.34 0.14 0.45 0.20 0.38 0.04
6.00 8.33 -332.73 -471.37 -43.09 0.10 0.25 0.12 0.45 0.22 0.64 0.75
22.00 75.47 -458.63 -451.79 -121.41 -0.60 -0.31 -0.06 0.81 0.77 0.45 0.11
12.00 1.92 -155.01 -379.63 -382.44 0.09 0.51 -0.89 0.18 0.91 0.78 0.50
12.00 45.54 26.24 -12.84 -484.59 -0.11 0.31 0.42 0.73 0.98 0.86 0.05
19.00 59.19 445.71 -19.71 -300.71 0.34 -1.00 0.56 0.82 0.89 0.49 0.78
7.00 13.75 343.03 -401.29 452.35 0.14 0.04 -0.95 0.26 0.26 0.22 0.14
5.00 6.32 -189.19 196.83 562.95 0.48 0.43 -0.48 0.90 0.31 0.05 0.51
5.00 0.14 -152.23 -417.89 48.62 0.10 -0.54 0.73 0.33 0.01 0.34 0.18
9.00 23.76 263.91 440.89 272.34 -0.93 0.17 -0.45 0.46 1.00 0.18 0.89
6.00 7.84 353.27 -13.06 -610.18 -0.39 0.18 -0.59 0.00 0.06 0.99 0.92
16.00 55.29 239.68 -300.17 686.90 -0.59 -0.43 -0.43 0.96 0.24 0.34 0.16
6.00 9.57 -456.58 -281.60 -165.64 0.32 0.23 -0.26 0.67 0.29 0.30 0.21
37.00 49.77 -507.04 73.35 95.92 -0.18 0.13 -0.70 0.54 0.20 0.88 0.29
5.00 1.93 -251.64 -204.52 600.50 0.02 -0.47 0.14 0.37 0.51 0.57 0.39
7.00 13.31 -254.41 -173.25 -287.13 -0.03 0.95 0.64 0.20 0.55 0.67 0.77
14.00 40.55 -56.01 108.25 -519.49 -0.56 -0.77 -0.22 0.97 0.63 0.98 0.50
31.00 43.41 204.72 -427.51 592.35 -0.04 0.35 0.13 0.05 0.17 0.22 0.06
16.00 56.64 459.16 483.95 96.67 0.93 -0.54 -0.42 0.44 0.09 0.91 0.33
7.00 1.33 191.71 -6.58 56.77 0.96 -0.55 0.93 0.17 0.97 0.48 0.99
6.00 11.08 -259.75 60.44 -483.36 -0.80 -0.40 -0.68 0.85 0.19 0.35 0.95
10.00 16.53 -397.26 298.14 35.75 -0.33 0.84 0.26 0.18 0.37 0.38 0.13
6.00 1.82 -473.49 338.64 -164.14 0.95 -0.48 0.01 0.94 0.70 0.47 0.68
9.00 22.33 333.23 -635.56 -26.13 0.12 -0.96 0.25 0.17 0.83 0.62 0.69
9.00 25.28 -214.11 -343.07 240.62 -0.78 0.32 0.95 0.80 0.71 0.51 0.69
10.00 11.66 76.08 -527.10 553.43 0.07 0.79 0.01 0.57 0.74 0.16 0.66
7.00 0.61 -391.37 108.24 -401.89 -0.19 -0.26 0.91 0.35 0.41 0.82 0.20
7.00 6.15 -410.56 273.20 510.95 0.62 -0.90 0.17 0.56 0.21 0.74 0.52
19.00 6.05 648.05 -19.65 -447.13 0.75 -0.34 0.81 0.63 0.51 0.10 0.04
5.00 1.96 688.23 42.88 -79.35 -0.65 0.68 -0.15 0.16 0.04 0.82 0.29
18.00 5.60 -415.94 -493.05 181.06 -0.52 0.43 -0.67 0.10 0.84 0.34 0.13
9.00 0.96 -537.31 124.52 159.30 0.75 0.98 0.94 0.34 0.63 0.45 0.07
33.00 219.12 461.28 -296.20 -260.00 -0.27 -0.71 -0.71 0.01 0.24 0.31 0.17
6.00 11.67 475.55 138.03 50.02 0.66 -0.55 0.44 0.82 0.62 0.39 0.13
15.00 29.36 -622.76 44.61 -192.54 -0.28 0.32 -0.79 0.35 0.85 0.86 0.01
32.00 103.27 430.30 84.38 481.76 -0.83 -0.77 -0.52 0.26 0.23 0.94 0.00
19.00 76.78 -247.23 323.68 596.97 0.80 0.21 -0.88 0.71 0.88 0.02 0.83
12.00 5.96 -335.43 -80.97 -606.23 0.28 0.24 0.69 0.33 0.34 0.42 0.06
17.00 66.44 -122.19 710.65 88.17 -0.51 0.17 0.70 0.57 0.80 0.02 0.92
16.00 62.40 -261.22 -75.44 -601.98 0.22 0.45 0.66 0.79 0.51 0.09 1.00
31.00 260.26 73.11 257.18 649.70 0.63 -0.94 0.03 0.11 0.80 0.96 0.70
35.00 257.35 -195.41 416.35 436.04 -0.06 -0.75 -0.98 0.18 0.11 0.42 0.01
5.00 1.51 22.81 552.20 -275.40 0.44 0.98 0.61 0.60 0.95 0.98 0.27
24.00 52.72 -259.78 1.91 -235.97 -0.85 -0.63 0.01 0.56 0.50 0.12 0.77
15.00 60.94 -202.89 246.96 -286.32 0.72 0.40 -0.76 0.06 0.29 0.67 0.27
20.00 33.64 -502.76 41.22 183.91 -0.12 0.04 0.81 0.19 0.71 0.21 0.39
10.00 13.05 -491.48 -91.09 146.38 0.33 0.35 -0.95 0.33 0.75 0.17 0.51
7.00 3.00 -146.30 -510.86 -476.76 0.52 -0.15 0.54 0.87 0.34 0.55 0.97
7.00 0.84 526.35 118.66 -369.72 -0.84 0.65 -0.23 0.13 0.85 0.08 0.52
18.00 49.17 506.92 -171.92 231.54 0.81 0.27 0.83 0.20 0.51 0.06 0.71
17.00 46.94 -143.91 587.07 85.87 -0.21 0.57 0.19 0.41 0.36 0.61 0.39
8.00 2.49 254.81 247.20 -538.96 -0.26 0.68 0.45 0.30 0.06 0.08 0.06
7.00 16.28 -103.35 -624.24 20.78 0.37 -0.84 0.63 0.33 0.60 0.78 0.46
18.00 43.26 -451.86 -405.72 422.93 -0.86 0.28 -0.35 0.02 0.82 0.37 0.66
17.00 23.41 -448.24 80.08 -641.14 -0.46 0.13 -0.94 0.80 0.27 0.84 0.87
15.00 9.04 -292.65 171.21 557.42 0.85 0.74 0.22 0.63 0.57 0.21 0.13
20.00 43.19 -156.98 -285.74 -457.75 -0.37 -0.31 -0.29 0.21 0.50 0.28 0.46
24.00 181.75 -184.41 376.53 -476.02 -0.18 -0.02 0.29 0.06 0.03 0.06 0.63
29.00 131.04 -436.02 -102.75 -624.55 -0.32 0.84 0.28 0.89 0.50 0.96 0.16
13.00 21.28 -501.07 -379.85 -108.71 -0.62 -0.72 -0.86 0.35 0.56 0.21 0.50
29.00 71.26 -619.26 -78.56 -154.08 0.37 0.89 -0.06 1.00 0.14 0.75 0.11
7.00 7.15 -285.99 270.63 -457.04 0.08 0.31 -0.17 0.77 0.49 0.24 0.46
6.00 1.16 -160.78 435.52 116.58 -0.18 -0.75 0.36 0.02 0.95 0.25 0.11
5.00 1.44 -405.06 25.38 2.89 -0.24 -0.10 0.97 0.43 0.00 0.04 0.56
10.00 4.42 -573.62 -7.60 -443.52 0.31 0.64 0.21 0.51 0.75 0.08 0.64
10.00 19.23 468.58 -263.96 -178.01 0.98 0.20 0.14 0.83 0.62 0.92 0.48
31.00 249.22 314.29 -88.47 -109.11 0.45 0.61 0.84 0.42 0.74 0.32 0.40
10.00 10.76 194.46 -716.12 222.68 0.06 -0.36 -0.97 0.97 0.09 0.11 0.77
7.00 11.25 -76.49 -479.75 469.50 0.06 0.45 -0.48 0.27 0.22 0.49 0.18
10.00 1.61 -182.41 413.81 526.71 -0.35 0.78 -0.90 0.28 0.77 0.16 0.79
14.00 2.41 -7.92 -182.82 204.05 -0.00 -1.00 0.09 0.91 0.49 0.41 0.71
6.00 5.45 662.44 -389.77 -212.42 0.27 -0.54 -0.36 0.79 1.00 0.98 0.79
10.00 15.35 -347.63 -255.36 268.90 0.64 0.33 -0.85 0.04 0.22 0.64 0.95
28.00 225.67 -261.47 -740.49 102.03 -0.48 0.76 -0.93 0.96 0.36 0.98 0.38
13.00 41.34 -110.88 -493.23 578.23 0.86 -0.67 0.02 0.31 0.07 0.23 0.99
33.00 146.32 -460.17 -349.80 209.23 -0.08 -0.03 0.09 0.78 0.47 0.56 0.28
31.00 147.22 -402.51 487.04 64.06 -0.85 -0.63 0.16 0.78 0.55 0.41 0.40
8.00 18.15 -239.65 477.81 139.39 0.79 -0.91 -0.71 0.55 0.59 0.31 0.92
14.00 41.93 -223.10 -395.56 -512.02 0.74 -0.38 0.41 0.88 0.01 0.61 0.77
8.00 5.88 38.98 519.42 321.34 0.42 0.34 -0.11 0.66 0.81 0.98 0.56
16.00 71.39 36.54 648.18 -10.23 0.47 -0.02 0.77 0.03 0.51 0.52 0.02
29.00 237.43 480.84 402.73 -408.59 0.82 0.12 -0.07 0.87 0.10 0.91 0.45
17.00 30.31 -373.28 93.97 107.25 0.55 0.20 0.18 0.44 0.06 0.64 0.60
9.00 6.55 -132.57 -347.50 662.99 -0.71 0.53 -0.01 0.60 0.58 0.29 0.48
13.00 34.42 -326.09 -577.88 -388.76 -0.63 0.22 -0.17 0.79 0.81 0.87 0.87
12.00 36.53 439.67 -70.19 470.90 0.53 -0.81 0.11 0.92 0.42 0.90 0.31
21.00 106.63 52.25 762.56 -94.68 -0.20 -0.53 -0.92 0.86 0.94 0.46 0.72
16.00 53.52 105.52 110.07 -403.63 -0.98 -0.49 0.39 0.74 0.68 0.21 0.26
8.00 12.92 372.00 158.98 470.78 -0.18 -0.42 -0.98 0.39 0.58 0.60 0.12
8.00 14.96 581.08 -322.20 427.78 -0.08 0.84 0.33 0.04 0.54 0.73 0.08
6.00 7.87 144.04 -779.86 34.94 -0.84 0.25 0.67 0.30 0.72 0.87 0.94
26.00 101.50 -305.76 384.98 622.86 -0.41 -0.80 -0.24 0.12 0.64 0.09 0.97
26.00 104.90 653.76 -135.08 -170.77 0.44 0.34 -0.74 0.35 0.04 0.71 0.77
6.00 2.00 -588.01 -101.23 -275.52 0.15 0.37 0.10 0.96 0.06 0.49 0.99
16.00 41.32 253.86 55.06 -677.81 -0.82 -0.30 0.10 0.49 0.77 0.02 0.33
6.00 4.29 117.70 48.50 -208.73 -0.30 0.21 -0.33 0.55 0.73 0.69 0.25
7.00 13.76 628.00 348.69 52.17 -0.16 -0.06 -0.14 0.97 0.68 0.03 0.87
11.00 29.79 -326.68 443.76 -163.91 0.19 -0.85 -0.30 0.62 0.60 0.25 0.12
5.00 2.53 -276.48 -149.64 447.33 0.88 -0.14 -0.93 0.96 0.27 0.43 0.34
22.00 54.08 216.92 146.99 454.71 0.46 -0.18 -0.45 0.34 0.42 0.58 0.33
11.00 4.95 -546.23 -251.28 50.04 0.82 0.14 0.36 0.93 0.22 0.30 0.28
9.00 9.68 -301.60 76.97 -144.47 0.36 0.29 -0.93 0.09 0.91 0.05 0.96