2.00 1184
5.00 2.80 -482.33 44.44 -425.52 0.14 -0.99 0.06 0.43 0.17 0.87 0.28
10.00 0.15 571.71 -280.42 307.07 0.98 -0.88 0.68 0.77 0.37 0.11 0.34
9.00 4.25 -502.89 501.44 318.31 0.72 0.33 0.89 0.24 0.40 0.64 0.86
15.00 35.75 -114.41 -267.30 742.24 -0.61 -0.58 0.68 0.56 0.21 0.43 0.73
23.00 59.99 -415.25 130.90 -44.86 -0.75 -0.24 -0.00 0.02 0.34 0.18 0.07
9.00 3.17 -461.24 347.24 -487.84 0.19 0.90 -0.97 0.95 0.29 0.70 0.87
5.00 4.41 -37.30 -12.64 349.29 -0.77 -0.71 0.43 0.50 0.18 0.59 0.08
14.00 31.09 543.95 429.23 -30.73 -0.85 -0.11 0.87 0.76 0.18 0.68 0.53
15.00 53.71 -316.39 416.83 548.72 0.08 -0.83 0.45 0.45 0.68 0.69 0.19
12.00 29.91 -422.45 -615.72 -147.40 0.32 -0.86 0.69 0.30 0.83 0.95 0.96
23.00 25.92 -571.73 -505.23 -76.91 -0.54 -0.77 -0.63 0.37 0.69 0.44 0.86
19.00 11.77 -83.71 -544.12 -339.23 0.21 0.86 0.89 0.89 0.32 0.58 0.86
6.00 3.46 181.87 676.09 -144.20 0.44 0.89 0.06 0.93 0.86 0.32 0.18
10.00 28.83 -481.90 -114.96 337.62 0.37 0.62 -0.36 0.88 0.39 0.65 0.34
18.00 81.92 90.31 409.50 479.70 0.92 -0.19 0.96 0.85 0.90 0.88 0.91
9.00 21.33 666.21 15.62 110.67 0.00 -0.67 -0.56 0.18 0.82 0.28 0.29
27.00 181.23 111.81 657.84 -20.25 -0.60 0.11 0.75 0.55 0.51 0.62 0.52
19.00 87.63 377.09 67.47 441.94 0.74 -0.62 -0.20 0.10 0.95 0.34 0.64
19.00 83.78 258.73 -34.22 -232.33 1.00 -0.84 0.34 0.56 0.87 0.61 0.48
9.00 4.98 356.43 -168.90 225.11 -0.95 0.18 -0.31 0.33 0.68 0.01 0.43
5.00 4.95 212.60 -356.85 471.08 0.16 -0.59 -0.11 0.06 0.47 0.18 0.87
9.00 18.19 -479.70 -425.97 -82.58 0.33 0.01 0.31 0.53 0.51 0.72 0.31
13.00 46.26 -373.68 -534.04 -416.76 0.60 -0.08 0.31 0.78 0.24 0.85 0.59
5.00 4.22 17.51 -250.74 446.76 -0.30 0.85 -0.12 0.27 0.36 0.99 0.99
7.00 12.62 -73.60 -146.49 81.61 0.97 -0.57 -0.35 0.01 0.06 0.78 0.37
5.00 0.87 -633.98 -237.17 141.10 -0.12 -0.75 0.54 0.81 0.57 0.43 0.77
22.00 40.55 276.59 -129.22 -407.99 0.60 -0.27 -0.37 0.82 0.51 0.63 0.75
16.00 55.01 -356.00 536.60 382.14 -0.40 -0.00 -0.22 0.43 0.91 0.36 0.75
7.00 10.77 695.43 -207.63 -199.86 0.88 -0.57 0.02 0.51 0.79 0.72 0.58
15.00 58.69 -126.40 616.21 180.35 0.38 -0.08 -0.77 0.04 0.49 0.36 0.64
6.00 2.45 -202.23 493.09 -236.66 0.67 -0.55 -0.25 0.59 0.44 0.18 0.63
25.00 177.05 706.07 42.22 279.35 0.74 0.67 -0.78 1.00 0.07 0.84 0.61
8.00 7.37 -330.45 -37.42 -435.94 -0.85 -0.67 0.82 0.46 0.33 0.19 0.48
14.00 42.74 284.18 316.25 185.20 -0.33 -0.04 -0.29 1.00 0.30 0.57 0.70
8.00 15.12 -215.90 -23.79 223.88 0.42 0.88 0.15 0.06 0.61 0.78 0.82
6.00 5.59 435.89 -477.14 79.20 0.89 -0.05 0.77 0.86 0.80 0.94 0.60
7.00 1.11 -107.38 -125.75 -373.55 0.08 -0.17 -0.42 0.29 0.90 0.95 0.95
16.00 73.00 -236.31 147.56 575.63 0.24 0.89 0.33 0.94 0.74 0.31 0.67
11.00 4.12 141.64 -285.12 115.58 -0.11 0.14 0.93 0.34 0.48 0.30 0.54
7.00 12.74 137.07 -6.41 -768.75 -0.12 0.93 -0.99 0.86 0.41 0.16 0.93
23.00 89.78 130.37 -85.84 580.35 -0.99 0.07 0.93 0.54 0.93 0.12 0.49
10.00 26.56 -301.29 -640.82 -205.59 -0.05 0.27 -0.50 0.33 0.98 0.01 0.34
9.00 23.16 223.59 228.29 -561.75 -0.17 -0.28 -0.77 0.72 0.58 0.17 0.77
8.00 9.79 592.24 292.01 24.57 -0.67 0.16 -0.39 0.73 0.03 0.57 0.73
8.00 9.97 -701.13 -138.33 108.75 0.90 0.03 -0.37 0.92 0.19 0.34 0.34
23.00 117.23 -329.56 -521.78 67.64 0.86 0.16 -0.19 0.55 0.86 0.79 0.16
22.00 102.80 244.34 -480.78 -204.75 0.08 -0.49 0.32 0.55 0.88 0.43 0.17
9.00 9.51 771.31 4.61 37.22 -0.56 -0.37 -0.64 0.94 0.44 0.19 0.68
18.00 10.62 -57.58 -565.54 -150.61 0.40 0.12 -0.09 0.93 0.44 0.54 0.65
19.00 1.65 -407.58 -6.20 -641.74 -0.58 -0.75 -0.36 0.66 0.60 0.70 0.43
5.00 1.32 241.47 501.21 -23.29 0.69 -0.89 0.18 0.32 0.18 0.45 0.68
8.00 8.87 263.08 203.08 438.95 0.94 0.65 -0.77 0.42 0.03 0.10 0.31
8.00 1.81 -60.31 -286.41 565.98 -0.83 0.10 -0.79 0.20 0.54 0.76 0.91
24.00 17.00 381.06 -81.20 439.94 0.29 0.83 -0.90 0.02 0.61 0.41 0.85
27.00 7.60 146.66 -437.66 266.52 -0.87 0.03 0.01 0.30 0.07 0.70 0.06
24.00 103.52 465.69 -447.29 18.45 -0.05 0.64 0.20 0.04 0.32 0.52 0.12
14.00 47.67 709.05 -332.96 -120.15 0.57 -0.51 0.07 0.05 0.56 0.38 0.46
14.00 49.84 588.11 -421.22 259.27 -0.99 0.73 0.88 0.88 0.89 0.00 0.90
7.00 4.51 615.24 -266.48 -247.65 -0.33 0.96 0.83 0.18 0.12 0.13 0.39
23.00 4.79 -239.81 -220.82 218.55 -0.53 -0.98 -0.71 0.02 0.29 0.80 0.16
20.00 48.59 -356.02 6.44 72.09 -0.90 0.73 -0.24 0.81 0.99 0.42 0.81
7.00 11.11 385.75 -197.59 387.14 -0.40 -0.51 0.53 0.61 0.24 0.40 0.24
8.00 10.33 758.22 -175.41 -60.26 0.21 -0.73 0.90 0.53 0.68 0.00 0.70
13.00 41.37 506.87 37.77 -216.95 -0.82 0.31 0.86 0.88 0.78 0.24 0.02
7.00 12.40 82.12 580.94 -10.43 -0.31 0.78 0.89 0.07 0.50 0.41 0.72
6.00 1.52 -633.01 170.87 -200.87 0.90 0.78 0.10 0.53 0.78 0.69 0.24
5.00 3.27 -613.04 432.89 176.27 0.97 0.79 -0.44 0.16 0.43 0.73 0.44
6.00 1.85 284.85 636.73 249.03 0.27 0.25 -0.33 0.81 0.59 0.38 0.23
9.00 21.79 -103.40 37.79 8.72 -0.53 -0.10 -0.45 0.45 0.67 0.84 0.96
5.00 6.36 166.38 -248.74 556.29 -0.48 0.57 0.37 0.24 0.22 0.88 0.31
22.00 116.44 -239.34 -400.34 -92.20 0.86 0.92 0.85 0.72 0.57 0.73 0.03
8.00 15.85 30.23 187.19 512.91 -0.93 0.75 -0.79 0.07 0.63 0.37 0.14
13.00 39.56 -208.58 60.08 -765.66 -0.19 0.81 0.95 0.83 0.12 0.02 0.86
19.00 94.43 -579.26 376.64 -54.45 -1.00 0.77 0.18 0.49 0.47 0.99 0.90
11.00 33.12 591.81 360.00 -240.54 -0.44 -0.26 0.55 0.47 0.64 0.76 0.95
22.00 18.95 29.72 393.49 247.15 -0.45 -0.74 0.12 0.62 0.80 0.07 0.06
7.00 13.04 -559.99 -186.29 -182.24 0.68 0.29 -0.77 0.57 0.78 0.85 0.94
6.00 9.91 -88.33 -513.49 -138.85 -0.13 -0.27 0.99 0.65 0.02 0.24 0.34
37.00 135.49 -691.85 -180.81 -4.96 -0.79 0.65 0.98 0.55 0.94 0.73 0.56
11.00 32.30 108.88 538.64 577.09 -0.33 -0.44 0.33 0.28 0.93 0.25 0.77
10.00 25.20 -649.02 -169.85 -284.66 0.10 0.25 0.18 0.10 0.88 0.11 0.13
10.00 10.47 122.87 -304.78 -50.33 -0.59 -0.17 -0.56 0.51 0.30 0.67 0.77
17.00 83.84 291.83 -27.13 -473.80 0.75 0.86 -0.60 0.83 0.07 0.75 0.44
20.00 31.97 -15.41 35.84 254.91 -0.83 -0.52 -0.61 0.22 0.16 0.28 0.38
10.00 8.64 -102.45 -45.34 715.11 -0.81 -0.88 0.49 0.04 0.34 0.03 0.17
9.00 3.71 -90.13 316.51 -685.21 -0.51 0.38 -0.16 0.65 0.40 0.32 0.73
28.00 23.05 80.59 109.80 338.87 -0.07 -0.15 -0.96 0.45 0.25 0.68 0.12
37.00 118.22 -130.38 -162.36 538.84 -0.46 -0.54 0.97 0.87 0.16 0.42 0.58
11.00 4.51 -437.08 47.28 -127.11 -0.33 -0.39 0.52 0.29 0.45 0.21 0.64
12.00 15.90 -5.04 -241.88 271.40 -0.32 0.01 0.59 0.83 0.94 0.01 0.07
16.00 69.20 270.17 580.00 -226.85 0.15 0.25 0.95 0.19 0.72 0.13 0.72
11.00 15.82 -554.01 281.97 -223.10 -0.21 0.85 0.51 0.28 0.76 0.18 0.76
30.00 18.18 -110.52 15.77 -432.19 -0.58 0.00 -0.95 0.67 0.88 0.80 0.27
5.00 5.68 -388.80 495.40 -279.70 -0.04 0.01 -0.57 0.27 0.12 0.26 0.01
5.00 5.18 86.48 -505.35 -387.11 0.42 0.28 -0.65 0.09 0.66 0.50 0.36
19.00 41.03 4.20 -4.35 -533.54 0.51 -0.61 -0.26 0.51 0.49 0.18 0.57
7.00 12.82 87.23 44.84 450.45 -0.77 -0.82 -0.26 0.16 0.13 0.25 0.87
13.00 13.63 431.92 240.51 -168.70 0.18 -0.68 -0.91 0.91 0.12 0.62 0.13
6.00 3.19 -204.02 -686.64 51.12 -0.89 -0.88 0.64 0.91 0.86 0.35 0.23
12.00 32.49 -413.43 308.82 -259.75 -0.20 -0.57 0.04 0.18 0.75 0.81 0.46
15.00 26.48 -146.17 689.54 -146.06 -0.73 0.26 -0.08 0.04 0.63 0.19 0.88
18.00 54.13 -235.82 193.19 -520.88 0.26 -0.84 0.45 0.57 0.79 0.10 0.65
30.00 254.91 250.35 133.94 -280.08 0.11 -0.79 0.90 0.61 0.26 0.88 0.39
11.00 28.52 -69.06 -457.07 437.36 0.16 0.14 0.01 0.24 0.68 0.13 0.71
7.00 9.78 -277.67 -123.62 19.23 0.75 -0.32 -1.00 0.07 0.66 0.71 0.20
10.00 20.56 -255.90 383.21 497.48 0.89 -0.41 -0.89 0.99 0.02 0.27 0.71
16.00 46.54 -56.08 275.06 -730.14 0.49 0.71 -1.00 0.03 0.34 0.18 0.43
15.00 61.06 2.17 -352.03 -697.46 0.31 -0.96 0.98 0.82 0.22 0.79 0.67
35.00 77.80 -279.30 -643.05 -92.47 0.99 -0.27 0.97 0.56 0.61 0.17 0.42
13.00 29.06 198.52 -20.76 -199.12 -0.48 0.17 0.93 0.44 0.40 0.54 0.95
20.00 33.51 -481.18 190.17 187.01 0.87 -0.03 0.63 0.83 0.65 0.82 0.54
9.00 13.76 -85.39 376.37 -555.47 0.46 -0.43 -0.71 0.86 0.25 0.93 0.74
10.00 25.42 657.65 208.22 -380.07 0.40 -0.39 -0.43 0.13 0.30 0.52 0.53
7.00 7.41 463.71 -266.57 -429.90 0.57 0.53 0.35 0.90 0.52 0.85 0.30
16.00 51.84 -568.92 387.16 -352.01 0.56 -0.28 0.22 0.32 0.58 0.10 0.33
7.00 5.05 -515.38 -258.43 -9.79 -0.91 0.57 0.73 0.47 0.07 0.34 0.75
20.00 37.56 -403.63 -146.03 213.19 0.82 0.34 -0.92 0.50 0.23 0.53 0.10
9.00 6.41 504.90 362.28 267.07 -0.76 -0.53 0.81 0.89 0.54 0.17 0.19
5.00 3.13 -649.81 405.53 -110.98 -0.78 -0.87 -0.90 0.50 0.24 0.52 0.78
20.00 91.04 -372.04 -596.02 -302.10 0.10 0.08 -0.20 0.34 0.81 0.51 0.43
18.00 69.99 602.01 372.45 -165.24 0.65 -0.40 0.99 0.92 0.45 0.00 0.81
11.00 12.53 522.84 515.67 77.97 0.01 0.38 0.19 0.60 0.24 0.10 0.24
8.00 5.31 -309.72 570.95 100.65 -0.57 -0.26 -0.03 0.58 0.46 0.32 0.31
13.00 48.43 458.41 503.02 374.56 0.65 0.12 -0.88 0.70 0.17 0.25 0.48
10.00 27.43 -191.44 246.55 278.48 -0.01 0.58 -0.29 0.51 0.52 0.68 0.58
23.00 140.04 -364.03 -473.61 -350.07 0.97 0.12 0.86 0.05 0.22 0.75 0.84
14.00 56.39 -108.53 237.13 118.52 -0.62 -0.36 -0.70 0.01 0.92 0.04 0.44
8.00 9.31 -134.90 294.47 -619.30 -0.92 -0.13 0.29 0.62 0.71 0.53 0.37
14.00 51.55 -541.10 260.37 -10.38 0.07 0.89 0.77 0.14 0.51 0.69 0.52
5.00 4.68 -615.74 -104.00 -303.04 0.40 -0.40 -0.20 0.09 0.66 0.35 0.89
13.00 44.17 74.83 465.57 141.86 0.89 -0.13 0.39 0.19 0.00 0.18 0.27
6.00 0.85 -178.75 -194.46 328.31 0.80 -0.91 0.71 0.92 0.11 0.40 0.86
12.00 0.88 -459.72 -252.08 100.09 -0.45 0.33 0.58 0.74 0.25 0.31 0.58
26.00 10.80 71.76 -41.03 537.09 0.18 0.66 -0.73 0.76 0.39 0.06 0.53
5.00 4.54 84.80 -13.66 333.08 -0.36 0.32 -0.09 0.25 0.09 0.87 0.72
5.00 2.63 306.95 -440.25 -140.11 -0.25 -0.37 0.90 0.25 0.59 0.22 0.34
12.00 19.05 -175.27 -130.36 466.35 -0.22 0.18 -0.51 0.64 0.25 0.32 0.48
5.00 0.10 454.28 373.46 -1.63 -0.52 -0.15 -0.30 0.31 0.22 0.70 0.07
6.00 3.27 -99.87 350.41 469.23 0.99 -0.25 -0.59 0.18 0.10 0.06 0.91
25.00 103.60 31.51 629.32 -150.47 -0.47 0.65 0.73 0.16 0.24 0.21 0.41
6.00 5.91 -178.11 143.01 -727.77 0.52 -0.57 0.33 0.20 0.09 0.16 0.20
7.00 9.46 357.31 -365.08 184.51 -0.35 -0.50 -0.68 0.66 0.56 0.59 0.29
13.00 8.56 -433.54 398.74 -384.63 -0.57 0.69 0.80 0.40 0.83 0.67 0.14
23.00 32.94 244.89 -533.42 -147.92 0.24 -0.87 0.49 0.18 0.58 0.94 0.38
18.00 52.00 -557.22 535.67 -73.93 -0.91 0.02 0.33 0.27 0.18 0.17 0.95
11.00 10.92 242.56 -343.54 -32.50 0.33 0.90 -0.63 0.55 0.94 0.63 0.29
12.00 32.33 15.58 -509.42 192.40 -0.49 -0.50 0.76 0.84 0.02 0.65 0.51
6.00 9.92 23.33 256.13 -356.33 -0.57 -0.77 -0.47 0.54 0.49 0.49 0.64
23.00 47.87 -135.40 445.75 -116.16 -0.21 -0.19 -0.81 0.08 0.42 0.27 0.09
5.00 2.19 -89.45 554.56 -497.34 0.28 0.73 0.91 0.86 0.95 0.00 0.87
7.00 0.57 -586.01 74.33 151.04 0.06 0.21 0.84 0.34 0.44 0.88 0.48
15.00 12.72 -43.26 301.20 154.86 0.31 -0.43 0.94 0.51 0.09 0.88 0.61
16.00 25.32 694.57 -21.90 100.92 -0.71 0.01 -0.50 0.04 0.42 0.12 0.14
15.00 49.89 158.39 -380.48 465.07 0.00 0.30 0.78 0.08 0.73 0.57 0.36
5.00 2.15 189.41 202.42 -370.74 0.12 0.02 -0.26 0.87 0.10 0.01 0.94
13.00 24.60 -123.00 -681.34 57.67 0.53 1.00 0.16 0.46 0.96 0.92 0.05
6.00 1.15 667.94 424.38 57.60 0.09 0.82 -0.70 0.36 0.53 0.73 0.96
13.00 31.74 109.35 466.96 187.05 0.30 -0.60 -0.28 0.66 0.19 0.75 0.43
9.00 23.30 -229.47 -484.72 343.59 -0.51 0.88 0.61 0.84 0.32 0.18 0.29
14.00 55.87 -598.89 59.92 437.96 -0.97 -0.07 -0.97 0.84 0.07 0.87 0.85
8.00 11.06 -152.77 36.59 -503.13 0.77 0.83 0.43 0.49 0.49 0.34 0.46
8.00 3.53 434.72 242.98 549.97 -0.30 0.31 -0.73 0.96 1.00 0.65 0.11
11.00 9.10 297.75 -525.25 482.29 -0.37 0.96 0.02 0.04 0.59 0.42 0.12
16.00 72.36 213.04 614.33 -5.38 0.19 0.37 -0.60 0.59 0.32 0.20 0.71
6.00 5.51 567.20 -35.91 50.54 0.00 -0.62 0.05 0.08 0.65 0.59 0.39
23.00 74.66 -28.79 -68.96 -256.43 0.30 0.23 0.94 0.04 0.10 0.92 0.36
8.00 12.09 -101.96 179.84 -124.94 0.20 0.84 0.14 0.98 0.61 0.92 0.07
16.00 11.26 721.49 165.15 62.31 0.23 -0.58 -0.70 0.90 0.03 0.95 0.94
10.00 4.87 18.52 202.67 455.02 -0.80 -0.14 -0.62 0.25 0.80 0.15 0.58
11.00 23.13 273.04 -278.01 666.95 0.32 0.83 0.54 0.18 0.87 0.78 0.21
15.00 57.44 -253.85 500.97 -154.64 -0.35 0.71 -0.61 0.62 0.14 0.23 0.65
8.00 18.35 225.24 269.53 -390.05 -0.20 0.72 0.96 0.35 0.66 0.16 0.14
14.00 56.80 530.75 -168.88 190.30 0.76 -0.14 0.91 0.79 0.74 0.77 0.07
14.00 42.26 75.62 -382.26 181.39 0.60 0.43 0.17 0.83 0.80 0.47 0.08
20.00 80.64 7.71 -79.45 578.21 0.86 0.90 -0.14 0.56 0.92 0.08 0.22
9.00 10.29 -262.79 -436.33 -383.92 -0.78 -0.04 0.15 0.93 0.60 0.09 0.68
7.00 13.64 -278.22 291.02 -44.85 0.53 -0.53 -0.88 0.06 0.53 0.21 0.27
10.00 0.86 24.67 -331.93 425.47 0.76 0.76 -0.78 0.55 0.44 0.14 0.71
6.00 8.04 332.47 113.75 -459.84 0.46 -0.67 0.29 0.25 0.61 0.01 0.14
13.00 27.67 628.46 125.93 35.30 -0.89 0.89 -0.07 0.15 0.42 0.63 0.33
11.00 13.11 -586.13 -282.36 -435.95 0.65 -0.76 0.57 0.75 0.14 0.00 0.98
8.00 16.23 -313.74 -455.30 510.99 -0.70 -0.02 -0.83 0.31 0.45 0.33 0.71
8.00 13.65 -32.76 186.56 -252.86 0.19 0.64 0.27 0.46 0.82 0.25 0.28
8.00 9.17 523.92 332.03 -307.06 -0.70 -0.21 0.82 0.71 0.80 0.17 0.67
17.00 8.93 -11.47 281.81 441.29 -0.93 -0.05 -0.54 0.69 0.22 0.05 0.60
13.00 11.08 -714.25 -311.44 78.70 -0.80 0.62 -0.14 0.98 0.12 0.08 0.31
30.00 60.32 -18.62 -637.10 -403.49 -0.34 0.99 0.08 0.23 0.31 0.54 0.21
5.00 6.04 -334.60 -460.06 448.48 0.69 -0.29 0.79 0.69 0.47 0.28 0.84
10.00 27.40 398.19 399.64 -263.15 0.15 0.59 0.70 0.92 0.33 0.20 0.19
13.00 49.09 248.46 440.56 75.59 0.77 -0.52 0.01 0.07 0.11 0.89 0.51
7.00 3.71 607.56 -242.80 17.89 -0.32 0.43 0.00 0.97 0.56 0.62 0.40
25.00 14.53 199.27 349.89 -143.74 -0.89 0.06 0.93 0.27 0.49 0.33 0.48
31.00 104.92 -31.95 70.67 333.95 0.03 0.35 0.27 0.54 0.54 0.91 0.23
10.00 6.51 479.62 522.68 -364.89 0.03 0.41 -0.90 0.01 0.39 0.80 0.79
15.00 14.79 168.11 -347.22 -441.52 0.60 -0.35 -0.74 0.02 0.21 0.19 0.16
7.00 9.40 17.81 -413.29 -15.73 -0.01 0.93 0.63 0.01 0.73 1.00 0.06
11.00 3.17 -166.27 155.43 67.87 0.50 0.51 -0.30 0.18 0.75 0.56 0.48
11.00 23.49 -259.39 -285.45 257.21 0.24 0.06 -0.12 0.40 0.06 0.42 1.00
10.00 12.14 93.79 384.36 -305.40 0.57 -0.78 0.15 0.39 0.78 0.12 0.62
13.00 48.63 -145.15 253.04 -88.10 0.27 -0.98 0.57 0.01 0.10 0.83 0.05
7.00 8.41 -421.26 -76.31 -110.55 -0.31 0.89 -0.38 0.98 0.94 0.82 0.13
12.00 28.22 -467.17 -538.18 362.20 -0.44 -0.59 0.60 0.37 0.82 0.99 0.37
8.00 2.15 -205.81 -257.26 539.29 -0.20 0.14 -0.75 0.05 0.57 0.70 0.73
9.00 22.43 -137.37 -704.08 -4.13 0.85 0.09 0.32 0.42 0.97 0.95 0.42
7.00 4.99 79.92 -697.70 -24.30 -0.52 -0.06 0.78 0.63 0.03 0.90 0.74
11.00 33.94 231.83 390.60 -145.77 -0.29 0.01 0.98 0.09 0.76 0.37 0.69
9.00 2.10 244.11 647.77 -244.74 -0.21 0.44 -0.59 0.63 0.67 0.01 0.41
5.00 3.28 -45.89 312.97 -74.65 -0.04 0.61 -0.37 0.87 0.20 0.04 0.75
5.00 0.40 -44.51 346.91 -718.26 -0.08 0.11 0.10 0.20 0.21 0.27 0.58
12.00 28.05 -7.21 286.18 -262.99 0.52 -0.69 -0.60 0.60 0.74 0.33 0.47
15.00 50.99 277.53 -444.49 334.84 -0.89 -0.79 -0.95 0.46 0.51 0.11 0.39
9.00 20.92 -61.20 402.20 352.51 -0.98 0.37 0.99 0.01 0.65 0.75 0.97
9.00 1.33 43.10 585.98 -235.77 -0.86 0.30 -0.92 0.96 0.94 0.21 0.99
15.00 16.48 -363.72 -407.03 -64.77 0.21 -0.83 0.61 0.19 0.75 0.74 0.21
20.00 90.30 -528.06 21.90 -261.87 -0.61 0.49 -0.31 0.79 0.18 0.45 0.95
5.00 6.09 558.69 -87.10 338.46 0.07 -0.46 -0.76 0.52 0.77 0.28 0.20
28.00 23.94 -52.89 -459.36 -616.77 -0.49 0.09 -0.81 0.76 0.23 0.72 0.01
7.00 8.31 307.74 -178.00 -44.92 0.82 0.31 0.98 0.58 0.62 0.89 0.51
5.00 6.00 -330.31 -420.83 232.80 0.79 0.99 -0.61 0.55 0.80 0.84 0.85
12.00 13.76 -227.24 689.39 68.99 -0.29 0.69 0.00 0.83 0.12 0.70 0.02
5.00 4.73 120.85 147.01 466.49 -0.28 -1.00 -0.30 0.22 0.27 0.82 0.28
19.00 29.26 -267.72 302.93 -485.54 0.35 -0.99 -0.30 0.43 0.70 0.00 0.60
6.00 6.81 283.62 -273.13 411.40 0.28 -0.73 0.07 0.33 0.88 0.82 0.46
18.00 85.81 -103.91 250.64 -683.20 -0.65 -0.60 0.58 0.61 0.07 1.00 0.48
21.00 71.86 -4.33 -534.41 -118.35 -0.52 -0.39 0.28 0.53 0.04 0.23 0.81
8.00 0.86 77.58 -422.52 151.07 -0.77 -0.77 -0.39 0.58 0.74 0.20 0.55
20.00 109.07 265.70 429.16 438.84 0.53 -0.01 0.27 0.47 0.18 0.05 0.81
10.00 19.56 59.55 357.33 126.20 -0.54 0.98 -0.83 0.94 0.79 0.54 0.47
11.00 29.89 -243.78 132.48 -398.55 0.62 0.90 0.43 0.49 0.33 0.91 0.20
5.00 3.52 -143.82 -476.11 -504.43 0.80 -0.03 -0.47 0.30 0.09 0.99 0.23
15.00 47.56 587.62 61.07 -382.96 0.70 -0.30 0.18 0.94 0.29 0.42 0.51
5.00 5.84 -166.35 -173.85 -566.86 -0.74 0.79 -0.16 0.72 0.43 0.37 0.42
5.00 4.19 -602.81 -5.59 -67.37 -0.14 -0.79 -0.08 0.89 0.44 0.99 0.04
18.00 5.67 90.51 49.99 -501.82 0.66 -0.70 -0.50 0.98 0.06 0.08 0.92
13.00 32.63 -540.50 -54.10 325.27 -0.43 0.09 0.79 0.96 0.02 0.55 0.01
10.00 3.84 -23.50 -102.56 -272.95 -0.11 -0.51 0.52 0.05 0.06 0.63 0.22
19.00 101.70 -252.93 213.35 665.77 -0.29 -0.60 0.04 0.92 0.14 0.10 0.89
25.00 158.46 614.34 -47.64 -374.17 0.76 0.03 0.55 0.12 0.92 0.14 0.17
25.00 174.34 -314.59 705.38 -193.67 -0.30 -0.33 0.46 0.96 0.57 0.73 0.00
8.00 4.26 -463.43 358.75 298.37 -0.86 0.10 0.49 0.07 0.58 0.78 0.79
25.00 37.16 -122.89 136.82 -529.17 0.82 -0.27 -0.28 0.51 0.38 0.46 0.15
6.00 2.32 164.04 207.18 648.91 0.95 0.16 -0.94 0.65 0.83 0.01 0.69
31.00 146.81 25.80 372.38 456.55 0.52 0.71 -0.42 0.09 0.59 0.92 0.61
18.00 30.14 -42.65 33.05 490.44 -0.67 0.24 -0.34 0.14 0.76 0.44 0.57
19.00 67.62 367.71 -160.24 -19.35 0.57 0.32 0.18 0.52 0.75 0.86 0.22
6.00 1.98 118.36 -502.72 -500.89 0.24 -0.56 0.55 0.59 0.12 0.35 0.48
13.00 18.33 -782.65 116.44 -31.43 0.16 -0.56 -0.97 0.52 0.40 0.30 0.92
26.00 119.79 336.15 -567.42 264.49 0.37 0.07 -0.61 0.84 0.14 0.53 0.69
8.00 16.98 -431.35 499.56 109.44 0.07 -0.17 0.33 0.63 0.90 0.64 0.21
27.00 120.17 115.15 67.76 -677.39 0.11 -0.11 0.61 0.29 1.00 0.25 0.76
7.00 2.88 184.57 512.81 54.79 0.65 0.21 -0.73 0.08 0.14 0.68 0.85
20.00 26.87 -539.74 57.61 440.98 -0.30 0.07 -0.39 0.67 0.06 0.64 0.80
21.00 33.97 -453.37 545.17 52.06 -0.29 0.59 0.39 0.02 0.50 0.35 0.80
15.00 16.78 -393.14 418.91 71.90 0.60 0.88 0.21 0.71 0.58 0.68 0.69
9.00 16.05 -317.75 551.03 -187.37 0.85 -0.58 0.61 0.10 0.28 0.67 0.84
9.00 16.94 -96.03 317.75 410.20 -0.69 0.66 0.20 0.75 0.61 0.37 0.86
16.00 12.18 -86.43 -117.87 455.16 0.55 0.10 0.97 0.43 0.69 0.83 0.19
6.00 3.35 -590.03 -326.03 -26.82 0.84 0.75 0.90 0.05 0.80 0.48 0.30
26.00 49.13 -15.42 451.60 42.52 -0.17 0.82 -0.54 0.50 0.61 1.00 0.02
24.00 156.46 107.36 731.76 92.03 0.43 0.92 -0.13 0.48 0.44 0.78 0.81
12.00 31.03 423.35 -368.71 -565.89 0.72 0.77 -0.05 0.72 0.42 0.28 0.00
18.00 39.84 -135.57 -482.08 -31.78 -0.21 -0.61 -0.82 0.86 0.52 0.43 0.68
9.00 17.23 81.03 48.81 -416.82 0.59 -0.66 -0.07 0.49 0.48 0.48 0.97
15.00 61.95 -429.58 309.80 -441.66 0.50 0.87 0.78 0.86 0.36 0.69 0.56
20.00 98.91 275.88 -151.09 36.97 0.90 -0.04 0.39 0.73 0.69 0.60 0.59
9.00 14.62 245.53 -193.39 -276.12 -0.87 -0.27 0.02 0.53 0.51 0.13 0.33
18.00 64.68 -269.31 -461.18 -185.85 -0.04 0.78 -0.21 0.33 0.34 0.76 0.54
6.00 8.87 -37.43 -659.07 407.63 -0.23 0.03 0.65 0.84 0.45 0.59 0.49
6.00 6.71 -456.58 -281.60 -165.64 -0.14 0.04 0.60 0.14 0.60 0.12 0.88
9.00 6.13 63.45 262.96 258.43 -0.09 0.47 -0.26 0.71 0.69 0.15 0.79
6.00 4.57 188.86 -709.89 303.14 -0.04 0.45 0.85 0.56 0.63 0.12 0.52
9.00 6.64 -449.88 -131.02 536.15 0.39 0.05 0.46 0.77 0.67 0.49 0.90
9.00 2.65 -151.74 -64.13 279.69 -0.23 0.90 -0.67 0.45 0.51 0.36 0.41
18.00 62.38 -4.08 -240.67 100.10 0.09 -0.60 0.50 0.26 0.64 0.41 0.29
6.00 6.94 468.23 -315.57 -412.85 -0.07 -0.00 -0.02 0.85 0.80 0.51 0.25
12.00 20.80 -274.43 67.30 -269.37 -0.74 -0.97 -0.46 0.38 0.03 0.23 0.18
7.00 2.41 -122.70 -27.89 -439.62 -0.22 -0.43 -0.71 0.10 0.65 0.72 0.43
9.00 4.63 112.18 -235.37 356.19 -0.75 -0.26 -0.66 0.52 0.78 0.15 0.97
12.00 2.24 -289.18 290.27 502.94 -0.29 0.57 0.48 0.67 0.67 0.54 0.29
27.00 85.94 373.56 -474.02 -427.72 -0.21 0.27 0.94 0.47 0.04 0.13 0.53
9.00 4.22 -152.79 -280.07 -599.14 0.06 0.08 -0.25 0.09 0.09 0.74 0.45
9.00 10.20 298.34 -367.48 418.13 -0.36 -0.53 -0.85 0.71 0.87 0.61 0.09
20.00 89.45 -471.74 -298.40 248.40 -0.33 0.72 0.96 0.28 0.52 0.93 0.10
17.00 21.05 506.90 99.93 357.67 0.06 0.10 -0.16 0.16 0.79 0.28 0.11
6.00 8.10 -376.23 -406.41 33.84 0.96 0.32 -0.94 0.15 0.58 0.09 0.50
32.00 200.82 49.42 -73.19 -444.95 0.51 0.94 -0.43 0.32 0.20 0.39 0.75
10.00 5.65 -345.10 477.65 18.26 -0.60 -0.24 -0.42 0.49 0.40 0.51 0.37
35.00 258.72 470.19 46.82 598.70 -0.87 0.83 -0.36 0.41 0.14 0.08 0.60
5.00 4.86 335.54 112.82 338.97 0.42 0.22 0.27 0.98 0.66 0.24 0.41
6.00 7.93 -510.25 480.15 -165.89 0.31 0.61 -0.22 0.40 0.92 0.28 0.27
11.00 8.55 -77.99 -720.43 -142.47 -0.17 0.07 -0.94 0.44 0.21 0.41 0.52
12.00 2.90 -206.23 -106.47 727.32 -0.89 0.84 0.27 0.78 0.24 0.88 0.02
8.00 10.94 -337.75 -43.44 -381.67 0.56 0.23 -0.51 0.34 0.09 0.47 0.31
12.00 38.79 323.11 -50.74 -72.00 -0.03 0.08 0.13 0.16 0.41 0.29 0.35
6.00 5.16 342.72 -231.20 545.01 0.40 -0.30 -0.39 0.54 0.21 0.80 0.57
13.00 8.55 -458.98 -223.30 117.11 0.49 -0.02 0.53 0.15 0.66 0.84 0.81
33.00 114.66 170.23 365.01 -509.33 -0.25 0.70 -0.20 0.95 0.57 0.00 0.95
10.00 2.05 696.84 -199.63 -88.68 -0.32 0.79 -0.34 0.52 0.90 0.02 0.88
16.00 73.41 -80.90 -357.15 -467.05 0.88 -0.58 -0.82 0.96 0.74 0.25 0.98
11.00 7.38 191.28 -12.69 -460.17 0.79 0.55 -0.82 0.97 0.25 0.47 0.83
7.00 10.45 503.05 229.57 -512.79 0.60 -0.13 0.33 0.89 0.82 0.56 0.08
7.00 5.51 -52.70 554.53 181.63 0.87 -0.81 0.86 0.71 0.15 0.17 0.47
5.00 3.90 122.38 -450.46 -335.84 -0.42 0.52 0.36 0.46 0.54 0.50 0.57
6.00 9.58 25.90 543.58 -508.69 -0.54 0.87 -0.11 0.08 0.88 0.18 0.44
7.00 8.10 -4.26 -470.35 4.87 0.96 0.79 0.92 0.40 0.52 0.30 0.62
26.00 35.14 -383.22 -381.87 483.13 -0.38 0.11 0.92 0.95 0.69 0.45 0.20
7.00 0.05 -224.11 -297.02 -702.74 0.59 -0.42 -0.13 0.10 0.05 0.79 0.90
14.00 20.49 96.91 308.37 277.12 0.16 -0.39 0.57 0.99 0.53 0.56 0.96
16.00 1.72 433.58 -210.70 306.25 -0.29 0.42 0.65 0.02 0.49 0.37 0.47
14.00 15.65 -189.41 635.41 291.22 0.21 0.84 -0.04 0.80 0.69 0.51 0.72
15.00 35.67 -193.42 -710.97 299.57 0.77 0.75 -0.74 0.38 0.05 0.34 0.19
5.00 2.95 -473.86 -192.32 569.79 0.30 0.85 0.53 0.60 0.96 0.61 0.75
13.00 24.63 223.99 -395.23 184.40 0.13 -0.30 0.49 0.03 0.75 0.37 0.20
10.00 22.28 -255.16 -1.05 -279.15 0.36 0.60 -0.45 0.31 0.41 0.63 0.34
17.00 47.29 -331.53 34.20 -647.83 0.83 -0.49 -0.33 0.35 0.43 0.36 0.17
29.00 209.62 -292.86 -58.90 80.57 -0.21 0.21 -0.69 0.85 0.11 0.97 0.94
16.00 46.25 165.44 -158.28 535.65 0.74 -0.61 -0.87 0.51 0.03 1.00 0.63
5.00 2.03 238.84 367.58 367.91 -0.65 -0.72 0.45 0.03 0.50 0.12 0.66
5.00 7.15 -459.67 -413.75 -105.86 -0.04 0.35 -0.89 0.25 0.69 0.20 0.54
12.00 15.20 -173.06 728.71 -17.10 0.59 0.69 -0.96 0.26 0.30 0.12 0.89
22.00 103.03 -268.08 24.76 -25.72 0.31 0.10 0.63 0.83 0.41 0.59 0.65
7.00 13.23 -629.42 59.62 -3.01 -0.85 -0.58 -0.81 0.29 0.49 0.61 0.89
5.00 4.47 281.86 35.18 518.65 -0.91 0.32 0.58 0.53 0.34 0.09 0.47
15.00 19.39 -277.66 137.27 -280.30 -0.81 0.27 0.10 0.62 0.70 0.68 0.90
12.00 36.83 -303.93 -228.12 403.54 0.81 0.35 0.72 0.37 0.75 0.83 0.96
17.00 16.61 75.62 -178.43 -685.10 -0.19 0.59 -0.02 0.17 0.36 0.13 0.79
5.00 6.75 -527.00 272.88 308.05 -0.58 -0.61 -0.35 0.97 0.23 0.31 0.93
8.00 13.10 658.83 -42.01 336.87 0.99 0.64 0.70 0.47 0.09 0.04 0.01
14.00 29.75 451.04 619.33 174.88 0.19 -0.14 -0.69 0.82 0.46 0.23 0.46
6.00 3.06 -357.65 -275.26 -89.67 0.99 0.24 0.56 0.57 0.44 0.53 0.38
9.00 17.21 14.18 401.67 301.49 -0.74 -0.56 0.17 0.72 0.19 0.85 0.55
6.00 4.98 -655.27 321.02 95.16 -0.56 0.97 0.96 0.56 0.26 0.69 0.90
35.00 214.96 -563.02 -100.07 -201.47 -0.74 -0.04 0.26 0.49 0.90 0.17 0.25
20.00 49.63 65.18 660.71 -336.31 -0.04 -0.93 0.33 0.79 0.92 0.04 0.53
5.00 0.57 88.94 86.52 228.85 -0.23 0.23 0.35 0.26 0.38 0.10 0.45
12.00 30.88 218.15 -141.98 687.27 0.10 0.25 -0.69 0.37 0.96 0.76 0.05
18.00 74.05 146.20 55.14 681.29 0.52 0.36 -0.26 0.08 0.83 0.18 0.40
35.00 51.62 -140.30 -463.81 -89.02 0.71 0.64 0.05 0.88 0.30 0.09 0.88
17.00 20.38 175.92 358.78 681.93 -0.34 -0.19 0.23 0.39 0.23 0.59 0.74
10.00 2.28 183.56 -232.84 -283.30 -0.49 0.72 -0.32 0.18 0.83 0.25 0.04
22.00 126.23 236.13 334.03 584.58 0.30 0.47 -0.98 0.51 0.23 0.96 0.79
16.00 34.16 226.96 396.82 226.72 -0.53 0.88 -0.37 0.16 0.18 0.86 0.06
5.00 0.55 487.97 484.91 -206.69 -0.37 0.10 0.45 0.69 0.44 0.86 0.83
5.00 4.15 29.12 591.77 -60.69 0.57 0.25 0.33 0.87 0.95 0.53 0.93
9.00 3.45 80.21 782.46 -31.74 -0.46 -0.09 -0.18 0.07 0.70 0.17 0.08
23.00 43.06 14.48 11.09 -190.03 0.69 0.17 -0.32 0.95 0.57 0.03 0.53
10.00 22.87 -494.94 -50.51 -293.00 -0.09 0.27 -0.13 0.72 0.90 0.69 0.32
9.00 14.51 424.42 482.59 -163.58 -0.93 -0.84 0.43 0.92 0.72 0.04 0.29
5.00 3.58 -455.49 527.54 17.12 -0.30 -0.04 0.05 0.10 0.53 0.70 0.33
5.00 5.19 492.09 396.70 184.91 -0.85 -0.02 -0.01 0.69 0.41 0.36 0.51
28.00 138.18 -157.10 583.01 163.39 0.73 0.94 -0.56 0.02 0.31 0.25 0.39
17.00 29.84 12.79 629.77 -325.76 0.06 0.44 0.03 0.40 0.76 0.11 0.56
6.00 2.33 413.43 543.75 -206.21 0.83 -0.19 0.61 0.10 0.15 0.50 0.87
10.00 21.74 -302.92 -108.87 65.60 0.71 0.03 -0.51 0.64 0.17 0.91 0.01
11.00 4.86 -408.72 -106.10 -97.09 0.13 0.08 0.67 0.07 0.16 0.23 0.24
32.00 255.25 -243.11 -222.78 -715.01 -0.21 -0.62 -0.18 0.32 0.24 0.99 0.59
21.00 47.37 -201.45 237.10 -522.18 -0.86 0.86 -0.88 0.50 0.23 0.91 0.62
6.00 9.41 25.30 -21.95 616.32 0.07 -0.15 0.07 0.65 0.74 0.53 0.65
13.00 48.01 119.85 -699.95 -99.64 -0.53 -0.94 0.55 0.90 0.04 0.79 0.59
6.00 7.44 617.35 53.48 283.13 -0.54 0.46 0.79 0.05 0.16 0.34 0.42
23.00 10.86 128.94 679.88 -104.02 -0.84 -0.91 -0.90 0.46 0.79 0.44 0.65
11.00 15.20 -378.06 -118.37 -487.07 -0.51 0.16 -0.19 0.31 0.36 0.75 0.96
27.00 182.61 -236.64 202.79 -121.10 0.06 -0.68 -0.98 0.14 0.36 0.88 0.20
15.00 38.66 -703.89 13.47 245.03 0.94 0.32 0.99 0.52 0.85 0.04 0.98
5.00 6.99 474.12 -249.29 -324.85 0.25 0.70 -0.66 0.78 0.35 0.14 0.26
15.00 20.43 -194.61 178.48 250.96 0.70 0.02 -0.93 0.59 0.14 0.25 0.77
15.00 56.40 266.71 -21.40 400.62 0.55 0.25 0.34 0.82 0.41 0.76 0.45
11.00 25.88 700.95 1.81 -258.77 0.27 -0.40 0.42 0.79 0.15 0.21 0.80
15.00 14.00 605.15 -231.03 329.42 -0.35 0.76 0.46 0.83 0.23 0.32 0.71
10.00 20.54 -102.11 -231.41 -435.38 -0.22 -0.17 -0.01 0.78 0.93 0.07 0.28
20.00 65.21 260.92 60.26 -582.16 0.55 -0.03 -0.11 0.42 0.49 0.82 0.32
7.00 7.42 -286.38 -121.91 -150.52 0.65 0.75 0.01 0.14 0.95 0.69 0.42
20.00 12.31 -183.46 -305.31 361.27 0.14 -0.42 -0.12 0.59 0.40 0.72 0.69
19.00 59.78 416.79 102.48 -603.23 0.58 -0.51 -0.22 0.58 0.90 0.88 0.03
14.00 9.54 -104.70 404.90 565.58 0.25 -0.52 0.57 0.07 0.39 0.30 0.82
19.00 26.43 572.29 -77.30 -117.43 -0.86 0.23 0.27 0.75 0.70 0.82 0.86
7.00 4.45 -662.54 199.61 -141.70 -0.28 -0.20 0.66 0.84 0.83 0.62 0.60
7.00 10.35 313.98 -52.74 442.50 -0.20 -0.50 0.97 0.38 0.08 0.20 0.27
5.00 3.20 -268.49 685.65 -224.98 0.98 -0.91 -0.02 0.04 0.26 0.42 0.30
5.00 4.77 -322.40 488.52 -21.95 0.97 -0.52 0.35 0.67 0.35 0.32 0.23
8.00 6.48 88.59 100.11 -247.38 -0.05 0.86 0.46 0.70 0.35 0.49 0.84
6.00 8.53 17.99 -140.67 -471.52 0.37 0.91 -0.79 0.25 0.72 0.88 0.78
15.00 48.24 407.01 -343.53 516.60 -0.66 0.96 -0.80 0.11 0.96 0.99 0.22
27.00 84.04 -611.10 -436.55 186.43 -0.45 -0.17 0.71 0.60 0.11 0.89 0.28
18.00 33.66 -124.44 340.15 -117.19 -0.52 0.06 -0.40 0.73 0.06 0.30 0.69
14.00 38.05 -370.06 -463.82 -513.40 0.95 -0.49 -0.41 0.01 1.00 0.69 0.50
13.00 13.87 -91.74 34.69 604.57 -0.80 -0.98 0.82 0.36 0.09 0.02 0.59
6.00 5.23 -412.60 185.04 -107.48 0.35 0.71 0.61 0.53 0.88 0.30 0.03
5.00 0.49 -656.86 192.62 -153.98 -0.65 -0.31 -0.94 0.12 0.89 0.19 0.53
13.00 22.33 668.87 -14.87 -303.79 0.84 -0.86 0.55 0.59 0.11 0.62 0.29
7.00 12.26 -208.95 -261.56 -254.26 -0.07 -0.02 -0.14 0.15 0.39 0.52 0.37
10.00 25.42 31.11 -40.65 23.85 -0.05 0.20 0.80 0.34 0.38 0.57 0.22
21.00 43.45 -352.92 40.23 -711.55 0.03 0.75 -0.58 0.71 0.88 0.75 0.01
8.00 12.48 152.97 -12.56 426.58 -0.42 -0.30 -0.29 0.43 0.75 0.22 0.42
22.00 114.29 -430.19 -363.85 271.16 0.45 -0.39 0.22 1.00 0.11 0.55 0.14
10.00 14.96 361.31 -301.02 -104.30 0.50 -0.89 -0.42 0.49 0.37 0.76 0.02
10.00 26.44 -648.55 -32.46 403.46 0.19 -0.93 0.67 0.74 0.79 0.82 0.24
10.00 0.55 451.35 382.24 -174.91 -0.10 0.72 -0.91 0.58 0.94 0.74 0.47
7.00 11.56 12.27 231.20 -106.80 0.51 -0.97 -0.83 0.98 0.71 0.20 0.86
7.00 9.30 779.81 -130.50 -82.30 -0.92 -0.50 -0.96 0.73 0.34 0.18 0.01
37.00 184.88 599.29 179.35 -354.38 -0.10 -0.12 0.51 0.49 0.14 0.39 0.12
21.00 108.42 -438.45 -130.15 132.80 0.88 -0.40 0.95 0.16 0.44 0.48 0.88
13.00 7.69 -349.25 526.18 -336.46 -0.17 0.01 0.52 0.36 0.24 0.42 0.81
11.00 9.12 -46.13 513.18 40.68 -0.31 -0.28 0.37 0.48 0.26 0.50 0.11
12.00 10.31 233.66 -626.94 347.22 -0.71 -0.83 -0.54 0.88 0.37 0.34 0.11
10.00 28.89 -668.29 411.97 71.93 -0.98 0.84 -0.74 0.36 0.01 0.60 0.87
11.00 24.07 -599.54 119.84 338.52 0.08 -0.25 -0.45 0.97 0.74 0.78 0.51
30.00 180.91 -381.05 -174.25 624.98 -0.63 -0.96 0.28 0.28 0.77 0.09 0.96
5.00 0.63 564.65 -321.98 -355.52 -0.43 0.66 -0.20 0.42 0.30 0.36 0.58
21.00 0.07 -232.08 -385.57 123.24 0.99 0.49 0.61 0.88 0.86 0.16 0.49
24.00 61.31 -52.05 444.17 206.29 -0.34 -0.92 0.06 0.62 0.21 0.06 0.03
15.00 26.34 -143.54 -636.78 124.62 0.28 0.80 -0.80 0.83 0.33 0.12 0.80
5.00 2.11 313.42 -103.46 246.55 0.43 -0.19 -0.63 0.77 0.37 0.29 0.88
7.00 2.45 111.14 -364.32 -120.37 -0.72 -0.08 -0.15 0.51 0.42 0.98 0.55
13.00 36.15 -413.52 32.66 670.89 0.16 0.25 0.02 0.94 0.83 0.99 0.75
10.00 5.20 -527.24 -358.24 268.68 -0.31 0.16 -0.49 1.00 0.47 0.40 0.37
8.00 10.49 -281.18 128.95 367.38 -0.94 0.15 0.23 0.44 1.00 0.56 0.68
30.00 228.77 -614.86 249.06 -314.79 -0.89 -0.39 0.95 0.65 0.34 0.30 0.04
16.00 44.73 107.53 280.15 -538.76 -0.97 0.13 0.33 0.34 0.61 0.53 0.85
8.00 2.97 267.64 -353.01 137.58 -0.94 -0.14 0.63 0.22 0.38 0.16 0.33
18.00 11.68 115.20 21.58 -194.87 0.65 -1.00 -0.90 0.12 0.44 0.09 0.72
16.00 22.26 -208.14 -21.93 -228.73 0.75 -0.29 0.70 0.72 0.15 0.47 0.06
8.00 11.45 -317.82 276.29 -521.56 -0.68 -0.99 0.03 1.00 0.73 0.90 0.00
8.00 4.70 250.12 -352.08 550.92 -0.92 -0.89 -0.82 0.06 0.88 0.50 0.62
11.00 20.77 -70.50 514.63 327.62 -0.31 0.25 -0.40 0.34 0.65 0.82 0.45
16.00 4.06 -72.94 387.48 47.32 -0.78 0.64 0.25 0.92 0.68 0.50 0.20
17.00 7.85 38.14 -273.74 -290.24 -0.62 0.99 -0.79 0.93 0.45 0.60 0.88
8.00 16.66 570.12 -203.34 -280.63 -0.72 0.51 0.32 0.21 0.15 0.35 0.45
8.00 16.31 13.01 161.63 -72.73 0.69 0.23 -0.66 0.29 0.82 0.94 0.51
30.00 255.28 591.23 451.87 -56.76 0.08 0.39 0.62 0.93 0.18 0.05 0.11
6.00 0.27 -276.67 307.44 -674.85 0.62 -0.54 -0.10 0.68 0.48 0.42 0.41
12.00 11.24 -55.25 -405.27 -589.54 -0.17 -0.93 0.02 0.85 0.66 0.80 0.97
10.00 0.82 -133.48 279.24 373.38 -0.40 0.94 0.15 0.61 0.02 0.17 0.69
18.00 80.79 205.24 -546.79 87.92 0.94 -0.96 -0.38 0.15 0.91 0.44 0.71
35.00 31.28 -508.56 -338.20 19.68 -0.53 0.80 -0.86 0.47 0.37 0.71 0.68
9.00 17.05 479.56 -295.37 -460.92 -0.69 -0.94 0.57 0.11 0.41 0.13 0.84
19.00 100.75 285.47 -456.86 128.57 -0.59 0.81 0.16 0.13 0.29 0.96 0.94
8.00 11.39 69.13 -381.52 -696.87 -0.79 -0.99 -0.78 0.75 0.04 0.12 0.74
7.00 8.07 632.18 184.57 417.62 -0.23 0.82 0.89 0.09 0.33 0.25 0.51
36.00 63.25 714.76 113.48 -278.52 0.93 0.87 -0.35 0.25 0.23 0.15 0.86
19.00 78.27 -197.29 -467.32 -137.60 -0.12 0.28 -0.46 0.45 0.61 0.15 0.45
20.00 13.75 -480.73 -227.96 521.31 0.42 -0.47 -0.19 0.73 0.97 0.94 0.11
6.00 4.00 55.01 288.05 -548.20 -0.41 -0.75 0.49 0.98 0.99 0.62 0.92
5.00 1.05 -734.56 -278.20 50.39 0.18 0.95 -0.62 0.85 0.88 0.52 0.22
12.00 9.73 -693.29 220.72 148.50 -0.09 0.94 0.75 0.44 0.27 0.10 0.54
14.00 13.93 346.01 -564.75 -347.98 0.83 0.52 -0.14 0.87 0.39 0.06 0.04
9.00 16.35 382.47 -495.46 288.69 -0.63 0.56 -0.47 0.45 0.94 0.68 0.55
16.00 12.44 -240.55 158.63 -298.56 -0.92 -0.76 0.66 0.99 0.09 0.57 0.73
15.00 22.41 378.40 467.85 115.00 0.52 0.49 -0.95 0.24 0.78 0.07 0.69
6.00 3.17 229.00 17.25 155.85 -0.61 -0.70 -0.92 0.34 0.60 0.90 0.43
10.00 5.44 252.82 260.14 -257.87 -0.96 0.14 -0.40 0.80 0.33 0.67 0.11
11.00 19.00 -426.40 -259.66 -173.73 0.57 0.43 0.98 0.86 0.86 0.61 0.19
13.00 1.69 531.33 -306.14 -402.64 0.63 -0.26 0.39 0.59 0.57 0.10 0.97
17.00 69.34 -128.56 405.49 -54.88 -0.18 0.77 -0.20 0.68 0.34 0.44 0.92
18.00 93.47 251.70 585.81 110.59 0.35 -0.65 0.03 0.53 0.39 0.52 1.00
22.00 18.09 577.92 312.07 -405.16 -0.56 0.43 0.60 0.62 0.99 0.51 0.37
24.00 81.70 307.73 -344.96 -546.07 -0.40 0.61 -0.86 0.87 0.95 0.33 0.96
15.00 5.87 27.96 392.84 -477.70 0.04 -0.10 0.39 0.83 0.95 0.82 0.41
6.00 9.49 -472.65 16.44 -181.47 0.14 -0.71 0.57 0.99 0.64 0.75 0.75
7.00 0.46 -483.03 -163.79 -25.03 -0.33 0.39 0.98 0.44 0.51 0.76 0.61
13.00 10.39 170.82 489.02 -493.07 -1.00 0.78 0.16 0.14 0.44 0.91 0.05
33.00 9.06 -252.16 -378.56 -643.36 0.66 0.74 -0.15 0.11 0.24 0.33 0.97
11.00 27.21 -487.97 -208.44 -549.88 -0.62 -0.04 -0.76 0.39 0.70 0.22 0.99
14.00 4.43 -490.66 -249.59 -570.25 0.88 -0.78 -0.31 0.28 0.25 0.84 0.63
17.00 33.47 207.96 -603.19 226.26 0.27 -0.33 -0.41 0.36 0.33 0.19 0.99
14.00 16.97 -119.69 18.46 -67.09 -0.89 -0.72 -0.33 0.28 0.22 0.08 0.18
9.00 18.46 451.44 -195.86 -343.71 -0.96 0.95 -0.90 0.31 0.16 0.00 0.65
6.00 7.74 -315.40 -216.06 -539.51 -0.85 -1.00 -0.27 0.02 0.98 0.40 0.91
5.00 2.35 402.01 185.04 -193.27 -0.37 -0.70 -0.92 0.18 0.05 0.62 0.55
15.00 41.41 -496.75 242.77 279.06 0.59 0.75 0.56 0.47 0.13 0.12 0.93
26.00 51.31 -209.90 194.46 679.02 0.96 0.48 -0.13 0.73 0.65 0.05 0.75
5.00 6.77 132.93 563.89 -547.87 0.58 -0.30 0.58 0.89 0.21 0.54 0.38
16.00 73.81 -630.61 97.28 178.89 0.29 0.78 0.24 0.04 0.41 0.69 0.82
6.00 6.01 -579.71 237.15 15.89 0.87 -0.91 -0.51 1.00 0.68 0.84 0.78
5.00 5.90 -149.36 -45.39 750.44 0.62 -0.49 -0.53 0.21 0.15 0.18 0.38
11.00 12.25 -563.53 309.81 233.21 -0.65 -0.53 0.51 0.54 0.24 0.06 0.17
9.00 20.94 651.63 -33.09 -162.01 0.61 0.36 -0.73 0.96 0.59 0.67 0.23
11.00 23.13 276.42 -158.62 -696.78 -0.32 0.22 0.81 0.21 0.40 0.53 0.59
23.00 24.05 -189.63 -51.61 308.54 0.47 -0.74 -0.12 0.40 0.23 0.77 0.82
8.00 13.66 65.05 284.86 520.26 0.90 -0.52 0.55 0.35 0.82 0.97 0.72
16.00 50.69 238.67 -609.10 39.55 0.34 0.78 0.32 0.30 0.23 0.56 0.79
20.00 100.53 479.37 250.43 503.07 0.91 -0.04 -0.07 0.72 0.59 0.40 0.61
30.00 217.34 -391.50 377.88 -529.58 -0.56 0.55 0.07 0.08 0.57 0.41 0.91
13.00 46.16 677.92 217.43 15.20 0.82 0.56 0.34 0.35 0.11 0.11 0.02
7.00 13.05 -315.12 -52.73 651.19 0.85 0.88 0.81 0.97 0.14 0.94 0.60
12.00 16.66 -75.92 452.10 -127.48 0.26 0.89 0.01 0.03 0.31 0.32 0.45
17.00 59.14 12.34 -120.12 -207.59 -0.43 -0.49 -0.34 0.69 0.88 0.02 0.40
7.00 7.93 28.83 331.41 412.49 -0.36 0.20 0.35 0.59 0.13 0.50 0.59
5.00 3.75 595.24 246.56 -206.90 -0.57 -0.78 -0.35 0.80 0.02 0.12 0.41
28.00 45.79 -321.16 -457.58 258.51 -0.36 0.93 0.44 0.04 0.94 0.68 0.37
26.00 161.74 628.81 101.12 134.93 -0.24 -0.07 -0.20 0.41 0.26 0.33 0.60
20.00 16.03 520.34 404.29 416.43 -0.15 -0.52 0.80 0.01 0.16 0.84 0.37
7.00 7.42 5.23 -614.86 467.48 -0.27 0.70 0.72 0.57 0.40 0.58 0.13
36.00 254.86 -118.42 -34.27 -150.38 -0.83 0.16 0.52 0.17 0.66 0.77 0.87
27.00 24.36 29.58 -2.51 -628.07 0.93 0.34 -0.92 0.79 0.55 0.47 0.41
5.00 5.33 -595.66 -287.35 -45.29 0.11 0.45 -0.23 0.70 0.33 0.64 0.49
6.00 2.54 93.27 130.75 -70.75 0.99 0.99 -0.37 0.17 0.35 0.69 0.22
5.00 3.14 116.12 -192.81 -77.41 -0.06 0.31 0.49 0.53 0.84 0.11 0.87
22.00 20.84 -681.17 -77.43 137.32 0.82 0.48 -0.45 0.55 0.84 0.42 0.61
6.00 2.45 -315.94 30.10 571.87 0.25 0.18 0.75 0.32 0.72 0.70 0.69
24.00 61.86 -42.89 -296.65 519.12 -0.80 0.74 0.60 0.12 0.64 0.57 0.86
5.00 5.64 -165.20 -10.91 -326.49 -0.67 -0.59 -0.61 0.57 0.01 0.06 0.52
17.00 42.48 153.32 168.85 -341.42 0.51 -0.13 -0.91 0.96 0.52 0.96 0.56
13.00 17.70 -678.14 83.31 10.11 0.83 0.40 -0.61 0.73 0.79 0.71 0.04
7.00 10.29 -97.34 -84.19 388.06 -0.21 -0.22 -0.98 0.68 0.03 0.14 0.17
34.00 59.63 -24.15 621.11 483.15 0.31 0.55 -0.79 0.91 0.80 0.81 0.78
5.00 1.91 68.76 359.44 -580.68 -0.00 -0.18 -0.64 0.11 0.12 0.93 0.74
7.00 9.07 326.46 -134.40 342.43 0.14 0.94 0.11 0.66 0.43 0.47 0.42
9.00 8.61 -417.52 -296.54 -292.52 0.41 0.96 0.06 0.17 0.72 0.38 0.86
22.00 50.19 -20.35 589.79 185.13 0.56 -0.77 -0.19 0.78 0.70 0.53 0.97
13.00 8.17 91.59 687.91 -294.39 0.58 0.83 -0.18 0.96 0.82 0.16 0.65
17.00 72.69 -416.35 152.15 447.79 -0.54 0.45 -0.57 0.75 0.32 0.29 0.77
27.00 75.48 115.53 182.34 -597.18 0.02 -0.33 0.82 0.47 0.31 0.64 0.53
6.00 10.39 48.83 334.38 -468.86 -0.07 -0.06 0.80 0.94 0.62 0.74 0.71
7.00 7.75 -198.89 516.38 -238.15 -0.26 -0.37 -0.65 0.20 0.22 0.88 0.60
21.00 16.46 254.79 504.07 123.77 -0.07 0.15 -0.78 0.39 0.21 0.82 0.64
13.00 8.61 196.33 -345.58 278.82 0.71 0.78 -0.85 0.03 0.58 0.19 0.73
21.00 57.43 -122.02 331.86 668.70 -0.17 0.70 0.92 0.26 0.80 0.94 0.83
12.00 40.44 -251.13 0.67 428.05 -0.30 0.42 0.63 0.74 0.72 0.57 0.67
6.00 9.27 117.70 48.50 -208.73 -0.79 -0.01 0.03 0.47 0.53 0.45 0.07
5.00 6.45 -110.42 -748.38 -139.24 -0.06 -0.90 -0.86 0.51 0.90 0.42 0.01
27.00 161.45 -26.24 274.94 -685.57 0.20 -0.45 0.51 0.11 0.02 0.09 0.23
10.00 8.74 5.88 -549.93 -152.95 0.15 -0.88 0.63 0.43 0.01 0.90 0.96
17.00 54.74 680.87 44.66 -381.90 -0.11 -0.54 0.84 0.12 0.14 0.64 0.17
9.00 0.40 -267.58 -213.47 -59.54 0.41 0.68 -0.57 0.12 0.04 0.59 0.84
29.00 233.69 -478.42 241.06 153.61 0.65 -0.94 0.69 0.15 0.79 0.61 0.49
10.00 24.21 26.19 450.97 143.77 0.22 -0.78 -0.35 0.36 0.98 0.19 0.69
24.00 159.46 385.69 -159.34 -412.61 -0.91 0.78 1.00 0.33 0.20 0.30 0.50
15.00 48.28 312.26 143.37 619.83 -0.40 0.22 0.27 0.24 0.75 0.49 0.03
5.00 2.81 -30.59 516.50 -132.44 -0.79 0.69 -0.03 0.77 0.34 0.65 0.40
10.00 26.25 -731.03 -131.43 173.07 0.62 -0.91 0.08 0.03 0.04 0.68 0.27
11.00 15.17 499.20 -62.63 -284.55 -0.63 0.63 0.55 0.69 0.99 0.74 0.53
8.00 10.84 315.67 235.07 -128.89 -0.02 0.57 -0.43 0.10 0.37 0.13 0.17
14.00 52.45 341.20 -347.16 -456.54 -0.37 -1.00 0.72 0.53 0.56 0.80 0.17
11.00 13.64 -19.88 481.93 -59.92 -0.48 0.02 -0.79 0.33 0.46 0.04 0.21
6.00 5.85 -99.54 377.86 -31.57 -0.47 -0.08 -0.98 0.12 0.34 0.83 0.40
17.00 37.85 -493.56 -40.15 286.77 -0.77 0.57 0.39 0.20 0.88 0.47 0.40
24.00 29.14 -249.15 278.87 611.02 -0.16 -0.92 0.11 0.48 0.07 0.84 0.41
6.00 5.88 7.99 -187.34 530.84 -0.59 -0.22 0.51 0.16 0.84 0.73 0.33
18.00 9.89 138.25 733.31 -131.36 0.15 0.69 0.72 0.28 0.47 0.05 0.70
5.00 6.60 471.74 4.97 584.14 0.84 -0.03 -0.98 0.07 0.36 0.28 0.33
9.00 22.85 -268.73 608.43 -18.36 0.30 0.61 -1.00 0.99 0.32 0.95 0.44
6.00 3.37 72.70 17.88 -532.40 0.14 0.23 -0.86 0.57 0.12 0.66 0.99
26.00 43.73 -387.84 180.48 -405.53 0.54 0.20 0.02 0.92 0.46 0.66 0.30
8.00 12.82 -30.58 -724.82 -134.03 0.20 0.82 -0.77 0.02 0.01 0.49 0.84
26.00 23.01 -96.91 -114.60 -718.19 0.17 0.61 0.55 0.24 0.02 0.04 0.74
5.00 4.53 -66.19 252.31 -148.29 0.43 -0.14 0.44 0.40 0.51 0.54 0.18
20.00 72.50 -244.37 196.12 -288.14 0.40 0.59 -0.30 0.53 0.55 0.45 0.56
11.00 25.54 3.75 -375.86 82.70 0.07 -0.49 -0.45 0.56 0.43 0.28 0.76
15.00 21.08 -371.08 472.64 -438.96 -0.69 0.42 -0.78 0.17 0.70 0.08 0.38
8.00 3.62 434.30 -531.94 314.29 0.70 -0.53 0.72 0.39 0.87 0.95 0.22
24.00 161.81 -195.40 -19.57 -536.43 0.10 0.81 -0.28 0.16 0.83 0.19 0.58
8.00 13.49 -99.05 9.69 466.78 -0.72 -0.55 -0.83 0.67 0.29 0.50 0.34
21.00 105.89 76.24 389.16 -569.85 -0.64 0.29 0.17 0.69 0.59 0.79 0.80
7.00 12.71 111.76 155.19 593.93 -0.05 0.03 0.70 0.45 0.89 0.94 0.45
10.00 20.94 -616.57 97.40 -191.56 0.51 0.33 -0.24 0.43 0.20 0.28 0.41
19.00 45.19 85.97 -199.15 -284.97 -0.90 0.69 0.10 0.99 0.25 0.60 0.24
11.00 14.15 -161.31 156.24 33.93 0.87 -0.04 0.59 0.08 0.74 0.53 0.20
14.00 38.62 544.63 -106.69 -502.80 0.26 -0.01 -0.05 0.17 0.38 0.49 0.06
23.00 91.24 435.59 -62.33 -275.56 -0.77 -0.84 0.40 0.16 0.91 0.84 0.02
18.00 30.79 492.15 -69.25 576.58 -0.86 -0.30 -0.01 0.93 0.96 0.10 0.61
7.00 8.78 -419.63 525.01 290.20 -0.84 -0.23 0.81 0.71 0.13 0.56 0.08
17.00 65.15 464.41 91.37 639.90 0.74 0.42 -0.75 0.22 0.78 0.39 0.95
5.00 3.17 317.70 -460.39 249.36 0.47 -0.28 0.43 0.93 0.19 0.47 0.40
11.00 30.00 -280.91 19.03 570.74 0.79 -0.67 -0.24 0.93 0.85 0.10 0.45
12.00 32.45 447.97 -360.32 -423.49 -0.28 -0.14 -0.08 0.03 0.90 0.93 0.45
14.00 54.19 162.61 -25.17 727.43 -0.21 -0.96 0.50 0.69 0.41 0.26 0.74
14.00 9.74 -423.44 469.67 125.73 0.68 0.71 -0.24 0.54 0.52 0.75 0.31
5.00 4.42 -652.11 -162.56 289.75 -0.13 -0.54 0.40 0.23 0.64 0.71 0.21
24.00 33.46 107.80 610.74 -116.58 -0.28 0.36 0.20 0.98 0.50 0.22 0.24
15.00 10.75 46.36 518.24 -41.56 0.53 0.43 0.66 0.20 0.63 0.69 0.67
16.00 55.00 -400.17 -508.01 316.24 0.51 0.22 0.75 0.23 0.10 0.72 0.48
6.00 6.83 -262.75 602.43 -144.89 0.67 -0.20 0.98 0.48 0.82 0.26 0.60
14.00 33.68 -377.89 148.92 -643.63 -0.37 0.18 0.62 0.48 0.46 0.55 0.59
16.00 61.05 -179.89 -135.66 -737.77 -0.53 -0.55 0.36 0.45 0.73 0.90 0.86
20.00 49.60 244.74 422.33 535.53 -0.22 -0.96 -0.61 0.61 0.43 0.49 0.69
5.00 5.62 -151.68 498.72 -477.16 0.92 -0.63 -0.87 0.46 0.09 0.79 0.74
11.00 11.39 -298.14 574.75 -10.78 -0.71 -0.25 -0.62 0.67 0.25 0.26 0.93
5.00 1.42 -119.75 500.38 -63.91 -0.58 -0.64 -0.23 0.19 0.19 0.27 0.11
17.00 67.03 309.55 -547.43 133.55 0.33 -0.59 -0.38 0.31 0.78 0.01 0.21
5.00 7.18 -450.97 190.35 533.91 0.82 0.28 -0.09 0.61 0.07 0.67 0.28
9.00 11.76 393.19 451.27 -93.14 -0.15 0.42 0.24 0.17 0.60 0.87 0.32
12.00 4.48 313.59 -126.79 -660.49 -0.10 -0.83 0.73 0.20 0.06 0.65 0.45
8.00 9.65 133.44 491.24 -29.07 -0.91 0.25 -0.81 0.99 0.21 0.42 0.20
15.00 33.28 -585.24 -522.71 144.58 0.69 -0.73 0.87 0.60 0.07 0.11 0.39
9.00 4.29 -328.82 502.45 66.48 0.25 -0.83 -0.87 0.11 0.07 0.19 0.74
6.00 1.34 394.67 299.43 55.65 0.71 0.57 -0.06 0.94 0.71 0.60 0.46
29.00 11.90 -39.80 -102.94 483.45 -0.44 -0.27 0.84 0.14 0.86 0.06 0.79
27.00 91.34 -207.18 -693.12 -194.15 0.71 0.19 -0.39 0.99 0.38 0.45 0.54
17.00 63.93 -271.55 281.32 -16.97 -0.36 0.84 -0.42 0.48 0.30 0.46 0.32
15.00 16.42 -197.61 557.66 -441.22 -0.24 -0.13 0.81 0.82 0.53 0.96 0.89
8.00 9.67 61.65 -564.31 -64.70 -0.48 -0.13 -0.60 0.82 0.65 0.62 0.30
6.00 3.60 -338.76 -524.65 473.45 0.23 -0.67 -0.06 0.97 0.76 0.88 0.49
9.00 11.90 387.78 -264.40 339.55 -0.93 -0.47 -0.90 0.07 0.98 0.41 0.94
33.00 229.70 637.41 18.08 361.70 0.15 0.32 0.11 0.50 0.26 0.07 0.88
18.00 12.67 561.63 77.05 -21.02 -0.70 0.49 -0.46 0.70 0.29 0.90 0.96
22.00 30.74 216.92 146.99 454.71 -0.06 0.58 -0.65 0.70 0.32 0.43 0.53
5.00 5.32 550.17 166.12 -68.57 -1.00 -0.92 -0.94 0.22 0.15 0.43 0.81
39.00 139.04 173.06 562.56 -358.00 -0.50 -0.61 -0.09 0.08 0.96 0.88 0.93
7.00 0.03 -596.55 116.65 -123.34 -1.00 -0.17 0.14 0.46 0.37 0.56 0.13
12.00 40.12 206.34 -21.27 -442.36 -0.92 -0.82 0.04 0.74 0.29 0.85 0.37
9.00 9.20 -417.17 -640.96 -136.20 0.18 0.09 -0.33 0.57 0.54 0.66 0.32
23.00 115.88 -172.74 83.41 14.02 -0.21 -0.69 0.49 0.17 0.12 0.99 0.36
23.00 61.85 -200.20 96.54 605.46 -0.40 0.63 0.32 0.14 0.09 0.27 0.61
5.00 2.08 280.89 118.98 -569.10 -0.08 -0.05 0.07 0.43 0.83 0.94 0.30
34.00 293.10 -470.60 594.07 169.29 -0.14 0.07 -0.81 0.95 0.25 0.87 0.84
8.00 3.61 224.76 473.45 -343.81 -0.43 0.09 -0.40 0.17 0.33 0.43 0.03
22.00 37.37 229.72 695.28 -296.59 -0.92 -0.88 -0.96 0.10 0.36 0.69 0.90
9.00 21.67 -30.65 -666.43 -129.50 -0.51 0.01 0.17 0.57 0.95 0.10 0.90
9.00 18.58 -39.98 -270.62 85.88 -0.08 -0.87 0.63 0.60 0.25 0.83 0.08
27.00 33.64 -359.99 -33.06 -696.81 0.24 0.62 -0.50 0.60 0.54 0.25 0.38
18.00 2.94 82.36 425.83 -326.28 0.53 -0.84 0.39 0.44 1.00 0.33 0.79
5.00 2.57 -441.93 328.97 567.57 0.61 -0.84 -0.65 0.26 0.39 0.54 0.24
5.00 6.37 382.96 429.76 551.38 0.71 0.56 0.52 0.37 0.69 0.37 0.42
6.00 2.64 135.49 -461.59 -173.97 -0.12 -0.05 0.31 0.73 0.68 0.05 0.13
7.00 6.17 56.73 -269.52 -167.73 -0.50 0.55 0.66 0.99 0.15 0.22 0.06
18.00 0.24 -174.79 -315.17 714.13 0.87 0.67 0.02 0.86 0.90 0.07 0.08
9.00 7.61 587.55 -187.71 -136.23 -0.49 0.04 -0.80 0.45 0.17 0.27 0.99
8.00 17.76 127.47 -101.68 189.64 -0.86 -0.25 -0.46 0.65 0.19 0.42 0.97
30.00 211.37 416.37 575.42 -335.86 0.32 -0.50 0.94 0.17 0.30 0.89 0.41
13.00 15.09 460.95 553.21 -149.85 -0.82 -0.23 -0.51 0.59 0.64 0.90 0.70
30.00 10.98 -548.99 354.23 -182.96 -0.49 -0.57 -0.22 0.94 0.13 0.23 0.08
5.00 7.11 -33.98 -96.44 -576.43 0.11 -0.44 0.64 0.30 0.13 0.07 0.49
7.00 9.92 -193.70 -596.64 297.17 0.98 -0.93 -0.43 0.83 0.08 0.82 0.99
20.00 14.94 333.39 -725.10 47.46 -0.02 0.70 -0.95 0.44 0.50 0.78 0.88
21.00 48.52 426.74 576.01 -153.18 -0.28 -0.66 0.04 0.35 0.64 0.82 0.70
8.00 3.32 336.95 531.08 -402.94 -0.18 0.18 0.63 0.99 0.70 0.07 0.95
7.00 7.45 -751.33 -248.71 -82.42 0.06 -0.81 0.89 0.98 0.50 0.53 0.56
11.00 16.72 65.12 216.18 -218.45 -0.57 0.76 -0.09 0.90 0.84 0.53 0.83
10.00 26.24 133.99 -555.22 -332.96 0.03 -0.11 0.19 0.82 0.46 0.81 0.42
11.00 7.76 -38.75 192.22 -431.49 0.62 0.23 0.64 0.37 0.98 0.19 0.40
9.00 16.36 -407.24 -215.09 295.85 -0.53 0.81 -0.45 0.98 0.22 0.96 0.10
9.00 1.16 81.01 584.81 -296.79 -0.41 0.67 -0.25 0.47 0.45 0.49 0.45
16.00 5.53 -157.96 32.05 227.70 0.97 -0.44 0.95 0.29 0.90 0.82 0.51
29.00 66.04 89.53 132.99 670.93 -0.07 -0.74 -0.30 0.05 0.55 0.26 0.18
17.00 71.45 687.89 -32.33 267.87 0.61 0.26 0.12 0.37 0.10 0.58 0.18
9.00 11.50 224.30 322.95 279.11 -0.66 -0.44 0.21 0.25 0.14 0.98 0.23
26.00 196.26 52.72 4.30 -268.28 -0.14 -0.81 0.90 0.21 0.06 0.64 0.63
34.00 78.73 306.59 -158.49 258.41 -0.59 -0.93 0.73 0.38 0.70 0.69 0.85
5.00 4.52 -617.23 -175.32 425.38 -0.55 -0.92 -0.89 0.12 0.48 0.46 0.86
8.00 3.73 -360.24 480.45 136.87 0.45 0.70 0.69 0.72 0.39 0.77 0.89
18.00 74.97 -510.92 301.01 -52.13 -0.02 -0.62 -0.70 0.56 0.13 0.90 0.37
6.00 10.08 -742.41 114.89 84.43 0.18 -0.22 -0.16 0.90 0.02 0.32 0.97
5.00 6.18 -484.69 -369.40 486.58 0.48 -0.82 0.73 0.40 0.30 0.60 0.46
27.00 58.59 -228.18 -237.29 -401.55 -0.39 -0.93 0.56 0.81 0.71 0.57 0.77
17.00 7.90 334.87 31.10 -189.34 0.85 0.56 0.95 0.67 0.34 0.55 0.18
6.00 2.45 -532.26 -300.63 -22.16 0.53 -0.31 0.47 0.38 0.71 0.91 0.36
10.00 12.74 611.71 88.02 435.47 -0.20 -0.35 0.33 0.90 0.03 0.80 0.61
8.00 17.40 484.93 -284.19 -100.30 -0.52 0.54 -0.56 0.63 0.17 0.22 0.66
13.00 5.00 -503.13 415.75 -382.45 -0.43 -0.16 0.33 0.98 0.15 0.25 0.18
8.00 12.26 -245.18 218.09 -86.79 0.59 0.54 0.98 0.71 1.00 0.56 0.11
13.00 40.78 573.53 229.38 -180.40 0.12 0.98 0.00 0.56 0.23 0.49 0.02
35.00 139.06 -154.89 -159.06 408.24 0.64 -0.65 0.54 0.62 0.70 0.51 0.70
6.00 7.90 -150.69 -310.74 -207.06 0.80 -0.24 -0.36 0.16 0.51 0.54 0.48
15.00 40.59 367.75 -167.75 -644.66 0.38 0.49 0.04 0.57 0.07 0.34 0.62
7.00 4.95 -112.21 -429.34 296.60 -0.49 -0.53 0.30 0.80 0.07 0.26 0.16
18.00 43.72 -108.45 -86.00 570.33 0.58 -0.78 -0.68 0.17 0.44 0.76 0.68
10.00 22.99 224.19 157.11 569.97 0.76 -0.62 -0.84 0.67 0.56 0.90 0.19
8.00 11.99 -492.42 -123.72 103.58 0.12 0.32 -0.94 0.31 0.36 0.75 0.07
16.00 69.89 -131.31 -75.45 146.91 -0.62 0.60 -0.59 0.39 0.36 0.56 0.09
6.00 3.20 184.09 64.37 557.27 -0.80 0.25 -0.58 0.11 0.15 0.23 0.23
9.00 22.03 -648.67 -5.88 -142.11 -0.31 0.47 -0.32 0.56 0.98 0.11 0.44
18.00 43.45 -223.10 527.93 -272.43 0.59 -0.63 -0.02 0.41 0.61 0.83 0.29
6.00 6.16 227.13 -457.19 257.53 -0.11 -0.41 0.38 0.80 0.50 0.03 0.22
7.00 10.13 186.75 -297.88 58.26 0.93 0.06 0.44 0.90 0.31 0.70 0.87
10.00 11.91 -16.01 134.86 691.92 -0.85 0.08 -0.41 0.74 0.03 0.20 0.19
31.00 111.37 -3.71 -150.17 -115.80 0.36 0.70 0.65 0.64 0.16 0.36 0.80
5.00 6.03 -663.38 48.31 441.66 0.09 -0.73 0.40 0.19 0.71 0.28 0.13
10.00 28.00 96.68 186.47 530.26 -0.09 0.58 0.15 0.91 0.06 0.60 0.00
8.00 11.62 50.11 575.01 154.04 -0.20 -0.05 0.67 0.02 0.07 0.60 0.28
23.00 123.07 56.57 70.78 -692.41 0.17 -0.82 -0.10 0.72 0.96 0.65 0.44
24.00 15.82 556.61 -98.69 24.76 0.41 -0.56 0.65 0.78 0.98 0.57 0.76
14.00 26.08 239.86 -730.05 -10.87 -0.59 -0.91 -0.69 0.86 0.48 0.85 0.44
10.00 24.18 464.44 -120.32 89.21 0.43 0.66 -0.78 0.88 0.19 0.76 0.23
10.00 5.14 359.05 488.01 -522.09 0.23 -0.52 -0.26 0.17 0.60 0.46 0.83
8.00 5.74 -286.31 -118.99 -52.20 0.19 0.74 -0.28 0.30 0.51 0.14 0.99
7.00 3.05 -33.33 -584.59 19.40 -0.38 0.33 -0.55 0.71 0.37 0.71 0.22
13.00 36.09 -276.20 -120.57 -587.62 -0.39 0.72 0.09 0.52 0.01 0.04 0.80
11.00 17.16 170.83 -144.39 -442.72 0.17 -0.68 0.58 0.95 0.04 0.25 0.15
6.00 2.94 65.95 141.36 299.54 -1.00 -0.20 0.82 0.69 0.28 0.13 0.81
10.00 0.70 -166.30 -621.10 -445.79 -0.62 0.55 0.43 0.73 0.71 0.03 0.50
9.00 6.65 159.44 348.83 -606.68 0.10 0.01 -0.40 0.51 0.55 0.21 0.92
15.00 15.05 517.26 -234.40 -511.02 0.13 0.41 -0.06 0.95 0.87 0.10 0.14
5.00 3.77 15.84 -117.96 602.06 0.16 0.71 0.50 0.01 0.61 0.48 0.09
29.00 161.32 316.67 401.00 -499.20 -0.61 -0.12 -0.47 0.48 0.05 0.43 0.52
36.00 327.38 539.52 -278.79 -314.37 -0.21 0.38 1.00 0.09 0.78 0.95 0.94
11.00 10.32 -287.56 -575.03 -472.48 -0.96 -0.46 -0.76 0.82 0.89 0.24 0.82
30.00 40.37 -153.82 579.20 -379.46 0.07 0.78 0.67 0.25 0.86 0.93 0.15
12.00 5.84 -80.68 255.95 -58.58 -0.07 -0.28 0.12 0.94 0.35 0.46 0.94
5.00 4.74 144.39 -603.90 352.93 -0.07 -0.33 0.59 0.13 0.86 0.56 0.67
20.00 5.83 433.44 181.51 597.29 -0.66 0.66 -0.79 0.65 0.22 0.56 0.22
9.00 3.14 -203.74 729.68 186.54 0.13 -0.49 0.38 0.46 0.45 0.65 0.74
5.00 2.59 450.70 -514.04 309.56 -0.54 0.31 -0.82 0.21 0.01 0.27 0.53
5.00 6.16 491.93 349.95 -71.02 -0.79 -0.49 -0.33 0.97 0.10 0.77 0.08
11.00 34.85 592.52 -109.65 -414.23 0.44 0.39 0.72 0.83 0.09 0.52 0.55
13.00 16.27 -21.93 -480.69 -160.75 0.02 0.41 0.58 0.50 0.71 0.91 0.64
21.00 121.20 43.20 48.62 313.93 -0.68 0.02 0.08 0.73 0.55 0.90 0.86
19.00 39.26 -376.03 79.53 366.04 0.66 0.53 0.27 0.10 0.52 0.78 0.66
12.00 8.24 36.71 406.92 82.72 -0.73 -0.25 -0.45 0.08 0.81 0.46 0.48
15.00 20.18 404.08 296.37 -173.13 -0.52 0.27 0.13 0.04 0.23 0.87 0.88
7.00 2.01 -59.00 -176.22 -149.24 0.92 -0.74 -0.41 0.80 0.88 0.79 0.98
14.00 35.13 96.99 611.27 -449.51 -0.26 0.84 -0.34 0.98 0.58 0.47 0.28
24.00 135.78 583.61 194.41 126.09 0.13 -0.49 -0.82 0.37 0.97 0.24 0.82
6.00 5.95 -316.99 -148.23 342.82 -0.45 0.82 0.48 0.28 0.40 0.18 0.04
5.00 2.48 -736.68 163.85 -157.78 -0.56 0.88 -0.13 0.93 0.43 0.36 0.77
18.00 73.91 -347.44 85.48 -216.96 0.14 0.22 -0.24 0.73 0.59 0.86 0.22
26.00 117.48 98.20 -107.75 414.52 -0.57 0.03 0.66 0.57 0.31 0.07 0.60
9.00 7.38 455.36 624.50 -94.57 0.66 0.25 -0.11 0.01 0.72 0.35 0.89
13.00 35.42 -293.76 40.74 176.53 -0.33 -0.49 -0.10 0.34 0.75 0.84 0.46
8.00 14.20 302.41 -508.96 -29.79 -0.26 0.89 -0.41 0.63 0.78 0.37 0.69
17.00 74.49 294.67 -287.03 544.91 0.70 0.09 0.48 0.98 0.16 0.58 0.31
7.00 11.68 -335.68 442.35 418.36 -0.79 0.78 -0.88 0.86 0.57 0.03 0.79
10.00 2.76 -556.64 -45.00 5.74 0.05 0.44 0.60 0.83 0.00 0.04 0.30
11.00 8.18 -644.10 148.19 -152.61 -0.08 -0.20 -0.81 0.85 0.65 0.76 0.40
6.00 4.20 -196.65 -435.28 275.21 0.66 -0.65 0.56 0.85 0.74 0.32 0.79
8.00 10.64 559.27 -138.19 550.14 -0.36 -0.60 -0.12 0.83 0.64 0.01 0.48
19.00 52.02 232.98 -407.78 218.78 -0.68 0.92 0.91 0.69 0.45 0.58 0.07
5.00 5.59 66.09 -418.02 397.08 -0.23 0.90 -0.43 0.76 0.08 0.18 0.88
12.00 9.19 143.26 -109.39 102.93 -0.95 -0.66 -0.45 0.86 0.03 0.82 0.02
6.00 10.45 425.12 114.19 -636.53 0.36 0.97 -0.02 0.62 0.18 0.11 0.69
15.00 58.15 -730.55 -6.27 -205.52 0.98 -0.11 0.22 0.05 0.43 0.53 0.71
8.00 2.58 430.71 175.89 227.24 0.03 -0.35 0.17 0.06 0.46 0.83 0.70
17.00 40.90 118.17 -675.17 -22.18 -0.21 0.01 0.64 0.06 0.74 0.75 0.48
7.00 13.91 574.69 -115.65 -371.02 -0.24 -0.09 -0.50 0.25 0.31 0.76 0.38
13.00 11.24 229.59 -129.79 250.00 0.98 -0.82 -0.64 0.77 0.65 0.43 0.30
11.00 13.94 169.78 651.94 -282.82 -0.96 -0.59 -0.20 0.13 0.28 0.23 0.77
11.00 32.89 35.72 -115.28 -314.63 -0.09 -0.82 -0.79 0.61 0.22 0.12 0.06
6.00 3.68 23.91 440.52 638.84 0.77 -0.10 0.31 0.79 0.26 0.10 0.38
28.00 223.63 184.62 442.42 -577.02 -0.85 0.66 -0.20 0.09 0.95 0.41 0.06
14.00 36.89 93.10 -187.74 -45.76 -0.38 0.56 -0.45 0.99 0.25 0.11 0.11
36.00 142.92 -262.11 -197.61 311.30 -0.64 -0.20 0.32 0.03 0.30 0.02 0.58
18.00 28.25 398.97 -567.72 290.23 0.62 0.35 0.08 0.57 0.49 0.16 0.42
11.00 28.15 397.83 -541.40 309.82 0.81 -0.74 0.41 0.95 0.64 0.46 0.37
9.00 2.01 588.26 95.21 199.13 0.53 0.05 -0.49 0.54 0.30 0.38 0.39
6.00 0.82 114.53 363.65 -299.44 -0.12 -0.94 0.28 0.04 0.52 0.73 0.84
27.00 44.54 -355.78 -296.38 -645.26 -0.45 -0.87 0.58 0.28 0.85 0.76 0.31
11.00 18.70 -70.39 17.10 620.14 0.49 0.90 0.94 0.17 0.47 0.49 0.47
14.00 51.34 -212.68 -247.41 -226.41 0.54 -0.58 -0.39 0.88 0.09 0.59 0.23
8.00 2.00 105.06 765.24 198.15 -0.45 -0.51 0.03 0.02 0.07 0.35 0.94
25.00 38.90 301.23 430.88 400.81 0.60 -0.69 0.72 0.62 0.52 0.45 0.26
14.00 50.22 285.35 32.91 197.79 -0.83 0.85 -0.48 0.00 0.16 0.49 0.76
6.00 0.79 -546.71 179.36 478.51 -0.85 -0.22 -0.53 0.08 0.88 0.36 0.58
10.00 27.38 368.13 -622.20 239.62 0.72 -0.38 0.20 0.73 0.37 0.46 0.46
10.00 15.38 -60.62 -261.94 704.22 0.30 0.52 0.70 0.68 0.63 0.17 0.55
32.00 41.40 -141.95 -251.38 -233.23 -0.86 0.58 0.02 0.55 0.69 0.68 0.67
22.00 16.37 -227.37 304.68 90.44 0.60 -0.67 0.58 0.58 0.20 0.59 0.90
7.00 10.41 127.67 -730.21 131.92 0.20 -0.22 0.80 0.31 0.30 0.05 0.41
30.00 148.32 -413.33 43.17 -228.22 -0.25 -0.23 0.04 0.66 0.38 0.74 0.42
17.00 79.80 171.71 -323.22 600.26 0.69 0.60 -0.49 0.54 0.41 0.12 0.26
37.00 134.83 176.15 156.72 -220.74 -0.04 -0.04 0.42 0.44 0.44 0.74 0.07
12.00 12.26 -575.39 62.03 -499.45 0.94 0.97 -0.52 0.02 0.31 0.19 0.70
12.00 41.61 476.71 -110.69 427.13 -0.04 -0.12 -0.73 0.23 0.27 0.77 0.31
5.00 5.07 -309.38 -195.34 222.53 0.19 0.48 -0.84 0.77 0.17 0.91 0.93
26.00 29.81 557.89 -509.03 -202.08 -0.08 -0.08 -0.31 0.20 0.20 0.75 0.02
34.00 324.12 436.75 -135.32 175.48 -0.35 -0.79 -0.29 0.24 0.81 0.47 0.19
28.00 75.43 1.58 189.36 -214.24 -0.55 0.79 0.60 0.28 0.11 0.55 0.56
16.00 66.77 763.40 -212.42 90.49 -0.48 -0.54 0.87 0.13 0.86 0.91 0.21
8.00 0.48 11.42 -688.89 263.23 -0.49 0.48 0.00 0.46 0.80 0.92 0.02
12.00 12.04 -51.15 124.50 -559.96 -0.87 0.67 0.96 0.33 0.08 0.39 0.55
12.00 12.26 -620.09 410.13 262.68 -0.53 -0.58 0.99 0.19 0.43 0.05 0.02
18.00 82.79 -259.99 -635.81 278.76 0.76 -0.24 0.19 0.80 0.68 0.96 0.88
18.00 42.09 -725.96 -171.85 -124.93 0.82 -0.90 0.31 0.54 0.79 0.88 0.31
5.00 0.20 193.32 98.23 -518.22 0.78 -0.26 -0.23 0.35 0.69 0.20 0.21
6.00 2.93 -159.75 -561.97 -475.51 -0.23 -0.35 0.87 0.66 0.34 0.93 0.56
5.00 4.80 -385.76 -293.92 -415.23 -0.61 -0.61 0.05 0.64 0.39 0.42 0.94
36.00 174.54 -208.51 137.74 -82.58 0.43 0.06 0.25 0.89 0.95 0.90 0.79
8.00 7.57 -322.61 -219.55 414.38 -0.88 0.28 0.98 0.97 0.24 0.59 0.79
11.00 24.48 -590.61 444.00 108.14 -0.71 0.87 0.68 0.17 0.27 0.08 0.03
9.00 22.31 -128.93 -26.50 -94.42 0.39 0.20 -0.57 0.28 0.88 0.55 0.46
7.00 11.64 110.01 -372.33 375.13 0.54 -0.85 -0.25 0.19 0.10 0.55 0.63
5.00 0.41 182.19 -558.02 -370.87 -0.19 -0.86 -0.72 0.40 0.82 0.91 0.85
11.00 6.72 64.89 -394.60 -176.07 -0.67 0.21 -0.17 0.96 0.65 0.26 0.04
14.00 19.96 350.58 64.56 250.56 -0.04 -0.02 0.40 0.89 0.72 0.97 0.08
9.00 2.28 314.62 -655.52 -248.68 0.83 0.27 -0.84 0.29 0.39 0.51 0.75
18.00 13.45 -265.76 -225.00 623.37 0.31 -0.53 0.35 0.62 0.30 0.91 0.45
25.00 80.40 -653.39 -439.88 118.68 -0.90 -0.32 0.91 0.64 0.66 0.59 0.98
8.00 7.55 372.28 -403.31 -508.27 -0.62 -0.57 0.29 0.90 0.22 0.71 0.91
15.00 33.58 -276.15 202.89 578.61 0.43 0.62 0.01 0.96 0.71 0.75 0.31
18.00 14.85 234.16 -485.99 214.80 0.05 -0.43 -0.33 0.75 0.79 0.72 0.87
10.00 17.63 300.53 -65.18 -313.77 -0.68 0.89 0.01 0.90 0.54 0.49 0.22
26.00 180.66 -244.97 295.83 -228.57 -0.95 0.73 -0.12 0.84 0.79 0.01 0.13
30.00 14.13 -588.30 -94.28 455.85 0.56 0.90 0.47 0.65 0.57 0.68 0.21
7.00 3.56 212.00 368.39 323.80 0.40 0.71 0.45 0.16 0.92 0.18 0.30
15.00 44.33 -151.19 327.48 293.92 -0.05 0.93 -0.73 0.66 0.37 0.73 0.32
5.00 0.43 -17.14 -450.02 -437.44 -0.60 0.21 -0.89 0.39 0.40 0.18 0.89
5.00 0.98 -305.09 59.22 472.04 0.68 -0.65 -0.78 0.22 0.89 0.78 0.91
6.00 9.17 392.32 -44.83 -364.69 -0.16 -0.11 -0.83 0.79 0.62 0.28 0.27
17.00 26.98 -92.55 -190.60 466.19 -0.35 0.35 -0.42 0.25 0.89 0.46 0.33
6.00 0.73 769.63 -7.56 -186.89 0.42 0.36 -0.67 0.65 0.40 0.54 0.63
7.00 1.79 -80.90 -13.65 -714.16 -0.21 0.03 -0.69 0.41 0.03 0.46 0.46
5.00 2.84 -11.43 349.64 -604.48 0.30 0.81 -0.15 0.66 0.04 0.44 0.54
12.00 20.56 -175.24 -390.24 -512.74 -0.31 -1.00 0.95 0.66 0.97 0.75 0.32
8.00 1.49 -702.51 -32.16 211.88 0.97 0.99 -0.62 0.81 0.33 0.40 0.66
26.00 59.05 77.34 -290.77 -335.23 -0.85 0.27 0.91 0.78 0.37 0.58 0.09
8.00 8.91 547.55 445.84 216.55 -0.38 0.23 0.48 0.31 0.58 0.07 0.59
11.00 12.72 -167.28 -323.50 -335.57 0.37 0.61 -0.67 0.03 0.42 0.57 0.70
14.00 31.78 -151.60 359.84 -17.35 -0.51 -0.78 -0.42 0.79 0.20 0.10 0.78
6.00 1.19 -435.21 243.61 -475.19 0.14 -0.00 -0.73 0.10 0.51 0.83 0.71
23.00 0.14 -137.01 -359.09 124.84 0.34 0.84 0.29 0.86 0.47 0.05 0.23
15.00 9.77 470.98 337.88 132.54 0.17 -0.88 0.20 0.68 0.92 0.39 0.25
17.00 62.75 -379.35 -250.96 508.03 0.26 0.24 0.55 0.26 0.44 0.96 0.49
6.00 8.27 -238.90 -561.36 -119.68 0.08 -0.05 -0.84 0.71 0.15 0.29 0.13
17.00 63.66 99.56 -40.85 -760.97 0.69 0.16 -0.45 0.12 0.23 0.15 0.14
6.00 5.12 272.85 -404.14 231.51 0.89 0.57 0.54 0.88 0.69 0.32 0.07
36.00 171.63 -412.64 486.78 182.13 0.99 0.02 0.43 0.36 0.10 0.64 0.41
11.00 11.76 -41.34 -104.16 -628.14 0.20 0.20 0.05 0.77 0.51 0.27 0.85
10.00 24.00 12.12 103.80 -489.26 0.25 0.01 -0.62 0.52 0.79 0.58 0.04
6.00 10.34 504.11 265.45 398.46 0.23 0.47 0.09 0.02 0.96 0.78 0.39
10.00 23.38 -220.50 -320.10 637.63 0.83 0.56 -0.66 0.79 0.26 0.44 0.53
12.00 31.25 -130.60 114.12 264.79 0.60 0.57 -0.17 0.92 0.05 0.63 0.65
36.00 215.04 390.05 359.76 -152.53 -0.31 0.67 -0.94 0.67 0.58 0.81 0.53
23.00 72.29 -2.01 -296.86 626.46 -0.03 0.79 0.82 0.69 0.86 0.25 0.60
10.00 27.31 322.07 -17.44 -715.04 -0.90 -0.96 0.12 0.92 0.93 0.17 0.26
37.00 281.05 -474.26 -602.49 -37.63 0.42 0.06 -0.08 0.27 0.08 0.75 0.44
29.00 12.98 436.07 -526.86 -368.35 0.93 -0.55 0.86 0.77 0.25 0.18 0.77
15.00 12.96 140.92 -326.09 -611.72 0.04 -0.36 0.72 0.03 0.90 0.99 0.55
5.00 6.17 671.06 42.97 278.69 -0.77 -0.60 -1.00 0.00 0.95 0.31 0.69
5.00 4.91 231.92 -120.50 -56.36 -0.09 0.84 0.04 0.08 0.55 0.25 0.10
8.00 5.25 241.52 604.01 -83.49 -0.51 0.36 -0.61 0.92 0.50 0.47 0.40
5.00 0.84 171.32 261.15 -533.90 0.76 0.16 -0.74 0.73 0.41 0.23 0.80
10.00 11.21 -326.13 445.06 105.23 -0.18 0.74 0.71 0.45 0.42 0.95 0.84
19.00 9.48 -203.90 46.14 359.15 0.54 -0.62 -0.61 0.00 0.38 0.78 0.91
14.00 49.24 405.99 -331.38 442.11 -0.23 0.53 -0.33 0.45 0.04 0.14 0.54
8.00 17.96 -413.00 -125.30 51.88 0.14 -0.81 0.05 0.19 0.20 0.31 0.36
9.00 2.46 346.12 259.56 463.39 -0.97 0.21 -0.71 0.35 0.52 0.65 0.89
11.00 21.24 326.64 207.65 -211.71 -0.08 -0.16 -0.38 0.29 0.51 0.17 0.56
9.00 3.25 -529.06 319.10 -307.67 -0.74 -0.74 0.98 0.41 0.46 0.20 0.03
6.00 3.68 177.22 507.05 238.02 -0.44 -0.51 0.52 0.62 0.51 0.97 0.19
7.00 0.04 -133.84 -481.96 209.92 0.47 0.96 0.53 0.96 0.66 0.95 0.82
20.00 83.38 530.56 -327.30 44.77 0.61 -0.13 0.30 0.18 0.28 0.63 0.28
6.00 0.41 -141.22 -407.06 -545.93 0.52 0.16 -0.62 0.70 0.95 0.49 0.23
6.00 3.67 566.64 264.74 -292.31 -0.14 0.65 0.77 0.28 0.34 0.55 0.14
9.00 17.73 -148.90 -80.41 -189.08 -0.64 -0.19 -0.78 0.53 0.65 0.17 0.05
5.00 1.77 244.77 -158.68 478.55 0.31 0.91 -0.36 0.68 0.20 0.91 0.92
6.00 2.50 -507.17 62.59 -566.82 -0.55 0.58 0.79 0.93 0.07 0.25 0.16
30.00 136.47 -8.18 -576.74 58.35 -0.87 0.84 -0.13 0.07 0.47 0.54 0.89
8.00 2.23 -241.78 -390.34 429.48 -0.04 -0.67 0.90 0.81 0.46 0.71 1.00
6.00 1.11 630.67 436.72 15.51 -0.62 -0.65 -0.59 0.34 0.71 0.34 0.65
16.00 66.50 -33.08 -378.77 410.47 0.26 0.37 -0.09 0.82 0.91 0.51 0.27
21.00 91.01 286.06 73.82 -732.23 -0.22 0.17 0.97 0.89 0.72 0.98 0.33
5.00 5.06 -222.37 -74.06 548.48 0.45 0.28 -0.10 0.09 0.01 0.86 0.39
10.00 7.10 -199.42 -207.37 -745.58 0.97 -0.13 0.97 0.99 0.76 0.80 0.36
9.00 9.34 720.20 94.02 17.37 0.73 0.89 0.77 0.90 0.90 0.73 0.88
11.00 22.55 -105.16 28.90 127.57 -0.88 -0.77 0.00 0.80 0.35 0.01 0.35
9.00 13.85 604.21 -342.96 392.74 -0.41 0.31 -0.25 0.80 0.11 0.90 0.51
11.00 28.04 -436.74 -410.00 -377.24 0.58 0.21 0.28 0.61 0.16 0.17 0.23
15.00 21.87 -192.65 458.58 314.57 -0.66 0.46 -0.38 0.95 0.48 0.38 0.58
5.00 2.33 179.15 -121.30 53.20 -0.49 0.15 0.51 0.17 0.01 0.69 0.29
19.00 15.98 271.73 -298.49 -224.80 0.38 -0.88 -0.57 0.10 0.48 0.62 0.39
13.00 45.14 157.84 -98.81 193.19 0.74 -0.78 -0.66 0.80 0.27 0.55 0.09
5.00 5.95 160.92 505.01 157.45 0.97 0.37 -0.76 0.65 0.63 0.60 0.11
20.00 54.34 268.55 -529.12 503.34 -0.10 0.02 -0.77 0.91 0.65 0.77 1.00
25.00 141.78 119.93 115.84 -300.40 0.06 -0.81 0.26 0.17 0.35 0.24 0.83
19.00 20.21 662.75 -135.71 -419.04 -0.69 0.03 -0.13 0.86 0.81 0.65 0.12
14.00 53.22 178.66 602.06 156.87 0.55 0.20 -0.00 0.17 0.71 0.69 0.27
7.00 2.93 150.44 -404.72 -5.34 0.34 -0.63 -0.39 0.54 0.00 0.30 0.89
11.00 25.05 264.64 412.66 167.92 0.24 0.96 0.13 0.83 0.15 0.89 0.04
9.00 19.35 -105.73 -381.08 -448.37 -0.31 0.41 0.77 0.17 0.34 0.71 0.19
14.00 2.41 -47.48 -186.22 89.65 -0.63 -0.99 0.10 0.04 0.54 0.68 0.03
14.00 8.97 -662.76 412.76 -80.56 -0.22 0.96 -0.85 0.01 0.08 0.43 0.12
20.00 55.91 43.54 -707.28 358.86 0.17 -0.69 0.20 0.27 0.69 0.29 0.60
7.00 4.72 137.36 517.48 436.41 0.78 -0.06 0.11 0.29 0.49 0.63 0.92
24.00 55.37 -357.33 -374.88 -356.55 0.15 -0.14 0.54 0.46 0.63 0.31 0.62
28.00 91.77 -136.34 573.01 -168.25 0.13 -0.17 -0.62 1.00 0.40 0.71 0.10
8.00 2.89 309.64 -11.31 -699.00 -0.57 -0.53 0.15 0.69 0.78 0.78 0.96
16.00 56.24 -109.88 -234.06 -641.45 -0.45 0.88 -0.52 0.52 0.58 1.00 0.80
17.00 15.75 -121.30 -23.76 271.75 0.64 -0.23 0.38 0.28 0.29 0.66 0.59
15.00 29.47 264.46 -147.01 223.88 0.87 0.54 -0.24 0.48 0.41 0.39 0.36
18.00 44.84 -74.00 542.83 365.52 -0.28 0.20 0.47 0.62 0.76 0.71 0.53
9.00 10.44 360.59 594.71 -70.01 -0.68 0.55 0.55 0.70 0.89 0.61 0.46
18.00 40.55 -596.09 -28.05 -98.30 0.67 0.44 -0.09 1.00 0.28 0.89 0.49
23.00 53.32 437.56 616.47 18.29 -0.90 0.86 -0.66 0.12 0.61 0.12 0.51
11.00 25.16 159.38 -91.95 -728.57 0.61 0.94 -0.31 0.12 0.99 0.39 0.83
38.00 128.72 -37.56 251.12 320.59 -0.75 -0.08 0.19 0.22 0.55 0.30 0.58
11.00 12.44 -114.49 33.69 -632.77 -0.37 -0.80 -0.12 0.59 0.05 0.61 0.90
13.00 11.44 -558.23 -398.25 -349.22 0.18 -0.56 -0.36 0.85 0.59 0.96 0.77
6.00 5.55 252.81 325.31 -653.00 0.23 -0.02 -0.79 0.64 0.10 0.29 0.07
7.00 6.54 -389.87 -116.44 -403.00 -0.33 0.05 -0.67 0.18 0.57 0.29 0.33
8.00 15.12 244.94 74.86 -202.84 0.52 0.89 -0.46 0.95 0.25 0.19 0.45
8.00 12.67 374.72 -373.22 -313.02 0.42 -0.95 0.98 0.66 0.30 0.63 0.24
14.00 33.45 -304.46 191.35 -526.54 0.03 -0.94 -0.95 0.76 0.81 0.64 0.36
8.00 13.39 656.36 -266.18 -216.60 0.28 0.48 -0.26 0.05 0.50 0.01 0.82
5.00 3.64 -70.78 133.33 380.71 -0.41 -0.62 0.81 0.51 0.39 0.19 0.25
8.00 2.04 -280.51 103.37 408.39 0.78 0.32 -0.36 0.80 0.68 0.70 0.89
7.00 11.12 -48.41 -747.03 198.86 0.09 -0.35 -0.67 0.37 0.80 0.65 0.77
10.00 6.04 180.39 228.83 -718.36 1.00 0.85 -0.39 0.98 0.20 0.99 0.17
6.00 4.58 34.69 -553.27 56.03 -0.88 -0.24 -0.93 0.70 0.73 0.01 0.50
15.00 2.97 -167.09 115.77 410.15 0.21 0.24 0.79 0.62 0.31 0.44 0.02
25.00 99.53 -88.05 77.74 250.32 0.86 -0.56 0.34 0.13 0.66 0.56 0.11
12.00 31.12 -89.43 379.19 639.42 -0.72 -0.10 -0.98 0.75 0.48 0.07 0.74
8.00 4.16 -169.93 -2.50 743.67 0.80 0.19 -0.99 0.03 0.43 0.20 0.24
8.00 11.98 200.63 652.22 -139.19 -0.17 -0.68 0.59 0.49 0.09 0.36 0.15
18.00 44.37 -266.99 -600.95 -427.42 0.73 0.14 0.26 0.77 0.97 0.06 0.51
27.00 57.60 134.48 -709.08 255.46 0.04 0.55 -0.11 0.11 0.59 0.23 0.51
11.00 29.60 91.02 -61.68 569.49 -0.82 0.84 0.73 0.17 0.34 0.98 0.41
8.00 6.04 76.69 240.62 -166.14 0.13 0.05 0.29 0.59 0.23 0.35 0.54
10.00 13.26 -652.95 -23.86 -88.86 0.11 0.24 0.93 0.81 0.21 0.22 0.17
11.00 8.93 -345.26 -612.70 353.72 0.06 -0.72 -0.07 0.34 0.76 0.60 0.55
39.00 45.12 96.99 18.79 719.27 -0.54 0.91 0.02 0.64 0.75 0.77 0.53
7.00 1.66 -291.61 -12.12 221.95 -0.18 -0.46 -0.09 0.95 0.18 0.07 0.81
22.00 80.87 345.23 -88.99 702.91 0.84 0.36 -0.57 0.46 0.55 0.67 0.18
25.00 98.24 -97.54 -291.32 -354.91 0.35 0.47 -0.85 0.15 0.91 0.66 0.09
8.00 13.91 518.69 -588.76 -29.74 -0.68 0.29 0.90 0.97 0.34 0.76 0.20
5.00 4.38 160.95 65.51 664.18 0.40 -0.82 0.59 0.84 0.22 0.59 0.61
7.00 13.50 377.78 -704.16 -6.73 0.26 0.22 0.47 0.79 0.19 0.09 0.61
20.00 13.92 563.45 -473.66 -258.87 -0.85 -0.33 0.93 0.87 0.58 0.94 0.91
11.00 18.55 -85.22 -91.03 -496.67 0.64 -0.45 0.74 0.15 0.94 0.84 0.35
20.00 12.63 430.73 -106.79 579.92 0.54 -0.82 0.22 0.19 0.52 0.92 0.09
5.00 5.35 722.86 -218.61 -51.88 0.96 -0.37 -0.10 0.42 0.91 0.58 0.39
19.00 63.02 -386.98 95.08 611.23 -0.53 -0.33 -0.70 0.67 0.35 0.75 0.35
14.00 7.66 -534.62 125.69 28.43 0.46 0.88 0.22 0.41 0.33 0.96 0.16
17.00 62.50 688.38 223.76 -143.12 -0.47 0.14 -0.64 0.13 0.41 0.19 0.15
12.00 37.46 355.72 -183.69 -201.17 -0.78 0.61 0.71 0.21 0.58 0.75 0.61
18.00 49.48 -619.80 154.23 -267.49 -0.59 -0.12 0.45 0.03 0.42 0.85 0.95
12.00 22.95 -414.69 221.95 -332.12 -0.69 -0.61 -0.95 0.66 0.15 0.47 0.73
7.00 3.98 81.76 660.51 -222.43 -0.20 0.14 -0.18 0.37 0.83 0.62 0.03
24.00 130.62 516.99 93.92 -109.28 -0.22 -0.42 0.89 0.13 0.67 0.13 0.50
22.00 46.80 -250.12 -57.66 610.95 -0.95 -0.47 -0.30 0.32 0.69 0.72 0.31
12.00 11.80 -478.40 -69.31 129.15 0.29 -0.10 0.53 0.17 0.34 0.90 0.33
27.00 69.13 675.35 125.45 179.16 -0.63 -0.85 -0.57 0.84 0.31 0.78 0.82
5.00 7.13 47.09 -151.16 258.18 -0.10 0.77 -0.48 0.54 0.83 0.18 0.98
6.00 10.41 457.03 -26.71 467.43 0.19 -0.27 -0.08 0.29 0.46 0.43 0.94
5.00 5.14 -391.31 289.31 -175.30 -0.90 0.59 0.54 0.91 0.03 0.53 0.09
9.00 12.47 21.71 230.73 449.99 0.69 0.14 -0.75 0.00 0.46 0.05 0.22
14.00 56.89 -348.39 -0.36 -133.13 -0.58 0.49 0.04 0.09 0.09 1.00 1.00
9.00 0.67 226.47 -416.92 643.21 -0.24 -0.02 0.79 0.49 0.51 0.46 0.74
14.00 45.03 400.53 -316.03 -178.09 -0.81 -0.26 0.62 0.51 0.50 0.08 0.76
22.00 82.65 495.74 582.07 -167.88 0.29 -0.33 0.80 0.63 0.80 0.31 0.70
10.00 3.86 -150.93 320.52 -42.81 0.56 0.83 0.15 0.83 0.34 0.44 0.49
14.00 46.25 -425.95 425.53 357.53 0.26 -0.01 -0.20 0.45 0.94 0.10 0.20
5.00 0.57 -409.70 67.35 622.00 -0.30 -0.91 -0.22 0.68 0.06 0.86 0.68
21.00 83.42 95.12 -487.03 386.33 -0.05 0.77 0.63 0.64 0.81 0.61 0.06
12.00 33.06 -415.91 267.80 550.54 0.54 -0.96 -0.18 0.69 0.41 0.70 0.89
21.00 28.14 -550.16 -348.79 200.36 -0.25 0.73 -0.27 0.31 0.54 0.03 0.76
6.00 3.81 327.65 -381.15 133.66 0.02 0.47 -0.15 0.11 0.45 0.16 0.67
6.00 0.16 218.83 281.48 456.09 0.45 -0.86 -0.58 0.25 0.84 0.94 0.63
14.00 5.00 227.09 -85.40 386.53 -0.92 0.07 0.33 0.49 0.12 0.73 0.61
10.00 14.72 157.56 -298.56 366.28 -0.86 0.47 -0.91 0.68 0.79 0.22 0.38
14.00 24.38 570.74 -316.48 275.13 -0.61 -0.48 -0.76 0.01 0.44 0.93 0.60
5.00 3.08 -364.67 -60.18 695.48 -0.95 -0.09 0.79 0.08 0.94 0.42 0.16
11.00 31.29 361.97 -244.02 -248.41 0.91 0.48 0.28 0.73 0.64 0.17 0.03
17.00 2.52 -352.96 -188.98 -605.64 -0.48 -0.27 0.94 0.34 1.00 0.94 0.72
5.00 1.57 206.48 188.31 214.59 0.92 -0.92 0.13 0.64 0.17 0.87 0.27
11.00 16.08 -78.74 -707.90 -32.03 -0.40 0.49 0.50 0.90 0.43 0.38 0.43
25.00 153.54 74.11 140.35 -769.85 -0.28 0.13 0.12 0.49 0.30 0.98 0.14
10.00 28.12 -286.31 80.46 -389.79 -0.27 0.93 -0.17 0.44 0.93 0.72 0.23
6.00 7.10 289.76 196.27 206.53 0.10 -0.73 0.31 0.34 0.34 0.02 0.85
21.00 55.05 -646.52 -105.65 -298.06 0.51 0.65 -0.80 0.69 0.46 0.87 0.11
37.00 365.98 248.41 321.92 -9.07 -0.12 -0.15 0.04 0.08 0.09 0.29 0.62
24.00 144.54 31.31 90.22 523.60 0.22 -0.51 0.89 0.16 0.16 0.06 0.99
27.00 174.67 728.80 325.80 -13.29 -0.93 0.63 -0.27 0.31 0.36 0.83 0.23
6.00 6.30 317.74 35.42 254.55 0.59 -0.40 0.02 0.99 0.28 0.01 0.74
20.00 22.40 -370.40 485.89 -129.77 -0.62 -0.97 0.82 0.71 0.56 0.91 0.01
15.00 6.67 113.55 -287.07 500.01 0.26 -0.66 -0.18 0.91 0.53 0.74 0.55
25.00 65.77 131.29 -493.90 257.79 0.02 0.75 -0.19 0.38 0.71 0.95 0.98
7.00 12.53 243.10 150.81 143.80 -0.56 0.67 -0.78 0.35 0.69 0.41 0.71
6.00 6.00 213.99 416.65 -241.41 0.31 0.25 0.30 0.84 0.29 0.40 0.81
20.00 101.35 584.35 -18.70 -171.67 0.26 -0.43 0.37 0.73 0.77 0.43 0.49
7.00 5.25 507.08 48.05 138.17 -0.43 0.73 -0.72 0.77 0.61 0.31 0.52
9.00 10.12 719.10 -32.93 -41.60 -0.13 -0.90 -0.84 0.63 0.81 0.20 0.51
34.00 143.69 -114.78 -414.27 -650.19 0.54 -0.46 -0.01 0.18 0.89 0.27 0.77
9.00 22.10 -77.49 -748.48 -185.42 0.24 -0.71 -0.36 0.28 0.18 0.02 0.42
9.00 3.60 153.20 176.45 210.90 0.02 0.81 0.37 0.68 0.18 0.14 0.40
24.00 143.19 -170.62 -673.69 197.61 0.89 -0.97 -0.44 0.41 0.64 0.31 0.88
13.00 12.26 371.98 0.33 629.83 -0.67 0.46 -0.28 0.10 0.79 0.13 0.11
23.00 129.25 -33.22 -18.31 -707.31 0.45 0.68 -0.20 0.32 0.91 0.11 0.25
37.00 56.41 508.35 -30.55 530.40 0.51 0.39 0.35 0.17 0.71 0.61 0.28
15.00 51.20 -127.80 -336.42 -449.86 0.76 -0.40 0.81 0.11 0.56 0.81 0.40
14.00 43.39 33.00 162.83 -710.58 0.33 0.09 -0.82 0.98 0.66 0.43 0.66
11.00 31.12 395.71 199.78 -344.17 0.98 -0.01 0.58 0.62 0.13 0.50 0.00
11.00 27.84 -349.24 355.01 -176.78 -0.43 0.58 -0.72 0.55 0.21 0.38 0.06
5.00 1.15 254.10 -614.08 14.63 -0.89 0.36 0.11 0.17 0.57 0.16 0.77
11.00 7.66 381.78 -155.39 617.87 -0.70 0.44 0.71 0.16 0.51 0.15 0.04
16.00 63.42 474.70 -337.49 109.01 0.83 0.90 0.98 0.43 1.00 0.67 0.75
8.00 13.57 348.78 -497.55 496.17 0.98 -0.32 0.42 0.04 0.58 0.89 0.24
7.00 11.00 -227.09 -224.23 594.58 0.15 0.17 0.15 0.58 0.23 0.06 0.70
11.00 17.71 318.22 545.87 -116.05 -0.57 -0.99 0.84 0.22 0.18 0.79 0.65
9.00 8.69 -685.71 120.86 67.85 0.78 0.84 0.71 0.41 0.01 0.50 0.31
18.00 16.87 -444.15 246.80 -4.78 -0.18 0.83 -0.76 0.27 0.87 0.50 0.81
9.00 1.96 -522.74 446.49 -214.30 -0.95 0.84 -0.45 0.25 0.69 0.22 0.96
9.00 2.73 -27.89 7.76 517.80 -0.49 0.71 -0.01 0.79 0.96 0.81 0.09
11.00 30.39 -114.01 622.92 47.89 0.56 0.64 -0.47 0.98 1.00 0.32 0.77
36.00 33.64 -131.79 -10.41 -677.57 0.97 0.63 -0.31 0.12 0.32 0.96 0.09
18.00 29.25 -8.45 185.17 524.16 -0.07 -0.87 0.11 0.93 0.08 0.23 0.06
13.00 35.88 -547.53 256.27 -202.28 -0.31 0.71 -0.06 0.23 0.87 0.92 0.73
10.00 28.44 352.49 611.40 -143.31 -0.80 0.22 -0.53 0.70 0.28 0.01 0.10
14.00 12.80 62.52 8.11 644.76 -0.34 0.74 -0.20 0.38 0.11 0.03 0.08
34.00 109.94 -327.81 632.05 182.36 0.72 0.30 -0.82 0.61 0.26 0.08 0.41
19.00 18.56 276.22 554.67 204.63 0.24 0.50 0.76 0.90 0.87 0.31 0.59
6.00 1.27 589.07 -53.51 137.83 -0.66 -0.77 -0.23 0.38 0.75 0.63 0.39
16.00 70.47 -414.19 111.94 -235.98 -0.56 0.92 -0.66 0.09 0.15 0.67 0.02
18.00 55.69 -9.09 234.24 557.82 -0.91 -0.12 -0.40 0.23 0.87 0.44 0.74
7.00 7.04 -102.35 -577.69 317.55 0.11 0.14 -0.89 0.69 0.41 0.75 0.51
10.00 14.13 -72.15 367.30 -526.55 -0.33 0.02 0.24 0.73 0.84 0.08 0.17
18.00 3.21 71.72 -581.35 291.37 -0.87 -0.75 -0.58 0.19 0.21 0.77 0.88
5.00 0.52 346.20 -342.71 631.11 -0.52 0.47 -0.46 0.87 0.66 0.68 0.98
8.00 6.14 -5.70 -407.41 49.37 -0.94 -0.48 0.13 0.24 0.50 0.92 0.76
8.00 1.23 -383.80 450.83 258.31 0.08 0.87 0.94 0.12 0.37 0.77 0.56
10.00 13.85 235.81 57.47 242.19 0.05 0.42 -0.27 0.29 0.90 0.71 0.10
7.00 13.93 -181.04 230.26 -700.35 -0.55 0.65 -0.63 0.19 0.64 0.73 0.95
24.00 68.44 485.05 487.46 -150.85 0.44 -0.79 -0.67 0.82 0.72 0.78 0.68
10.00 24.51 -228.09 -416.29 402.62 0.28 0.56 -0.79 0.25 0.70 0.70 0.98
5.00 4.41 624.99 -37.28 -285.46 -0.80 0.47 -0.90 0.99 0.05 0.40 0.71
6.00 4.43 190.41 142.17 -421.46 -0.54 -0.70 -0.66 0.89 0.65 0.73 0.33
27.00 68.69 -53.06 -590.24 -351.62 0.34 -0.16 0.53 0.24 0.79 0.02 0.11
5.00 4.77 -271.19 528.54 26.94 -0.89 -0.82 0.83 0.91 0.34 0.64 0.47
6.00 8.61 627.60 347.96 -183.73 -0.19 0.21 -0.45 0.09 0.67 0.73 0.10
20.00 60.49 251.44 -678.30 -99.14 -0.57 -0.79 0.11 0.42 0.11 0.75 0.57
17.00 41.92 363.90 196.44 -109.48 -0.52 0.04 0.01 0.04 0.60 0.65 0.34
11.00 24.41 369.10 -299.75 633.33 -0.19 -0.07 -0.98 0.73 0.74 0.04 0.00
14.00 51.37 485.22 -45.91 -483.38 -0.63 0.52 -0.68 0.24 0.49 0.55 0.23
25.00 44.17 229.64 -666.68 -345.60 0.69 0.68 0.33 0.05 0.38 0.76 0.16
5.00 5.60 84.77 -237.37 -467.61 0.00 -0.83 0.03 0.59 0.67 0.91 0.56
12.00 35.23 -191.63 -5.12 523.12 -0.79 -0.62 0.68 0.66 0.12 0.08 0.31
6.00 8.36 489.22 -269.86 -10.26 -0.23 0.84 0.34 0.73 0.48 0.09 0.80
36.00 280.77 519.05 -522.60 49.84 0.57 0.32 0.53 0.10 0.82 0.01 0.93
5.00 3.95 -180.02 -468.12 169.07 0.69 0.19 0.93 0.67 0.58 0.65 0.09
39.00 311.54 344.68 -166.36 578.87 -0.96 0.08 -0.88 0.70 0.99 0.14 0.04
12.00 32.24 -385.31 -158.98 -602.82 -0.49 -0.53 -0.46 0.25 0.53 0.79 0.25
6.00 6.32 -378.52 126.26 76.32 0.02 0.93 -0.59 0.26 0.61 0.90 0.13
6.00 5.94 -609.77 -29.38 298.33 -0.61 0.49 0.59 0.57 0.46 0.61 0.69
6.00 5.37 144.04 -779.86 34.94 -0.15 0.12 -0.50 0.48 0.23 0.91 0.73
6.00 2.14 -627.31 -38.48 -118.08 -0.43 -0.26 -0.19 0.93 0.99 0.74 0.13
10.00 20.61 -201.77 -27.82 -417.89 0.81 0.01 -0.67 0.44 0.12 0.06 0.86
25.00 157.31 431.69 -86.34 514.58 0.34 -0.83 -0.14 0.51 0.54 0.90 0.24
5.00 0.45 8.37 -440.64 145.13 1.00 -0.10 0.43 0.92 0.30 0.13 0.44
10.00 22.58 348.24 399.26 -208.64 0.56 -0.02 -0.03 0.05 0.93 0.12 0.69
8.00 10.02 -75.71 -283.57 394.43 0.34 -0.44 0.28 0.14 0.42 0.43 0.26
17.00 32.40 -165.62 -166.46 -370.71 -0.59 -0.43 -0.84 0.47 0.29 0.44 0.21
12.00 2.60 88.21 -103.31 748.64 0.85 0.23 0.42 0.68 0.10 0.99 0.38
6.00 6.04 336.99 380.06 486.12 -0.96 -0.86 -0.79 0.78 0.75 0.47 0.91
24.00 43.56 133.04 45.00 275.67 0.32 -0.64 0.82 0.60 0.52 0.87 0.39
8.00 0.63 95.57 209.20 -747.39 0.38 0.30 0.30 0.60 0.49 0.98 0.74
10.00 13.75 146.30 -716.08 -5.10 0.01 -0.78 0.27 0.30 0.10 0.20 0.79
16.00 26.65 6.80 360.36 -685.76 1.00 0.07 0.38 0.23 0.06 0.04 0.12
9.00 19.58 -306.96 -115.27 523.72 0.86 -0.53 -0.08 0.62 0.11 0.14 0.55
6.00 6.66 -338.12 322.82 -106.19 -0.17 -0.44 0.85 0.44 0.72 0.55 0.06
7.00 0.44 48.41 132.21 12.11 -0.94 -0.08 0.14 0.85 0.14 0.17 0.85
16.00 37.46 425.65 268.63 550.86 0.06 -0.88 -0.89 0.02 0.25 0.46 0.38
6.00 8.25 -231.40 17.26 543.18 0.75 -0.75 -0.33 0.32 0.21 0.37 0.27
9.00 18.17 -248.85 -166.12 252.26 -0.78 0.59 0.52 0.84 0.96 0.50 0.25
8.00 14.10 -561.37 67.56 -430.17 -0.90 0.88 -0.81 0.94 0.10 0.79 0.04
7.00 2.85 241.95 372.00 -596.84 0.75 -0.52 -0.51 0.10 0.01 0.93 0.29
8.00 2.24 50.01 -448.76 370.93 -0.16 -0.11 0.71 0.30 0.36 0.65 0.68
9.00 14.02 322.72 -88.29 250.24 -0.29 0.81 0.88 0.19 0.05 0.72 0.58
5.00 5.94 442.20 -344.50 248.69 0.67 -0.98 -0.65 0.01 0.61 0.54 0.14
5.00 6.33 213.30 628.90 51.73 0.83 0.41 0.96 0.48 0.50 0.33 0.67
12.00 8.95 11.17 372.83 195.57 -0.40 -0.19 0.31 0.31 0.73 0.84 0.87
6.00 10.41 -123.26 -432.24 515.83 -0.19 0.78 0.66 0.40 0.09 0.52 0.21
11.00 10.62 -323.99 -303.97 -591.50 -0.09 -1.00 -0.20 0.59 0.34 0.67 0.38
8.00 14.06 -225.39 -264.75 -61.52 -0.41 0.87 0.54 0.03 0.62 0.73 0.02
21.00 26.65 151.92 -198.13 550.56 0.07 -0.96 0.56 0.02 0.87 0.66 0.91
7.00 13.45 -108.06 -439.14 -8.71 0.68 0.66 -0.84 0.08 0.90 0.28 0.87
21.00 102.79 769.69 -40.37 -3.15 -0.46 0.02 0.39 0.14 0.10 0.85 0.63
13.00 29.99 -161.14 20.28 190.76 0.49 -0.32 -0.20 0.95 0.91 0.89 0.96
21.00 120.93 708.07 -89.10 -331.41 -0.09 -0.97 -0.73 0.81 0.15 0.53 0.67
8.00 9.43 -172.75 -248.30 479.78 -0.50 -0.29 0.57 0.32 0.90 0.84 0.03
22.00 99.81 -144.95 24.10 -558.88 -0.55 0.62 -0.78 0.37 0.35 0.30 0.91
18.00 74.71 -640.85 -225.81 -274.29 0.56 -0.94 -0.07 0.43 0.45 0.55 0.23
7.00 13.77 -344.90 45.72 312.66 -0.98 0.93 -0.04 0.75 0.90 0.39 0.17
12.00 31.66 439.67 -70.19 470.90 0.98 0.01 -0.64 0.43 0.05 0.26 0.59
13.00 40.81 -312.99 272.57 96.35 -0.42 0.05 0.21 0.51 0.49 0.15 0.29
8.00 0.30 82.90 280.16 48.11 -0.31 -0.97 -0.48 0.80 0.46 0.99 0.17
8.00 13.53 739.77 -145.14 -106.97 -0.73 -0.99 -0.83 0.88 0.23 0.47 0.40
11.00 29.93 332.38 532.46 -232.81 -0.65 -0.95 0.65 0.24 0.11 0.30 0.92
5.00 0.23 -480.55 115.70 -411.58 0.00 -1.00 0.66 0.77 0.35 0.04 0.26
15.00 0.91 297.47 285.39 332.42 -0.74 -0.04 -0.83 0.24 0.07 0.62 0.30
14.00 12.24 249.70 -79.15 -500.52 0.45 -0.45 -0.75 0.44 0.76 0.24 0.48
13.00 45.95 -303.93 -270.58 420.12 0.08 -0.32 0.41 0.26 0.22 0.88 0.71
12.00 37.87 287.16 673.41 -253.93 -0.26 0.89 0.11 0.78 0.55 0.96 0.78
15.00 59.14 -51.61 -16.13 -597.26 -0.18 -0.89 -0.38 0.31 0.82 0.95 0.81
34.00 156.00 403.61 515.29 90.50 -0.71 0.22 -0.56 0.54 0.24 0.09 0.70
17.00 23.63 -731.06 -52.80 309.94 0.73 0.42 -0.61 0.28 0.79 0.09 0.11
22.00 73.50 -538.31 -448.99 -220.36 0.33 -0.90 -0.74 0.94 0.09 0.38 0.15
10.00 26.76 -618.69 -287.28 -264.90 0.60 0.86 -0.02 0.95 0.32 0.07 0.11
38.00 310.19 329.56 95.72 -226.18 -0.46 -0.15 0.74 0.84 0.79 0.33 0.71
12.00 28.56 171.32 -245.09 503.11 0.95 -0.83 -0.16 0.94 0.02 0.10 0.91
6.00 4.84 -557.08 -40.06 424.28 0.46 -0.25 -0.53 0.31 0.19 0.03 0.33
6.00 6.81 -416.23 334.34 524.38 0.71 -0.78 0.01 0.10 0.24 0.46 0.05
16.00 41.65 -434.51 -173.57 613.69 0.88 -0.16 0.89 0.25 0.77 0.08 0.35
12.00 14.42 32.96 268.26 -428.28 -0.45 -0.92 0.98 0.15 0.85 0.04 0.35
34.00 276.43 374.82 -128.48 351.87 0.04 -0.62 -0.74 0.12 0.49 0.12 0.86
8.00 18.22 -190.23 -343.45 -346.47 -0.59 -0.65 0.29 0.80 0.72 0.30 0.63
7.00 8.64 -490.59 54.88 313.89 -0.77 -0.10 0.91 0.80 0.65 0.44 0.08
13.00 7.49 -62.89 568.67 540.77 -0.84 -0.83 -0.06 0.56 0.86 0.39 0.95
28.00 16.95 -625.17 -448.37 -31.13 0.33 0.44 -0.47 0.05 0.23 0.08 0.12
18.00 9.85 320.70 674.25 -226.32 -0.16 0.07 0.48 0.27 0.15 0.44 0.73
14.00 6.92 63.67 53.93 176.81 -0.27 -0.05 -0.61 0.26 0.21 0.46 0.87
8.00 1.37 -500.00 294.64 327.14 0.73 0.05 0.96 0.41 0.22 0.74 0.25
15.00 36.98 485.62 -117.61 -268.09 -0.26 -0.71 -0.33 0.90 0.56 0.40 0.30
9.00 0.93 -285.97 -418.29 232.96 0.03 0.71 0.82 0.33 0.25 0.93 0.53
21.00 77.96 543.91 89.72 -149.61 0.28 0.11 0.71 0.15 0.73 0.52 0.07
7.00 6.48 -351.17 -190.67 101.21 0.06 0.20 0.83 0.76 0.22 0.03 0.84
9.00 4.57 -23.74 -537.87 -168.65 -0.42 0.71 0.49 0.22 0.86 0.17 0.66
20.00 52.31 -69.21 -718.40 -297.94 0.23 0.85 -0.87 0.79 0.10 0.03 0.16
11.00 6.91 -285.68 441.96 -590.51 0.77 -0.80 -0.92 0.81 0.01 0.74 0.75
5.00 2.61 390.08 -224.36 357.55 0.23 -0.19 -0.84 0.51 0.12 0.61 0.11
22.00 74.11 -63.54 -24.31 -413.38 -0.64 0.46 -0.75 0.74 0.80 0.25 0.93
24.00 100.39 -151.29 -311.84 -14.63 0.98 -0.06 -0.69 0.88 0.39 0.81 0.19
17.00 62.47 17.85 142.31 148.02 -0.29 0.89 0.98 0.43 0.07 0.33 0.79
17.00 39.67 163.89 -259.53 -330.69 0.95 -0.94 0.54 0.98 0.42 0.88 0.04
24.00 40.39 -280.76 524.51 462.77 -0.05 -0.65 -0.54 0.04 0.16 0.45 0.77
33.00 177.24 461.28 -296.20 -260.00 0.46 -0.61 0.65 0.48 0.56 0.64 0.60
28.00 188.75 308.22 419.41 154.26 -0.29 0.61 0.06 0.93 0.51 0.24 0.19
15.00 7.00 -576.29 -250.55 374.97 0.14 -0.43 0.57 0.96 0.35 0.46 0.43
12.00 23.56 -95.47 420.97 -78.96 -0.56 0.58 0.04 0.56 0.37 0.17 0.67
13.00 6.65 108.44 432.24 654.15 0.15 -0.14 -0.83 0.17 0.71 0.52 0.07
9.00 13.00 -106.16 427.28 -250.66 -0.55 -0.09 -0.40 0.01 0.41 0.33 0.42
11.00 22.78 -619.36 483.15 26.81 -0.20 -0.45 -0.40 0.34 0.54 0.54 0.45
21.00 48.23 -101.74 730.91 269.40 0.68 -0.48 0.56 0.92 0.76 0.37 0.64
8.00 8.87 179.99 -702.38 -46.17 0.27 0.47 0.26 0.52 0.54 0.28 0.22
11.00 30.02 244.94 -98.38 152.69 0.21 -0.78 -0.61 0.37 0.70 0.28 0.43
5.00 0.31 -140.04 56.21 140.35 0.85 0.91 -0.66 0.53 0.27 0.61 0.20
25.00 55.77 8.38 -386.18 -379.22 0.52 0.35 -0.53 0.86 0.65 0.95 0.76
7.00 13.05 -599.78 154.08 -492.87 0.43 0.03 0.84 0.96 0.78 0.53 0.21
20.00 23.48 114.63 -200.19 -131.08 0.53 0.76 0.05 0.61 0.38 0.39 0.48
14.00 1.47 -331.45 -346.64 -620.31 0.73 0.38 0.88 0.29 0.13 0.51 0.85
10.00 14.96 -427.64 164.38 219.15 0.57 0.39 -0.46 0.48 0.89 0.32 0.60
13.00 4.70 662.01 109.79 294.35 -0.19 -0.39 -0.58 0.59 0.83 0.61 0.03
8.00 17.35 2.47 66.52 409.01 -0.90 0.31 0.23 0.85 0.67 0.26 0.28
5.00 3.16 354.08 484.62 -41.74 0.98 -0.25 -0.72 0.17 0.36 0.39 0.94
5.00 1.48 259.75 98.65 -6.88 -0.13 -0.66 -0.99 0.08 0.87 0.17 0.48
5.00 6.49 -720.73 -47.46 66.98 0.62 -0.65 -0.32 0.30 0.27 0.98 0.57
15.00 49.04 -65.30 -338.31 -585.56 -0.26 -0.74 0.85 0.52 0.31 0.56 0.53
14.00 29.93 -279.32 669.45 252.59 -0.72 -0.49 -0.70 0.21 0.89 0.23 0.24
29.00 233.41 -531.72 -233.88 -473.00 0.92 -0.44 0.31 0.59 0.13 0.68 0.57
18.00 34.36 432.07 -384.72 395.11 -0.06 -0.40 0.11 0.69 0.10 0.01 0.60
8.00 3.99 -77.31 -155.71 -493.29 -0.76 0.30 -0.54 0.40 0.76 0.21 0.10
11.00 12.73 93.20 676.28 -136.51 -0.41 0.38 -0.46 0.28 0.86 0.03 0.61
8.00 8.56 -366.96 113.31 250.50 0.21 0.16 0.48 0.91 0.07 0.34 0.64
14.00 25.08 437.95 413.32 177.90 -0.45 0.79 0.24 0.04 0.60 0.03 0.94
5.00 4.65 397.84 -277.00 596.36 -0.85 0.27 -0.91 0.04 0.21 0.30 0.48
10.00 4.47 -503.47 537.64 -44.94 0.93 -0.91 -0.53 0.04 0.53 0.75 0.10
7.00 13.73 12.04 -472.37 231.29 0.26 0.60 0.66 0.84 0.85 0.01 0.59
21.00 67.15 -34.43 -113.42 422.48 0.13 0.90 0.42 0.04 0.42 0.63 0.97
12.00 4.44 229.09 351.92 174.92 -0.50 -0.95 0.03 0.23 0.01 0.43 0.49
11.00 21.75 -18.84 -190.40 -263.04 0.22 -0.29 0.00 0.32 0.60 0.32 0.69
13.00 9.71 -87.85 -418.56 484.61 -0.97 0.58 0.12 0.68 0.69 0.81 0.55
6.00 1.17 -638.43 -302.47 -152.27 0.81 0.11 -0.56 0.65 0.86 0.27 0.73
9.00 11.05 75.45 22.96 232.97 -0.79 -0.39 0.10 0.05 0.09 0.97 0.22
19.00 96.78 511.05 -601.57 -93.75 0.78 0.63 -0.99 0.66 0.78 0.46 0.94
35.00 228.45 219.89 -152.44 -717.58 0.71 0.43 -0.83 0.05 0.70 0.23 0.19
12.00 13.77 94.26 426.16 -265.21 -0.02 -0.01 0.20 0.43 0.94 0.14 0.93
19.00 39.42 -205.53 705.77 116.85 -0.05 0.57 0.04 0.00 0.37 0.55 0.53
20.00 51.56 -573.82 -201.67 -451.06 0.20 -0.67 -0.53 0.06 0.99 0.32 0.76
14.00 41.93 -631.74 268.40 354.47 -0.53 -0.04 0.19 0.91 0.22 0.17 0.20
26.00 91.97 188.30 101.56 454.82 -0.46 0.33 0.97 0.64 0.94 0.77 0.02
15.00 47.48 -781.35 33.57 45.22 0.67 -0.98 -0.14 0.31 0.50 0.67 0.29
8.00 11.62 71.99 439.04 -278.23 -0.09 0.35 -0.25 0.70 0.08 0.05 0.30
7.00 6.49 198.27 -528.60 -82.08 -0.91 0.80 0.01 0.57 0.90 0.43 0.45
7.00 11.58 189.51 -438.95 -607.35 -0.03 0.25 0.70 0.53 0.62 0.35 0.48
8.00 13.35 384.89 664.54 57.15 -0.20 -0.09 -0.81 0.57 0.33 0.48 0.07
5.00 0.13 -368.29 -539.02 -106.89 -0.77 -0.50 0.15 0.15 0.65 0.64 0.93
17.00 5.58 58.69 26.13 364.75 0.07 -0.52 0.71 0.19 0.70 0.58 0.21
39.00 172.30 -481.39 209.38 587.67 -0.40 0.31 -0.51 0.92 0.70 0.64 0.79
18.00 18.81 79.78 -570.54 -368.12 0.71 -0.94 1.00 0.80 0.52 0.15 0.75
6.00 0.17 438.79 294.77 501.62 -0.05 -0.12 -0.23 0.56 0.27 0.74 0.80
15.00 31.61 104.67 382.48 515.80 -0.13 -0.83 0.43 0.56 0.10 0.54 0.56
7.00 3.67 -38.82 -466.79 -300.22 -0.34 0.09 0.83 0.98 0.64 0.87 0.34
12.00 8.85 -28.75 -300.75 -368.40 0.95 -0.89 -0.86 0.81 0.34 0.33 0.25
17.00 32.38 340.45 -402.31 482.04 0.95 0.01 0.44 0.91 0.13 0.97 0.74
8.00 9.13 -66.26 -418.86 -199.52 0.71 0.22 -0.44 0.20 0.02 0.21 0.07
16.00 11.76 -559.41 399.28 -228.87 0.26 -0.57 0.85 0.21 0.25 0.25 0.94
12.00 20.62 -332.61 52.15 359.45 0.61 0.04 -0.02 0.87 0.64 0.29 0.95
12.00 8.30 -375.99 15.23 145.04 0.42 -0.06 0.32 0.27 0.11 0.12 0.48
18.00 66.65 -256.80 -123.50 617.28 0.59 -0.21 0.32 0.84 0.19 0.71 0.87
19.00 9.07 492.90 -280.72 463.39 0.67 0.13 -0.58 0.78 0.97 0.03 0.55
13.00 23.92 359.19 -562.49 -315.01 0.02 -0.01 -0.80 0.62 0.43 0.86 0.27
20.00 35.84 -268.93 -360.36 525.55 -0.97 0.99 0.57 0.42 0.27 0.28 0.21
30.00 149.58 -130.47 -409.03 360.29 0.77 -0.82 0.56 0.88 0.59 0.19 0.85
15.00 17.20 40.77 530.70 403.55 0.75 -0.64 0.18 0.59 0.65 0.95 0.72
12.00 22.36 -58.59 -52.09 269.56 -0.77 0.45 0.99 0.05 0.01 0.02 0.49
13.00 41.58 453.74 420.46 -151.97 -0.47 -0.08 -0.19 0.31 0.26 0.52 0.38
7.00 14.24 -192.35 -252.22 652.78 0.02 -0.68 0.94 0.23 0.33 0.34 0.33
8.00 4.83 -601.06 498.95 48.15 -1.00 0.71 -0.53 0.94 0.01 0.29 0.15
13.00 38.27 107.30 -41.03 -38.36 0.70 0.52 -0.69 0.29 0.24 0.55 0.54
6.00 1.40 -300.81 -186.97 -198.98 -0.85 0.17 0.61 0.54 0.86 0.93 0.84
24.00 130.64 308.48 -400.06 -213.05 0.60 -0.20 -0.67 0.53 0.02 0.31 0.99
11.00 6.96 23.45 391.49 -237.13 -0.81 -0.33 -0.61 0.08 0.37 0.47 0.44
5.00 5.85 -129.40 -253.46 -540.45 -0.64 0.63 0.69 0.44 0.66 0.25 0.60
10.00 23.18 -518.86 243.44 417.32 0.85 0.02 0.40 0.22 0.00 0.68 0.22
16.00 63.69 382.72 236.36 -343.53 -0.87 0.87 -0.08 0.17 0.35 0.89 0.08
13.00 16.76 680.77 343.88 229.90 0.40 0.01 0.44 0.16 0.05 0.59 0.99
17.00 64.48 169.19 -173.62 34.28 0.55 -0.43 0.38 0.34 0.39 0.59 0.48