0.5 15
12 238 300 -120 25 0.15158869200948566 -0.06377912127709451 -0.054805859891734365 0.8064482520777873 0.8166381446913982 0.098884253316887 0.5651846061241023
14 339 140 100 25 0.16866346159207518 0.1619100246704484 -0.0958134404758268 0.704146711294691 0.20655532718700143 0.7720568162024521 0.6737243688413492
17 12 20 80 0 0.12273883762377497 -0.06008990605422648 -0.17796523988897878 0.07969290851466515 0.3636620464277953 0.18508522348088985 0.49519744198359217
12 448 20 -200 25 0.18160103217169482 -0.2351029596055143 0.07514660129932504 0.36568229655932893 0.008225596510033295 0.7026016873598545 0.11082442000690818
20 68 20 20 -50 0.05753820593151476 -0.23457579706128773 0.13906481467801912 0.10020458951646605 0.6293561088438702 0.9963465424004062 0.5297561186504388
16 13 180 -80 -25 0.10279026874591407 0.20014277394091945 -0.23816320016638592 0.5720601323856148 0.2630746600822804 0.6992979524811845 0.616210336463154
16 161 80 20 25 -0.16008826560147593 0.19308988485228262 0.10546455824468537 0.11754684565242923 0.493734115151353 0.5569983874570245 0.9777754528405186
11 326 180 80 0 0.0630406489641957 0.1392015758349326 0.05618258392949799 0.03231156142027958 0.07010365996771728 0.7431916231537077 0.06931836399480529
18 340 280 -140 50 0.09175413945733729 0.21079032231874723 -0.15003347619029972 0.4175025945803562 0.1584868279754329 0.2881576937659932 0.4562630525522898
15 132 40 -180 -50 -0.21971765343106886 0.15845859642333426 0.2083031951871533 0.33786442123809046 0.42890436636723317 0.3877838167860145 0.0030950026426357358
15 54 20 140 0 0.052875050349264485 -0.07996267424099823 -0.16083653992663155 0.3043810442964281 0.6584945233193672 0.5555362438496099 0.6102810028685185
20 377 120 200 -50 -0.2486567557695003 -0.07948087135925758 0.21718871829018582 0.9659085175309283 0.9647872827496734 0.1203561072663426 0.9295441334837367
18 484 80 -20 25 -0.06956275886390068 -0.1435897780532704 -0.03315355686271976 0.38014893401795824 0.9843737258577027 0.3896038822370401 0.832200980799468
10 123 160 200 -25 -0.14020009379456072 -0.2371086839724525 0.18402841595949637 0.9045987976420077 0.11535135535107255 0.30958500209351825 0.11018482961743681
16 388 280 200 -50 -0.17858391302754495 -0.04315440410488508 0.14642174705319272 0.3716831660037535 0.7470887015881942 0.878017672246508 0.1372867965484541