12.05 832
6.00 10.24 -344.47 625.02 60.53 0.85 -0.86 -0.73 0.95 0.96 0.83 0.01
10.00 24.23 2.19 397.30 689.53 0.85 -0.95 -0.62 0.21 0.48 0.68 0.04
15.00 35.52 -344.92 192.62 -117.82 0.99 0.08 -0.17 0.11 0.80 0.70 0.14
10.00 26.80 -352.63 -695.46 92.70 0.39 -0.07 0.80 0.49 0.51 0.45 0.70
14.00 31.38 -603.72 -172.20 -376.51 -0.85 0.29 -0.50 0.82 0.77 0.53 0.26
11.00 34.98 -124.39 73.08 -218.42 -0.30 0.56 0.46 0.35 0.90 0.56 0.37
11.00 1.20 -155.57 -15.73 646.44 -0.31 0.73 -0.31 0.62 0.99 0.82 0.53
12.00 35.84 -196.37 -174.93 574.88 0.48 0.06 -0.84 0.83 0.28 0.08 0.07
5.00 4.92 -6.68 -585.61 465.45 0.07 -0.77 0.13 0.89 0.78 0.48 0.71
7.00 13.15 -66.15 -685.07 -151.18 -0.21 0.02 -0.84 0.05 0.75 0.61 0.19
26.00 195.91 410.17 -32.95 -65.80 -0.97 0.13 0.23 0.17 0.98 0.94 0.98
8.00 11.77 118.27 -48.26 -78.95 0.25 -0.04 -0.91 0.02 0.45 0.06 0.68
5.00 3.75 254.10 -614.08 14.63 0.63 0.86 -0.38 0.92 0.76 0.11 0.01
11.00 23.35 140.40 391.52 -468.64 0.01 -0.06 0.31 0.76 0.37 0.93 0.05
18.00 1.58 459.03 -488.96 106.40 0.08 0.92 0.55 0.06 0.24 0.82 0.87
18.00 39.01 -473.35 133.37 -617.62 -0.99 -0.84 -0.24 0.85 0.74 0.64 0.03
29.00 76.75 -261.45 423.42 262.97 -0.01 -0.05 -0.14 0.43 0.37 0.36 0.28
12.00 26.21 289.23 -738.24 -9.42 0.32 -0.52 0.67 0.85 0.14 0.54 0.59
12.00 30.93 27.23 186.47 -603.47 0.76 -0.44 -0.85 0.60 0.80 0.46 0.58
19.00 16.75 301.52 -154.42 -486.34 0.79 -0.94 0.65 0.02 0.01 0.36 0.71
23.00 178.03 -638.03 -364.11 -73.15 -0.82 0.19 -0.59 0.60 0.17 0.61 0.98
15.00 36.24 -543.34 -148.02 60.66 -0.64 -0.00 -0.01 0.43 0.44 0.52 0.66
11.00 8.73 -561.77 8.96 166.74 0.17 -0.63 0.18 0.45 0.41 0.96 0.48
28.00 136.94 393.16 -609.05 167.81 0.76 0.83 -0.34 0.11 0.54 0.49 0.74
5.00 3.32 -442.07 252.17 541.87 -0.45 -0.86 0.69 0.88 0.12 0.85 0.41
5.00 5.83 247.83 -43.28 174.10 0.20 -0.61 0.40 0.51 0.33 0.72 0.04
7.00 10.79 104.62 23.98 52.02 -0.35 0.39 0.43 0.14 0.30 0.15 0.68
13.00 52.96 -345.89 154.85 -522.45 0.51 -0.98 -0.71 0.54 0.44 0.15 0.14
6.00 10.63 124.44 -266.85 490.67 0.72 -0.06 -0.07 0.19 0.07 0.39 0.39
6.00 3.85 -53.80 -267.20 -139.02 0.16 -0.29 0.10 0.18 0.89 0.46 0.10
24.00 195.24 -249.15 278.87 611.02 -0.10 -0.93 -0.26 0.51 0.62 0.40 0.04
7.00 5.35 110.01 -372.33 375.13 0.99 0.28 -0.41 0.97 0.56 0.26 0.47
14.00 57.22 -417.24 -323.94 -380.42 0.50 0.53 0.53 0.31 0.35 0.88 0.35
10.00 22.02 449.51 -283.31 427.65 -0.85 -0.38 -0.94 0.50 0.22 0.66 0.44
6.00 8.89 -347.82 718.34 -29.17 -0.24 0.29 0.64 0.98 0.84 0.88 0.11
20.00 30.98 615.38 339.23 267.75 0.43 -0.47 -0.31 0.47 0.52 0.91 0.86
8.00 5.63 535.68 64.83 -238.64 0.05 -0.28 -0.97 0.17 0.00 0.88 0.99
15.00 4.49 -327.26 -239.57 135.17 0.58 0.63 0.21 0.77 0.74 0.41 0.70
7.00 13.65 -471.20 218.00 342.55 0.18 -0.90 -0.63 0.94 0.99 0.39 0.17
30.00 244.51 317.32 234.00 243.35 -0.79 -0.51 -0.88 0.69 0.32 0.18 0.02
20.00 99.27 333.39 -725.10 47.46 -0.81 0.56 -0.32 0.75 0.12 0.40 0.19
5.00 0.38 354.08 484.62 -41.74 0.66 0.15 0.61 0.20 0.34 0.30 0.83
12.00 33.92 -297.76 -203.90 389.62 0.82 -0.59 0.57 0.93 0.21 0.48 0.39
20.00 89.11 -481.18 190.17 187.01 -0.05 0.61 0.62 0.46 0.17 0.14 0.43
18.00 83.29 161.36 -747.32 119.93 -0.37 0.01 0.08 0.02 0.62 0.87 0.94
6.00 0.12 -387.42 507.55 -340.92 0.57 0.65 -0.66 0.05 0.48 0.29 0.25
15.00 47.55 -276.15 202.89 578.61 -0.86 -0.30 0.42 0.13 0.82 0.52 0.13
7.00 16.13 220.44 -457.08 462.30 0.34 0.77 -0.40 0.09 0.50 0.46 0.46
23.00 1.34 -30.21 -209.32 767.37 0.70 -0.08 0.41 0.50 0.08 0.21 0.25
15.00 7.39 -756.45 21.78 130.13 0.43 0.80 -0.44 0.55 0.68 0.67 0.94
5.00 0.71 490.63 426.05 -14.11 0.33 0.14 0.61 0.89 0.85 0.76 0.94
12.00 9.11 72.78 -150.36 -349.01 -0.28 0.93 0.17 0.44 0.99 0.70 0.55
12.00 36.86 166.32 -94.22 162.61 -0.31 0.71 0.96 0.94 0.97 0.06 0.18
14.00 60.03 55.32 -459.27 -592.22 -0.81 0.99 0.32 0.06 0.20 0.05 0.30
10.00 25.82 361.49 -493.88 278.08 -0.64 -0.44 0.19 0.27 0.36 0.55 0.77
7.00 9.52 -125.22 536.47 384.59 0.18 0.69 0.96 0.10 0.34 0.05 0.08
15.00 28.58 -622.76 44.61 -192.54 0.83 0.27 -0.84 0.29 0.50 0.08 0.63
8.00 10.06 -89.58 109.23 210.65 1.00 -0.73 -0.53 0.39 0.13 0.98 0.70
23.00 145.18 68.91 -188.52 505.95 0.49 -0.24 0.50 0.28 0.27 0.54 0.33
20.00 43.18 152.36 -124.27 680.21 -0.16 -0.04 -0.15 0.04 0.75 0.92 0.80
6.00 7.06 400.36 499.90 -163.87 -0.13 0.45 -0.55 0.71 0.06 0.28 0.97
13.00 50.34 258.62 234.17 -713.91 -0.89 0.54 -0.14 0.84 0.82 0.19 0.26
21.00 77.45 134.47 -306.99 -316.89 -0.98 -0.05 0.97 0.96 0.63 0.79 0.59
6.00 12.02 -292.05 160.90 -616.36 -0.10 -0.97 0.30 0.92 0.72 0.63 0.46
15.00 77.34 232.21 -148.69 558.40 0.10 0.76 0.68 0.74 0.29 0.53 0.42
9.00 17.96 -267.89 8.17 -599.50 -0.13 0.68 -0.72 0.90 0.78 0.13 0.79
13.00 33.16 -256.42 102.03 660.72 -0.13 -0.29 -0.41 0.28 0.86 0.53 0.70
16.00 74.29 712.42 -239.39 140.00 -0.84 0.75 -0.00 0.57 0.21 0.91 0.04
12.00 35.89 -28.13 -118.24 -405.92 0.60 -0.48 -0.36 0.70 0.67 0.41 0.78
24.00 166.19 -76.79 231.50 619.21 0.97 -0.43 -0.33 0.48 0.63 0.95 0.66
18.00 66.12 -347.44 85.48 -216.96 -0.72 -0.18 -0.98 0.93 0.85 0.12 0.57
17.00 93.07 -124.81 115.39 -726.97 0.07 -0.04 -0.15 0.66 0.63 0.22 0.87
12.00 13.88 89.83 171.15 311.97 -0.31 -0.68 -0.64 0.77 0.31 0.48 0.44
8.00 8.47 -85.69 684.00 -134.14 0.83 0.86 -0.79 0.69 0.26 0.30 0.95
23.00 113.63 -25.44 -305.68 -308.17 -0.28 -0.28 -0.19 0.86 0.11 0.01 0.32
8.00 6.73 -176.04 -65.53 -708.78 0.85 0.34 0.18 0.89 0.99 0.30 0.71
6.00 4.15 184.59 317.56 -500.92 0.28 -0.39 0.77 0.83 0.20 0.56 0.76
34.00 334.67 -216.71 142.67 5.68 0.67 -0.17 0.40 0.95 0.72 0.43 0.72
7.00 2.87 -406.89 -488.33 -418.75 -0.76 0.48 0.45 0.34 0.06 0.80 0.21
15.00 38.80 366.92 124.23 -309.62 0.70 -0.23 0.06 0.66 0.83 0.54 0.55
7.00 14.25 398.86 -102.86 286.62 -0.02 -0.28 -0.09 0.55 0.80 0.14 0.58
6.00 7.16 -262.49 -294.41 228.55 -0.60 -0.38 -0.51 0.24 0.57 0.32 0.89
15.00 31.85 -28.81 574.06 -425.19 0.81 0.39 -0.57 0.31 0.16 0.60 0.88
8.00 16.79 187.86 374.69 332.01 0.02 0.31 -0.08 0.53 0.86 0.59 0.21
23.00 66.34 656.91 -297.34 -33.73 0.46 0.58 0.69 0.02 0.23 0.62 0.36
25.00 71.05 -334.17 -46.49 -109.28 0.58 0.56 0.06 0.47 0.09 0.85 0.97
12.00 4.22 209.60 -166.05 -414.90 -0.90 0.91 -0.09 0.58 0.73 0.47 0.53
8.00 20.12 -233.31 -527.86 -31.09 0.41 0.45 0.81 0.56 0.49 0.58 0.47
22.00 77.60 585.48 432.95 214.13 0.74 0.07 -0.17 0.43 0.21 0.80 0.93
7.00 5.00 -275.43 -200.95 250.40 0.04 -0.74 0.35 0.00 0.08 0.50 0.79
22.00 121.19 310.18 -390.10 348.33 0.26 -0.80 0.50 0.21 0.50 0.25 0.15
12.00 18.81 458.97 -302.77 -550.66 0.83 0.66 0.62 0.63 0.14 0.83 0.63
6.00 11.08 693.23 -343.72 94.69 0.62 0.86 0.32 0.51 0.99 0.62 0.91
8.00 4.54 210.88 -107.39 -420.72 -0.09 -0.16 -0.79 0.48 0.42 0.72 0.98
11.00 1.37 -659.31 -166.26 345.00 0.49 -0.88 -0.44 0.30 0.39 0.21 0.57
28.00 23.32 1.58 189.36 -214.24 -0.46 -0.28 -0.48 0.98 0.02 0.09 0.95
34.00 36.24 -470.60 594.07 169.29 -0.82 0.20 0.18 0.65 0.92 0.15 0.36
11.00 15.30 176.18 607.96 422.75 0.50 0.51 0.34 0.15 0.07 0.26 0.69
17.00 47.55 -176.60 357.04 -103.85 -0.62 0.29 0.32 0.87 0.42 0.80 0.15
9.00 10.77 -0.65 237.43 -256.72 0.76 -0.97 0.62 0.24 0.20 0.37 0.43
11.00 19.95 -352.12 211.99 475.63 -0.51 0.44 0.86 0.72 0.46 0.28 0.35
28.00 72.08 -120.48 77.29 686.95 0.83 0.69 0.85 0.83 0.76 0.18 0.15
7.00 7.24 194.67 353.62 418.95 -0.82 -0.49 0.20 0.64 0.61 0.67 0.48
19.00 115.76 -190.31 -432.58 -210.14 -0.88 0.72 0.56 0.07 0.87 0.60 0.81
8.00 5.22 -46.98 -689.33 113.31 0.52 0.92 -0.97 0.03 0.35 0.99 0.80
9.00 12.63 -190.36 -475.07 -431.30 -0.17 0.23 0.94 0.12 0.51 0.95 0.94
17.00 2.49 -388.35 124.64 579.25 0.80 0.23 0.95 0.43 0.13 0.08 0.19
13.00 21.25 -62.56 -769.88 136.59 0.19 -0.58 -0.44 0.11 0.56 0.55 0.98
36.00 236.76 506.87 234.80 565.07 -0.52 0.64 0.97 0.10 0.89 0.08 0.22
13.00 29.95 -292.84 112.14 386.20 0.09 -0.44 -0.66 0.72 0.05 0.88 0.21
9.00 13.89 -637.26 421.09 -92.91 -0.21 0.62 -0.33 0.07 0.54 0.15 0.10
7.00 2.19 23.91 -5.14 -760.21 -0.20 0.84 0.83 0.96 0.24 0.82 0.65
15.00 31.19 -251.83 -248.76 694.44 -0.48 -0.83 -0.58 0.98 0.92 0.66 0.53
11.00 39.48 227.85 -730.75 216.81 -0.85 -0.42 -0.79 0.74 0.89 0.96 0.72
5.00 5.00 -318.82 432.52 262.09 -0.82 0.39 0.02 0.70 0.65 0.79 0.07
10.00 22.09 228.57 405.78 565.50 0.79 -0.31 0.12 0.36 0.22 0.24 0.09
18.00 41.09 -341.62 -165.03 -82.47 0.49 0.39 -0.01 0.76 0.84 0.25 0.90
7.00 2.08 655.36 71.88 302.26 -0.94 -0.09 -0.86 0.48 0.18 0.85 0.30
5.00 0.59 268.90 282.88 -560.06 -0.32 0.36 0.58 0.33 0.53 0.99 0.72
11.00 19.22 -239.06 553.23 -142.64 0.55 -0.70 0.88 0.16 0.48 0.37 0.63
19.00 37.07 -124.71 -553.68 242.51 0.48 0.44 0.88 0.16 0.20 0.07 0.90
12.00 24.82 440.80 -56.11 554.47 0.53 -0.51 0.06 0.15 0.01 0.97 0.11
10.00 30.61 -396.43 411.54 -12.43 -0.90 -0.46 -0.68 1.00 0.03 0.45 0.57
7.00 0.04 151.49 -583.38 337.84 -0.14 -0.58 0.69 0.45 0.57 0.06 0.50
10.00 13.03 -336.39 -204.75 585.21 0.51 -0.93 0.74 0.77 0.50 0.49 0.61
5.00 1.30 263.89 -222.53 123.72 -0.89 0.25 -0.35 0.17 0.32 0.89 0.72
11.00 27.22 -585.12 -202.33 390.75 0.59 0.39 -0.03 0.67 0.08 0.49 0.65
7.00 7.74 -233.03 -158.98 -298.41 -0.32 0.04 -0.58 0.13 0.89 0.58 0.14
7.00 7.88 -92.62 74.65 487.52 0.76 -0.82 1.00 0.43 0.69 0.80 0.97
8.00 6.35 -123.81 87.75 -138.70 0.90 -0.29 0.46 0.54 0.42 0.49 0.17
6.00 10.48 135.39 195.10 618.85 0.49 0.34 0.91 0.15 0.02 0.46 0.36
29.00 194.49 -340.03 -68.35 273.79 -0.99 -0.33 -0.97 0.28 0.25 0.34 0.73
26.00 203.83 -528.07 -439.93 -370.11 -0.33 -0.01 -0.30 0.90 0.11 0.78 0.37
10.00 30.85 473.12 -180.46 611.90 0.46 0.80 -0.85 0.64 0.96 0.29 0.20
6.00 3.08 -461.66 62.49 465.85 -0.58 0.69 -0.06 0.34 0.26 0.92 0.04
14.00 66.56 -662.76 412.76 -80.56 0.03 1.00 -0.03 0.10 0.46 0.79 0.72
10.00 28.49 -503.47 537.64 -44.94 0.73 -0.12 -0.56 0.80 0.89 0.00 0.31
5.00 7.80 -755.71 -86.92 56.36 0.10 -0.71 -0.39 0.15 0.83 0.48 0.47
15.00 69.19 -534.98 -47.91 -570.43 0.71 -0.64 0.12 0.65 0.43 0.53 0.40
6.00 0.77 -213.00 -698.60 -46.77 -0.36 0.36 0.28 0.90 0.75 0.55 0.87
7.00 11.79 -131.60 669.87 -273.31 -0.29 0.57 -0.32 0.63 0.45 0.33 0.00
37.00 132.94 -515.85 -382.17 -471.51 0.76 -0.09 0.80 0.02 0.02 0.26 0.61
12.00 19.89 -681.46 85.18 354.77 0.81 -0.04 -0.80 0.45 0.42 0.67 0.15
20.00 102.61 -250.54 648.43 -385.88 -0.45 -0.53 0.33 0.42 0.16 0.44 0.56
15.00 19.87 93.32 611.53 306.47 0.16 -0.85 0.95 0.11 0.93 0.45 0.73
6.00 11.78 59.27 93.97 93.70 -0.72 -0.75 0.35 0.32 0.41 0.57 0.40
15.00 77.43 -340.64 -498.61 -39.74 0.33 -0.30 -0.59 0.94 0.17 0.78 0.56
15.00 42.26 -202.79 -416.78 109.71 -0.10 0.63 0.25 0.45 0.46 0.17 0.60
10.00 14.53 564.11 133.19 -472.60 0.09 0.61 -0.15 0.90 0.04 0.72 0.04
5.00 8.15 480.72 -113.79 -341.73 0.61 -0.55 -0.22 0.83 0.08 0.56 0.31
10.00 4.71 -349.37 -321.33 518.48 -0.78 0.39 0.06 0.83 0.62 0.80 0.75
5.00 0.78 -279.46 -389.74 -23.55 -0.18 0.50 0.33 0.12 0.96 0.20 0.30
8.00 5.02 -555.18 -367.52 272.69 -0.10 0.59 -0.70 0.09 0.97 0.72 0.44
5.00 2.95 -119.75 500.38 -63.91 0.80 -0.14 0.01 0.68 0.02 0.12 0.30
7.00 10.83 -393.98 -195.04 44.50 -0.06 0.47 -0.79 0.06 0.83 0.76 0.54
8.00 5.80 -222.51 -69.29 389.79 -0.51 -0.88 -0.77 0.13 0.64 0.86 0.21
7.00 7.86 -708.37 -160.74 157.15 -0.18 -0.21 -0.13 0.84 0.01 0.97 0.32
14.00 22.13 536.95 221.93 172.76 -0.17 -0.06 -0.14 0.67 0.30 0.19 0.42
21.00 108.59 -271.13 -148.20 -34.69 0.66 -0.73 -0.75 0.75 0.43 0.95 0.33
13.00 39.97 -242.40 356.67 -669.02 -0.52 0.83 0.15 0.58 0.60 0.19 0.33
20.00 0.80 210.04 -563.56 -129.94 0.79 0.42 0.61 0.82 0.77 0.04 0.80
8.00 4.12 441.49 -18.30 346.04 0.21 -0.49 -0.36 0.09 0.07 0.07 0.85
5.00 6.15 302.19 -51.55 603.98 -0.25 0.36 0.35 0.71 0.19 0.91 0.76
18.00 38.58 25.21 -151.21 -296.03 -0.72 0.57 -0.36 0.56 0.47 0.83 0.37
6.00 3.52 -119.20 68.21 5.65 0.13 0.39 -0.53 0.48 0.13 0.08 0.09
6.00 2.92 -383.23 -4.54 374.10 -0.87 -0.68 0.63 0.39 0.19 0.96 0.86
25.00 173.66 -478.27 -100.22 627.22 -0.35 -0.81 -0.25 0.70 0.02 0.68 0.75
21.00 121.58 736.06 183.21 -3.20 0.73 -0.41 0.99 0.16 0.20 0.07 0.26
9.00 15.76 -758.88 140.65 -187.94 0.51 -0.88 0.48 0.36 0.06 0.78 0.88
17.00 95.24 653.64 263.08 -278.75 0.55 -0.56 0.11 0.04 0.57 0.81 0.29
5.00 3.14 -91.33 14.18 -56.58 0.84 -0.56 -0.91 0.55 0.50 0.79 0.14
10.00 29.65 -467.99 0.48 156.86 -0.34 -0.07 -0.82 0.51 0.33 0.31 0.72
9.00 22.66 -77.49 -748.48 -185.42 -0.24 0.89 -0.57 0.68 0.61 0.71 0.30
8.00 2.29 -338.40 -28.46 -7.57 0.38 -0.73 0.55 0.32 0.95 0.81 0.18
9.00 19.49 392.08 -554.36 -240.29 0.34 -0.29 0.94 0.86 0.31 0.20 0.65
21.00 62.23 -453.37 545.17 52.06 -0.75 0.60 0.96 0.30 0.14 0.05 0.08
35.00 281.47 -363.44 611.11 -39.85 0.65 -0.64 0.89 0.31 0.27 0.14 0.23
12.00 11.18 722.89 104.41 -111.20 0.73 -0.01 -0.64 0.01 0.49 0.28 0.81
8.00 18.37 103.19 575.77 193.51 0.27 0.18 0.89 0.41 0.11 0.53 0.17
17.00 65.66 355.50 -490.41 -479.42 0.81 0.72 -0.27 0.43 0.77 0.39 0.69
21.00 0.13 138.05 722.53 18.20 -0.97 0.08 -0.35 0.71 0.29 0.88 0.53
6.00 3.23 312.99 508.94 48.44 0.49 0.10 -0.74 0.63 0.03 0.70 0.07
10.00 15.38 -238.05 -401.73 583.38 0.80 0.92 -0.51 0.74 0.87 0.57 0.02
14.00 60.50 -530.13 576.27 73.93 -0.30 0.29 0.40 0.95 0.50 0.39 0.88
8.00 21.17 431.39 -207.70 617.82 -0.09 0.66 -0.69 0.07 0.67 0.31 0.87
26.00 192.88 -272.84 -383.38 293.40 0.77 0.93 0.83 0.98 0.98 0.97 0.69
10.00 17.71 -336.52 83.81 -513.25 -0.64 0.62 -0.18 0.17 0.17 0.26 0.73
5.00 0.69 545.60 -355.12 -312.24 0.49 0.37 -0.29 0.84 0.91 0.72 0.75
9.00 19.62 409.97 -630.56 -128.87 -0.65 -0.17 0.87 0.80 0.16 0.04 0.58
10.00 22.40 -47.18 560.59 379.60 0.77 -0.37 0.81 0.92 0.22 0.65 0.68
11.00 8.26 -164.24 547.07 -60.54 -0.47 0.49 -0.30 0.46 0.10 0.32 0.37
8.00 3.82 -75.71 -283.57 394.43 0.31 0.17 -0.75 0.02 0.49 0.93 0.44
11.00 12.77 -311.10 -54.89 -467.23 0.29 -0.70 0.07 0.95 0.45 0.56 0.46
20.00 52.71 -693.64 41.83 69.81 -0.69 0.37 -0.02 0.73 0.92 0.00 0.26
9.00 8.33 206.12 703.88 -148.63 0.88 -0.10 0.96 0.70 0.21 0.50 0.48
10.00 12.62 3.52 -724.99 -52.28 -0.48 -0.57 0.45 0.50 0.44 0.07 0.17
10.00 17.08 61.04 -404.83 552.99 -0.31 -0.47 0.61 0.36 0.03 0.29 0.09
12.00 28.51 -30.04 -12.21 -777.07 -0.48 0.57 -0.61 0.93 0.21 0.40 0.60
31.00 180.36 483.32 -190.70 -114.08 -0.12 0.43 -0.69 0.10 0.01 0.21 0.32
6.00 10.25 353.27 -13.06 -610.18 0.77 -0.71 0.35 0.47 0.76 0.12 0.57
8.00 11.58 156.48 161.10 137.99 0.22 -0.84 0.47 0.96 0.52 0.85 0.11
7.00 8.68 413.76 444.74 -504.94 0.01 -0.47 -0.10 0.23 0.89 0.70 0.02
12.00 7.42 -108.58 -230.81 394.46 -0.16 0.31 -0.02 0.11 0.23 0.65 0.49
17.00 54.77 42.93 -195.63 -190.19 0.13 0.12 0.86 0.99 0.64 0.24 0.64
13.00 46.18 266.91 42.49 741.72 -0.48 -0.78 -0.82 0.74 0.14 0.60 0.69
12.00 26.62 159.47 -292.54 -723.80 0.50 -0.71 0.66 0.60 0.70 0.13 0.40
16.00 9.39 -678.79 -76.18 -6.51 -0.88 -0.95 -0.34 0.92 0.82 0.59 0.22
34.00 258.25 -228.63 -133.57 -465.40 0.38 0.42 -0.56 0.91 0.34 0.12 0.02
19.00 37.20 -322.21 -114.62 -528.14 -0.94 -0.96 -0.10 0.81 0.68 0.31 0.83
6.00 9.32 -12.78 -224.23 423.97 -0.06 0.84 0.33 0.26 0.51 0.77 0.16
8.00 15.24 -310.92 -580.51 229.61 0.61 -0.01 0.24 0.29 0.80 0.69 0.20
18.00 94.22 -8.45 185.17 524.16 0.53 -0.86 -0.21 0.94 0.74 0.06 0.62
13.00 44.46 277.85 -274.17 -188.48 -0.02 -0.13 0.04 0.74 0.21 0.10 0.29
10.00 27.42 -113.14 -133.75 668.64 0.15 -0.07 -0.08 0.95 0.83 0.44 0.18
25.00 86.86 -290.00 -56.66 528.91 -0.02 0.08 -0.00 0.78 0.65 0.82 0.56
27.00 147.75 38.63 -290.48 -453.56 -0.53 0.13 -0.06 0.44 0.63 0.06 0.46
10.00 32.63 -357.48 -586.00 112.65 0.66 -0.59 -0.63 0.45 0.62 0.73 0.09
14.00 63.67 -196.82 180.54 534.42 0.13 -0.07 -0.26 0.92 0.30 0.56 0.46
8.00 16.82 -645.80 -83.96 -259.86 0.38 -0.87 -0.54 0.56 0.19 0.65 0.41
18.00 81.77 253.16 43.02 120.96 0.02 -0.72 0.16 0.86 0.58 0.36 0.17
10.00 19.32 -676.38 244.93 -248.85 -0.29 0.74 0.49 0.62 0.69 0.09 0.41
16.00 31.65 -588.35 -330.72 1.09 0.91 -0.48 -0.01 0.38 0.88 0.10 0.96
9.00 10.79 339.52 -628.18 16.51 0.45 -0.36 -0.10 0.33 0.89 0.59 0.88
21.00 66.90 447.50 -22.83 -506.28 -0.50 0.59 0.52 0.24 0.98 0.59 0.81
8.00 6.76 -210.13 -382.91 -146.43 0.39 -0.03 -0.44 0.83 0.38 0.75 0.93
14.00 12.33 -38.15 -271.28 577.32 -0.14 0.71 0.23 0.55 0.86 0.97 0.68
18.00 0.50 -253.37 375.70 -159.27 -0.13 -0.96 0.41 0.22 0.71 0.28 0.51
9.00 3.36 -662.92 -373.16 202.79 -0.00 -0.68 -0.35 0.21 0.19 0.29 0.17
27.00 123.04 309.63 434.19 249.59 -0.82 -0.73 -0.49 0.56 0.62 0.27 0.76
17.00 67.67 -357.23 -438.09 103.13 0.82 0.25 -0.43 0.61 0.74 0.38 0.66
8.00 17.88 444.97 248.31 -46.22 -0.31 0.20 -0.06 0.48 0.52 0.22 0.51
6.00 4.28 312.51 -28.18 311.78 -0.44 0.10 -0.55 0.21 0.59 0.28 0.23
18.00 46.19 -524.74 152.76 446.59 0.54 -0.75 0.02 0.40 0.59 0.10 0.36
11.00 29.25 -424.30 -419.31 -105.31 0.25 0.28 0.26 0.28 0.42 0.70 0.04
20.00 37.86 -235.42 577.77 -444.76 0.29 -0.61 0.78 0.04 0.84 0.63 0.45
6.00 0.08 -262.75 602.43 -144.89 0.44 0.80 -0.35 0.56 0.81 0.40 0.38
5.00 4.34 -30.59 516.50 -132.44 -0.05 0.01 -0.86 0.48 0.98 0.34 0.47
23.00 142.07 -67.49 683.72 289.41 0.04 -0.78 -0.22 0.55 0.58 0.02 0.67
25.00 211.69 208.78 368.04 -458.02 -0.91 -0.75 0.94 0.76 0.33 0.97 0.37
25.00 162.64 33.77 567.19 464.60 -0.35 0.24 -0.63 0.25 0.49 0.01 0.16
10.00 11.88 -592.07 -354.24 257.70 -0.87 0.81 0.23 0.27 0.79 0.43 0.76
7.00 7.98 119.57 -34.03 319.66 -0.27 -0.44 -0.50 0.53 0.92 0.76 0.99
18.00 30.10 165.84 -576.59 -367.51 0.02 -0.43 0.85 0.27 0.61 0.93 0.96
7.00 11.94 526.25 203.32 256.70 0.32 0.33 0.87 0.85 0.85 0.20 0.14
26.00 4.72 308.36 -153.14 663.52 -0.02 -0.28 0.96 0.64 0.82 0.13 0.39
27.00 2.21 -322.59 -74.73 -360.79 -0.26 0.28 -0.84 0.71 0.06 0.16 0.73
36.00 217.57 172.90 79.57 68.76 0.99 -0.82 0.95 0.35 0.50 0.59 0.73
19.00 25.96 -460.48 -103.34 -169.03 -0.65 -0.71 -0.08 0.75 0.56 0.78 0.76
7.00 4.32 252.54 -83.57 567.16 -0.76 -0.91 -0.59 0.64 0.38 0.80 0.73
9.00 1.92 570.67 164.13 408.86 -0.49 -0.63 0.79 0.55 0.01 0.93 0.10
6.00 10.13 301.07 -357.09 -592.43 0.02 0.67 -0.74 0.97 0.60 0.80 0.95
11.00 5.05 -741.06 84.50 252.99 -0.37 -1.00 -0.72 0.28 0.69 0.13 0.70
7.00 0.87 -573.39 342.81 13.97 -0.93 0.72 -0.42 0.29 0.40 0.56 0.32
13.00 49.85 109.19 -312.15 235.41 -0.09 0.90 0.95 0.93 0.40 0.50 0.57
9.00 8.62 531.07 -36.02 -209.31 -0.79 0.58 0.65 0.59 0.67 0.93 0.49
29.00 236.23 -325.13 446.41 49.03 -0.21 -0.76 0.21 0.55 0.51 0.89 0.80
6.00 4.69 578.59 204.12 -194.03 -0.39 -0.57 -0.67 0.49 0.24 0.33 0.81
6.00 8.10 -205.28 -4.77 -574.66 -0.26 0.43 0.01 0.04 0.55 0.03 0.37
7.00 3.57 456.94 -49.45 -580.62 0.49 -0.30 -0.07 0.48 0.82 0.43 0.88
9.00 21.74 -240.11 -91.47 550.78 -0.42 0.61 -0.14 0.86 0.43 0.31 0.32
23.00 101.06 126.32 -521.64 -132.13 -1.00 0.31 -0.54 0.62 0.76 0.36 0.10
11.00 28.77 107.98 -206.75 -765.15 -0.70 0.73 -0.38 0.84 0.75 0.21 0.27
30.00 277.85 -494.88 53.30 13.36 -0.64 0.57 -0.99 0.01 0.10 0.64 0.61
10.00 18.57 -485.39 -37.39 -31.28 -0.55 0.11 -0.14 0.70 0.94 0.49 0.65
26.00 155.17 743.46 -115.74 -151.77 -0.93 -0.22 -0.02 0.33 0.35 0.74 0.47
9.00 16.86 -227.99 555.65 -410.40 0.79 -0.31 -0.47 0.78 0.19 0.27 0.02
14.00 22.31 -400.96 575.47 68.13 -0.70 -0.34 -0.78 0.65 0.40 0.98 0.56
20.00 75.95 282.87 46.94 84.99 -0.18 -0.81 0.44 0.78 0.24 0.81 0.65
13.00 13.30 465.42 2.27 114.96 -0.91 0.02 -0.78 0.01 0.01 0.30 0.27
20.00 6.88 -33.23 213.06 246.25 -0.47 -0.41 0.18 0.14 0.25 0.52 0.31
17.00 4.61 261.04 -695.64 -15.80 0.46 0.09 0.25 0.42 0.58 0.83 0.59
23.00 120.15 -563.17 239.65 -238.12 0.02 -0.73 0.50 0.31 0.57 0.03 0.72
15.00 19.46 247.93 119.31 481.45 -0.93 -0.58 0.75 0.81 0.88 0.15 0.14
5.00 7.34 -531.87 358.72 -475.86 0.15 0.86 -0.54 0.13 0.26 0.09 0.17
7.00 5.56 -753.84 -23.77 -76.93 0.17 0.18 0.94 0.44 0.46 0.19 0.20
6.00 1.41 -678.55 23.16 -43.52 0.06 -0.14 0.34 0.65 0.39 0.84 0.71
7.00 8.79 462.66 -536.76 -278.57 0.72 0.08 -0.39 0.93 0.78 0.70 0.87
6.00 10.13 -340.92 263.28 439.54 -0.43 0.98 0.88 0.59 0.23 0.06 0.87
6.00 0.17 -410.85 174.47 -268.82 -0.12 -0.78 -0.86 0.25 0.57 0.25 0.66
23.00 160.25 -134.72 -484.32 -341.43 -0.86 -0.72 -0.62 0.72 0.99 0.41 0.45
14.00 5.22 -420.59 -420.90 265.94 0.29 0.12 -0.10 0.86 0.50 0.79 0.37
20.00 134.94 195.49 -665.01 373.12 -0.62 0.29 0.46 0.99 0.23 0.15 0.57
33.00 49.84 -432.28 -482.58 431.50 0.25 -0.16 -0.66 0.36 0.33 0.96 0.26
7.00 6.69 572.74 5.50 -459.04 0.52 -0.06 0.76 0.32 0.08 0.20 0.45
9.00 3.86 -722.67 -296.76 -52.98 -0.04 -0.88 0.10 0.58 0.20 0.80 0.81
5.00 5.71 -116.41 724.86 62.09 0.36 0.51 -0.44 0.74 0.38 0.09 0.85
27.00 242.00 -95.10 -767.50 202.48 0.64 -0.12 -0.07 0.04 0.88 0.23 0.02
6.00 9.71 526.15 -62.87 472.20 -0.25 -0.31 0.87 0.34 0.22 0.53 0.13
7.00 12.31 -77.30 -424.81 406.71 0.03 -0.68 -0.98 0.33 0.92 0.86 0.98
23.00 27.58 -686.23 -385.41 122.14 -0.66 -0.02 -0.89 0.19 0.45 0.11 0.24
5.00 5.50 -741.12 -205.87 217.69 0.41 -0.69 -0.59 0.29 0.89 0.96 0.47
12.00 42.24 -142.85 -252.08 -96.12 0.64 0.68 0.72 0.09 0.03 0.10 0.15
31.00 103.51 -5.64 -204.92 -319.40 0.34 0.64 0.24 0.28 0.11 0.11 0.06
15.00 13.91 -1.03 -119.41 -435.11 -0.94 0.90 0.96 0.31 0.69 0.48 0.01
5.00 8.42 480.68 -280.27 -573.03 -0.73 -0.22 -0.06 0.96 0.57 0.52 0.59
12.00 5.88 -130.12 -135.74 -448.13 0.08 0.97 0.22 0.25 0.97 0.58 0.85
9.00 18.95 309.34 -24.97 -226.05 -0.11 -0.56 0.75 0.86 0.17 0.54 0.72
7.00 6.34 -72.14 -138.50 621.62 0.78 0.54 -0.67 0.21 0.33 0.23 0.22
16.00 75.64 -118.98 250.18 -50.25 0.78 -0.50 -0.65 0.14 0.58 0.79 0.36
14.00 43.73 -411.96 -131.02 167.01 -0.94 -0.68 0.29 0.26 0.62 0.45 0.76
18.00 110.37 -183.15 667.28 -211.83 0.91 -0.63 -0.82 0.69 0.33 0.52 0.34
31.00 316.79 -464.47 -406.20 349.38 0.97 0.44 -0.97 0.10 0.35 0.85 0.42
8.00 0.03 -121.87 -533.26 -477.99 -0.42 -0.92 -0.24 0.67 0.96 0.51 0.03
16.00 41.83 -163.04 -202.35 -103.93 -0.77 -0.64 0.86 0.26 0.11 0.49 0.14
9.00 11.37 168.29 -281.03 -702.55 -0.53 0.89 0.19 0.81 0.66 0.53 0.44
17.00 87.42 -271.55 281.32 -16.97 0.57 -0.65 0.85 0.62 0.67 0.52 0.73
12.00 47.51 147.68 164.23 -684.20 0.79 0.07 -0.22 0.21 0.44 0.82 0.60
20.00 89.93 253.08 -57.92 -404.23 -0.17 0.65 0.33 0.05 0.25 0.60 0.20
8.00 19.10 570.12 -203.34 -280.63 0.49 0.90 0.24 0.16 0.80 0.74 0.50
12.00 44.87 -208.81 508.07 -443.83 -0.98 -0.02 -0.80 0.28 0.28 0.22 0.81
18.00 8.41 -237.11 -173.96 -238.32 0.09 0.90 0.82 0.22 0.96 0.68 0.91
6.00 9.01 -238.51 242.29 -378.22 0.65 -0.87 0.34 0.87 0.55 0.84 0.23
36.00 158.26 -611.50 111.31 -316.16 -0.24 -0.02 -0.97 0.99 0.32 0.09 0.68
6.00 9.49 -141.92 -142.01 -367.03 0.11 -0.25 -0.74 0.11 0.25 0.20 0.04
28.00 83.14 645.87 -10.36 59.07 -0.46 0.85 -0.14 0.42 0.39 0.79 0.24
17.00 57.90 -128.73 -295.15 -205.49 0.13 0.98 0.91 1.00 0.51 0.12 0.80
10.00 28.08 223.91 444.63 309.50 0.69 -0.01 0.27 0.90 0.43 0.69 0.71
6.00 2.96 -46.52 280.90 474.27 0.07 -0.15 -0.68 0.86 0.05 0.42 0.24
5.00 1.18 -55.89 261.08 -120.81 0.77 0.24 -0.19 0.71 0.31 0.68 0.54
10.00 18.56 -99.26 102.30 597.70 -0.96 0.05 0.44 0.12 0.60 0.27 0.61
8.00 16.37 -15.40 -343.65 -200.87 -0.91 -0.11 0.77 0.30 0.72 0.51 0.43
7.00 9.86 -587.37 97.49 -371.79 0.97 -0.36 0.68 0.39 0.05 0.58 0.20
10.00 18.05 -158.44 -148.50 -419.73 0.22 -0.31 -0.63 0.37 0.18 0.54 0.20
20.00 9.45 44.23 -235.57 -439.51 0.23 0.61 0.58 0.64 0.23 0.13 1.00
26.00 30.66 -250.75 -561.77 198.20 -0.89 0.84 -0.86 0.01 0.88 0.71 0.55
5.00 2.59 -237.08 524.72 -199.87 0.93 -0.15 0.16 0.77 0.08 0.31 0.11
5.00 0.79 542.16 174.99 -179.27 0.01 0.92 0.38 0.78 0.62 0.37 0.59
20.00 34.47 -328.64 -324.90 -147.61 -0.25 0.68 0.40 0.30 0.29 0.95 0.73
10.00 14.02 -491.43 120.47 -8.14 -0.51 0.47 0.12 0.89 0.07 0.92 0.58
16.00 64.46 -239.13 51.47 75.65 0.45 0.13 0.65 0.06 0.85 0.88 0.42
14.00 65.81 75.62 -382.26 181.39 -0.99 0.92 0.82 0.17 0.09 0.79 0.56
7.00 16.77 90.59 386.52 47.03 -0.14 0.20 -0.13 0.26 0.30 0.13 0.37
15.00 71.59 -151.19 327.48 293.92 -0.21 -0.27 -0.08 0.97 0.53 0.53 0.46
12.00 1.96 63.73 -310.86 -159.29 0.41 0.00 0.08 0.86 0.55 0.86 0.37
15.00 72.07 -497.27 27.42 -113.61 -0.02 0.81 0.75 0.99 0.08 0.73 0.85
12.00 38.82 -304.92 -161.67 -391.35 -0.09 0.22 -0.03 0.29 0.62 0.96 0.29
17.00 94.12 -474.71 283.96 -167.75 0.53 -0.28 -0.25 0.35 0.05 0.55 0.94
10.00 27.34 -285.77 456.48 -362.75 -0.42 0.67 0.34 0.38 0.98 0.54 0.72
17.00 82.83 -188.68 -188.43 447.13 1.00 -0.25 -0.19 0.96 0.92 0.90 0.79
13.00 8.00 531.33 -306.14 -402.64 -0.75 0.36 -0.57 0.59 0.72 0.84 0.55
24.00 137.91 330.58 297.79 165.75 0.10 0.84 -0.48 0.40 0.96 0.58 0.92
10.00 17.75 112.34 -75.22 -319.19 0.82 0.98 0.03 0.17 0.25 0.22 0.84
36.00 283.46 724.41 20.91 -306.29 -0.73 0.42 -0.68 0.64 0.90 0.56 0.94
19.00 88.27 759.80 -213.19 39.79 -0.92 0.92 0.23 0.20 0.27 0.21 0.61
12.00 37.42 -36.59 763.34 61.98 0.04 -0.38 0.19 0.69 0.59 0.21 0.87
8.00 13.88 -690.30 -347.55 122.79 0.33 0.43 0.47 0.26 0.96 0.53 0.61
15.00 76.19 73.34 146.21 -552.52 0.73 -0.14 -0.12 0.61 0.26 0.73 0.65
15.00 28.91 -415.13 605.73 4.17 0.84 0.49 -0.14 0.59 0.84 0.29 0.22
9.00 2.53 217.11 -61.00 459.34 0.48 -0.22 0.30 0.96 0.32 0.84 0.86
8.00 9.79 -433.23 -205.65 61.77 0.51 -0.01 -0.32 0.83 0.47 0.39 0.80
14.00 47.45 -370.06 -463.82 -513.40 0.63 0.03 0.22 0.95 0.97 0.01 0.36
21.00 27.43 6.46 361.96 -629.03 -0.11 -0.11 -0.42 0.42 0.99 0.47 0.57
18.00 8.22 74.20 -282.57 -403.18 -0.75 0.18 -0.24 0.25 0.17 0.23 0.81
10.00 21.46 -220.50 -320.10 637.63 -0.92 0.46 -0.20 0.93 0.77 0.98 0.60
12.00 13.97 -23.88 -285.21 179.43 0.29 -0.23 -0.03 0.91 0.45 0.58 0.62
15.00 35.81 89.11 -469.96 12.07 -0.43 -0.59 0.83 0.08 0.58 0.76 0.17
12.00 40.44 140.42 258.16 -264.67 0.15 -0.75 0.95 0.71 0.46 0.14 0.37
39.00 297.37 -188.95 -338.12 -170.24 0.98 -0.03 -0.16 0.15 0.44 0.39 0.85
16.00 66.30 193.56 -746.90 29.57 -0.85 0.75 0.50 0.73 0.13 0.30 0.39
34.00 34.78 -451.76 -420.39 -248.94 0.67 -0.79 0.64 0.60 0.53 0.84 0.53
7.00 12.60 -528.65 65.96 367.17 0.88 -0.60 0.32 0.46 0.99 0.77 0.50
25.00 162.68 28.25 108.25 -430.70 0.64 -0.81 0.59 0.94 0.73 0.18 0.39
11.00 20.88 75.31 -112.27 142.80 -0.48 0.63 0.44 0.57 0.19 0.37 0.44
6.00 7.17 -252.87 280.60 66.28 -0.28 -0.63 -0.63 0.74 0.49 0.89 0.89
18.00 21.05 -444.15 246.80 -4.78 0.58 -0.32 -0.64 0.30 0.65 0.66 0.51
10.00 14.75 236.48 -313.54 32.12 -0.82 -0.91 0.79 0.93 0.30 0.50 0.73
5.00 3.16 -226.56 378.98 -90.48 -0.88 0.44 0.55 0.53 0.00 0.26 0.06
12.00 1.96 -784.93 -45.85 -60.89 0.31 -0.84 0.55 0.91 0.02 0.77 0.22
10.00 5.74 34.37 -390.48 -136.44 0.64 -0.31 0.11 0.82 0.25 0.61 0.53
10.00 30.88 -561.32 -344.34 -219.39 -0.77 -0.55 -0.96 0.36 0.62 0.07 0.67
16.00 7.25 274.54 264.35 -421.69 0.53 0.80 0.36 0.22 0.59 0.70 0.96
8.00 21.22 -431.35 499.56 109.44 -0.63 0.52 -0.79 0.10 0.11 0.29 0.49
11.00 7.13 -547.94 83.62 -302.15 -0.87 -0.41 -0.65 0.44 0.51 0.09 0.06
6.00 5.28 459.18 -186.67 -28.63 -0.82 -0.61 -0.11 0.57 0.85 0.45 0.58
5.00 8.50 -247.58 -67.49 -357.44 0.07 -0.23 -0.37 0.66 0.18 0.66 0.82
6.00 1.28 -32.79 -660.63 307.57 0.75 0.96 -0.50 0.13 0.39 0.04 0.07
5.00 0.54 -51.29 6.15 327.24 0.49 -0.12 -0.69 0.86 0.31 0.85 0.30
6.00 9.99 -71.82 -707.86 223.97 -0.27 -0.09 -0.62 0.15 0.57 0.92 0.31
7.00 7.46 -140.30 440.98 469.41 -0.60 -0.66 0.67 0.63 0.05 0.93 0.05
8.00 21.26 229.37 -462.35 358.35 -0.65 0.40 -0.78 0.33 0.70 0.24 0.85
24.00 151.14 256.04 676.76 -131.06 0.46 0.01 -0.36 0.75 0.56 0.25 0.61
6.00 9.35 72.30 610.25 504.43 -0.11 0.88 0.62 0.67 0.65 0.48 0.20
15.00 74.91 -61.13 -693.64 -13.21 -0.49 0.27 0.70 0.06 0.49 0.48 0.94
9.00 18.38 -595.19 94.80 426.27 0.15 0.75 0.80 0.54 0.98 0.34 0.98
12.00 48.98 -157.29 493.29 -2.75 0.35 -0.24 -0.25 0.79 0.84 0.07 0.98
13.00 19.25 -215.95 -653.67 129.73 -0.94 0.30 0.17 0.43 0.62 0.50 0.94
7.00 15.89 -378.03 -236.67 -556.75 -1.00 -0.14 0.37 0.82 0.70 0.85 0.76
8.00 7.02 695.06 -205.05 170.18 -0.08 -0.52 -0.35 0.42 0.97 0.37 0.42
7.00 9.31 122.67 -95.17 -349.39 0.41 0.95 -0.21 0.39 0.67 0.57 0.78
13.00 20.55 -41.75 -462.60 1.63 0.91 -0.16 0.12 0.84 0.13 0.33 0.61
25.00 143.33 -268.53 237.19 -209.33 -0.76 0.69 -0.48 0.19 0.97 0.13 0.48
11.00 26.17 400.56 272.59 -549.08 -0.79 0.89 0.75 0.83 0.86 0.45 0.60
20.00 36.43 -307.40 -364.14 -257.13 -0.91 -0.53 -0.86 0.55 0.52 0.94 0.37
19.00 106.81 -60.00 -611.06 52.73 -0.95 0.38 -0.86 0.30 0.88 0.09 0.76
9.00 18.04 604.06 -437.16 186.41 0.94 -0.33 -0.01 0.57 0.58 0.83 0.65
17.00 35.94 130.54 324.17 200.83 0.20 -0.36 -0.91 0.04 0.45 0.97 0.55
12.00 15.49 644.97 266.84 279.43 -0.76 0.04 0.62 0.99 0.12 0.12 0.19
9.00 4.02 -321.81 -151.64 563.38 0.08 -0.85 0.21 0.60 0.71 0.10 0.01
23.00 71.37 132.89 371.82 374.71 0.25 0.86 -0.90 0.18 0.10 0.05 0.63
16.00 57.10 58.23 75.08 695.18 -0.15 -0.85 0.13 0.79 0.54 0.72 0.12
15.00 6.78 331.00 89.31 7.96 -0.87 0.88 -0.02 0.42 0.89 0.48 0.70
9.00 14.16 304.28 625.85 60.05 0.69 0.94 -0.87 0.57 0.29 0.89 0.25
13.00 3.07 -37.32 507.56 -254.71 -0.15 0.09 0.09 0.26 0.16 0.85 0.22
21.00 127.06 -713.26 95.17 -345.56 -0.52 -0.71 -0.35 0.08 0.58 0.44 0.32
5.00 1.05 -174.64 -194.29 -195.04 -0.24 -0.89 -0.09 0.25 0.87 0.50 0.37
11.00 20.92 188.73 4.53 720.98 0.70 0.57 -0.51 0.08 0.84 0.69 0.16
9.00 18.73 -685.71 120.86 67.85 0.72 -0.15 -0.34 0.95 0.11 0.17 0.91
10.00 5.88 163.87 -315.60 658.27 0.05 0.33 -0.79 0.42 0.08 0.41 0.10
17.00 54.86 -504.03 457.59 -1.49 0.69 0.15 -0.65 0.90 0.67 0.36 0.53
12.00 29.61 452.13 -266.59 -409.11 0.40 -0.55 0.89 0.79 0.79 0.89 0.40
12.00 31.49 -399.26 -618.52 -88.27 -0.12 0.38 -0.59 0.73 0.48 0.01 0.41
16.00 32.17 277.03 79.62 39.69 0.10 -0.52 0.82 0.05 0.80 0.77 0.24
13.00 8.57 -161.06 50.66 -143.28 0.38 -0.32 -0.23 0.79 0.71 0.97 0.63
9.00 15.46 -240.01 315.78 126.82 -0.83 0.70 0.50 0.09 0.63 0.02 0.68
9.00 14.47 380.59 576.40 -4.01 0.68 -0.23 -0.61 0.47 0.22 0.71 0.41
9.00 27.25 417.04 -215.67 -69.76 0.43 -0.81 -0.96 0.01 0.05 0.72 0.95
15.00 30.54 153.46 121.35 -382.50 0.03 -0.26 -0.19 0.26 0.09 0.25 0.02
31.00 277.93 -530.53 -406.87 295.20 -0.78 0.34 -0.71 0.30 0.63 0.15 0.61
5.00 8.39 224.42 -581.36 -336.34 0.74 -0.10 0.69 0.81 0.08 0.61 0.75
5.00 5.95 754.48 133.63 39.58 -0.61 0.72 0.87 0.72 0.49 0.49 0.73
11.00 37.05 54.88 598.83 -64.21 0.63 0.98 0.38 0.54 0.33 0.21 0.53
8.00 3.44 -115.47 71.57 44.98 -0.92 0.63 0.74 0.40 0.71 0.18 0.43
17.00 79.09 -492.84 353.03 -368.75 -0.90 -0.27 -0.77 0.54 0.02 0.72 0.81
14.00 57.44 258.86 419.05 13.46 -0.83 -0.05 0.74 0.71 0.74 0.05 0.65
19.00 9.44 -407.43 -231.40 -627.83 0.82 0.67 0.47 0.78 0.08 0.41 0.86
9.00 2.92 -569.93 201.73 375.20 0.62 -0.84 -0.20 0.97 0.75 0.02 0.51
19.00 50.16 -406.67 -538.38 -210.48 -0.57 -0.17 0.96 0.34 0.21 0.68 0.90
15.00 28.43 84.35 494.64 162.49 0.64 0.80 -0.26 0.60 0.46 0.97 0.31
24.00 54.17 272.99 278.12 174.19 0.61 -0.61 0.10 0.62 0.79 0.04 0.97
12.00 31.44 -156.20 123.92 -19.08 -0.41 0.79 0.11 0.10 0.61 0.16 0.24
11.00 8.75 505.12 -520.38 -184.40 -0.83 0.00 -0.71 0.68 0.30 0.68 0.90
7.00 16.14 -92.29 361.81 653.40 0.73 -0.74 -0.07 0.48 0.02 0.10 0.06
21.00 137.42 101.12 -556.58 -476.25 -0.06 0.47 0.33 0.85 0.91 0.33 0.12
20.00 79.13 -15.08 323.12 -633.97 -0.42 -0.65 -0.58 0.45 0.22 0.58 0.80
14.00 51.43 -156.02 -168.03 138.74 -0.93 0.82 0.96 0.56 0.00 0.70 0.21
7.00 5.20 309.41 -56.76 -546.52 -0.82 -0.67 -0.53 0.02 0.46 0.38 0.90
37.00 130.28 161.21 -367.25 -165.71 0.72 -0.51 -0.76 0.05 0.58 0.15 0.79
17.00 66.82 -41.60 -277.82 251.81 -0.85 -0.21 -0.03 0.14 0.18 0.45 0.08
11.00 39.95 460.42 -101.14 485.62 0.33 0.99 0.36 0.05 0.09 0.92 0.11
5.00 3.16 -133.91 -243.57 -181.72 -0.10 -0.88 0.88 0.80 0.67 0.16 0.26
24.00 158.46 375.58 -521.05 -382.89 0.12 0.03 0.36 0.67 0.14 0.38 1.00
13.00 29.92 512.36 411.29 198.79 0.78 -0.54 -0.04 0.62 0.02 0.28 0.74
38.00 368.41 381.92 -430.23 255.51 -0.89 -0.10 0.99 0.93 0.30 0.82 0.90
37.00 145.36 -207.73 -163.11 499.78 0.52 -0.53 0.84 0.13 0.98 0.21 0.71
6.00 9.42 227.13 -457.19 257.53 0.99 -0.49 -0.08 0.03 0.01 0.72 0.07
9.00 7.14 37.24 259.45 298.51 -0.22 0.27 1.00 0.03 0.17 0.71 0.21
12.00 8.81 -297.99 215.32 271.17 0.12 -0.26 0.48 0.12 0.50 0.97 0.20
6.00 8.22 -297.84 -147.40 47.49 0.71 -0.51 -0.27 0.12 0.89 0.08 0.07
6.00 3.91 176.76 -150.44 127.30 0.32 -0.84 0.45 0.06 0.69 0.34 0.39
12.00 23.68 167.92 -205.92 -327.30 -0.16 -0.38 0.46 0.34 0.81 0.96 0.47
6.00 9.98 -169.28 -256.85 -167.64 0.70 -0.10 0.59 0.33 0.99 0.98 0.46
10.00 31.38 -378.85 -45.96 424.57 -0.99 -0.41 -0.09 0.69 0.46 0.21 0.69
21.00 90.25 180.51 371.78 -585.19 -0.34 -0.99 -0.83 0.87 0.16 0.93 0.06
9.00 8.38 249.10 -576.16 245.15 0.35 0.16 -0.81 0.76 0.53 0.86 0.66
9.00 18.66 338.64 -334.61 195.36 -0.09 0.67 -0.27 0.16 0.59 0.29 0.94
10.00 4.46 -498.34 137.58 466.63 -0.51 0.17 -0.90 0.28 0.78 0.26 0.36
16.00 63.56 411.75 59.56 -681.75 0.06 -0.60 0.73 0.92 0.12 0.01 0.92
7.00 6.37 407.49 -110.09 -299.07 -0.99 0.41 -0.69 0.04 0.34 0.20 0.90
6.00 6.95 438.79 294.77 501.62 0.96 0.13 -0.13 0.86 0.27 0.54 0.62
23.00 123.50 56.57 70.78 -692.41 0.63 0.64 -0.86 0.82 0.78 0.21 0.62
28.00 58.86 139.58 -372.82 86.30 -0.76 0.51 -0.72 0.13 0.18 0.41 0.65
8.00 8.66 -77.82 -65.28 527.34 -0.30 -0.08 0.52 0.87 0.73 0.96 0.69
7.00 2.14 -419.14 -200.86 -548.84 0.42 -0.33 -0.25 0.02 0.15 0.13 0.86
22.00 52.19 369.07 106.93 145.38 -0.04 -0.35 0.44 0.05 0.66 0.39 0.77
24.00 153.76 526.54 145.09 -424.84 -0.20 0.88 0.30 0.97 0.70 0.41 0.18
19.00 86.20 -314.76 -632.63 278.21 -0.22 -0.26 0.93 0.03 0.70 0.00 0.73
7.00 0.55 519.53 298.18 -92.22 0.36 0.90 -0.55 0.66 0.30 0.03 0.69
11.00 41.15 556.77 562.81 12.02 0.45 -0.28 0.55 0.88 0.64 0.03 0.71
10.00 27.72 -538.87 -348.34 109.46 -0.15 0.35 0.40 0.43 0.25 0.91 0.49
16.00 13.02 213.89 555.52 -490.49 0.21 0.20 0.67 0.25 0.67 0.09 0.53
21.00 63.79 290.19 373.10 -30.33 0.59 0.74 0.88 0.89 0.59 0.90 0.17
9.00 6.54 -148.90 -80.41 -189.08 0.10 0.03 0.68 0.76 0.63 0.34 0.49
12.00 27.56 257.11 -594.96 -222.52 -0.21 -0.77 -0.02 0.84 0.97 0.88 0.99
8.00 11.74 410.61 232.99 -503.15 -0.52 0.05 -0.65 0.72 0.46 0.60 0.90
10.00 16.20 -240.34 389.90 -48.00 0.90 -0.70 0.84 0.57 0.35 0.75 0.59
18.00 87.87 -602.09 123.11 -463.64 0.75 -0.42 0.85 0.27 0.32 0.15 0.77
5.00 7.03 12.10 327.03 473.30 -0.79 -0.82 0.86 0.49 0.76 0.49 0.81
8.00 9.65 351.16 206.61 -471.70 -0.30 -0.70 0.90 0.39 0.14 0.73 0.69
15.00 12.84 -105.03 -351.42 177.85 -0.45 -0.18 -0.59 0.36 0.85 0.50 0.71
24.00 100.72 164.96 236.90 12.79 -0.57 -0.52 0.63 0.21 0.40 0.17 0.50
9.00 11.90 225.33 313.17 -254.02 0.73 0.81 -0.13 0.16 0.15 0.93 0.11
16.00 0.13 203.10 534.23 78.41 -0.18 -0.70 -0.82 0.10 0.34 0.76 0.70
9.00 20.16 180.44 -215.73 -464.13 0.26 -0.59 0.77 0.41 0.49 0.80 0.49
18.00 23.47 -456.39 245.89 -73.20 0.32 0.88 -0.93 0.62 0.02 0.48 0.88
9.00 22.85 316.23 351.56 144.92 -0.61 0.62 -0.50 0.61 0.77 0.60 0.10
6.00 1.51 348.70 -190.37 523.49 0.70 -0.93 0.53 0.32 0.60 0.50 0.90
13.00 29.22 74.45 207.34 -473.66 -0.99 -0.54 -0.34 0.09 0.45 0.93 0.46
5.00 7.95 -487.83 288.94 -89.26 -0.70 -0.07 0.00 0.83 0.29 0.14 0.77
12.00 13.71 97.75 21.04 377.10 0.98 -0.58 -0.93 0.33 0.74 0.55 0.61
5.00 1.07 -455.49 272.89 -281.98 -0.70 0.53 0.11 0.37 0.41 0.00 0.36
9.00 14.12 410.59 301.65 175.44 0.80 0.09 0.81 0.90 0.56 0.76 0.15
8.00 20.12 95.35 -641.67 220.56 0.73 0.97 0.75 0.89 0.19 0.53 0.99
6.00 3.64 -236.42 230.81 326.74 -0.03 0.99 -0.15 0.73 0.47 0.67 0.40
16.00 27.69 107.51 34.74 -760.90 0.84 0.40 0.87 0.58 0.08 0.91 0.35
9.00 26.88 -405.77 262.88 -97.68 0.82 0.97 -0.38 0.58 0.43 0.58 0.23
33.00 356.77 162.75 519.04 -537.93 0.63 0.58 0.59 0.61 0.42 0.84 0.60
24.00 112.89 510.93 270.75 -409.20 0.61 -0.55 0.86 0.20 0.52 0.28 0.32
14.00 13.77 -271.44 -51.04 423.83 0.77 0.86 -0.06 0.13 0.32 0.17 0.37
14.00 29.47 284.94 180.33 -535.68 0.33 -0.05 -0.85 0.10 0.88 0.11 0.01
16.00 17.50 444.63 27.81 -143.96 0.81 0.47 0.68 0.96 0.69 0.45 0.40
23.00 53.47 532.60 -65.40 -546.30 0.62 0.55 0.48 0.76 0.51 0.51 0.04
15.00 60.88 -229.46 -711.82 -241.56 -0.97 0.41 -0.18 0.86 0.49 1.00 0.75
6.00 2.36 -685.56 -181.82 155.77 -0.03 -0.17 -0.64 0.38 0.18 0.62 0.87
7.00 6.78 -527.75 8.48 -213.47 0.62 -0.38 -0.85 0.34 0.81 0.15 0.17
26.00 1.91 653.76 -135.08 -170.77 0.69 -0.17 0.02 0.48 0.92 0.63 0.11
14.00 58.50 96.99 611.27 -449.51 0.48 0.91 0.41 0.82 0.39 0.05 0.14
6.00 5.49 93.27 130.75 -70.75 -0.75 0.43 -0.45 0.74 0.53 0.68 0.77
9.00 25.96 117.96 -734.71 66.90 -0.13 -0.74 0.85 0.03 0.37 0.68 0.86
10.00 2.88 125.97 -569.10 341.29 -0.77 -0.19 0.51 0.46 0.89 0.53 0.73
11.00 4.92 -473.71 93.02 163.92 0.76 0.56 -0.92 0.81 0.79 0.03 0.80
23.00 124.44 -527.66 318.78 81.11 -0.82 -0.44 -0.24 0.90 0.03 0.35 0.31
11.00 3.30 -431.17 -108.03 -439.52 -0.40 0.75 -0.01 0.29 0.04 0.35 0.19
10.00 14.91 -412.20 -368.19 308.87 -0.90 0.02 -0.04 0.60 0.03 0.01 0.40
5.00 1.95 -199.00 427.45 -266.30 -0.12 0.17 -1.00 0.31 0.23 0.14 0.16
15.00 3.39 -82.43 -52.13 -728.23 0.60 0.75 -0.79 0.99 0.24 0.41 0.39
9.00 23.28 234.12 597.98 -209.56 -0.57 -0.66 0.48 0.49 0.63 0.19 0.62
6.00 8.15 96.10 -489.15 336.86 -0.24 -0.95 0.34 0.96 0.01 0.26 0.44
7.00 12.19 -440.83 511.76 -372.51 -0.68 0.76 0.05 0.60 0.58 0.13 0.42
10.00 34.65 -15.00 556.95 -305.28 0.41 0.88 -0.36 0.97 0.08 0.42 0.64
32.00 345.43 37.00 0.18 108.05 -0.34 0.62 0.62 0.71 0.49 0.91 0.81
6.00 4.41 574.46 -370.37 -301.18 -0.42 0.92 -0.64 0.95 0.48 0.26 0.21
10.00 20.72 406.06 118.88 155.62 0.14 0.32 0.45 0.83 0.99 1.00 0.22
15.00 28.92 -59.72 308.12 -725.27 0.47 0.06 0.16 0.15 0.70 0.96 0.89
14.00 48.72 450.66 345.07 305.62 -0.87 0.49 -0.01 0.19 0.52 0.02 0.13
7.00 15.36 -248.88 529.42 -181.06 0.14 -0.15 -0.26 0.60 0.92 0.93 0.93
9.00 22.44 -572.92 -170.30 -154.86 0.34 -0.99 -0.08 0.15 0.09 0.30 0.28
10.00 2.85 101.55 423.81 308.76 -0.35 0.38 0.52 0.86 0.52 0.89 0.55
15.00 69.74 -542.46 323.30 -52.18 0.28 0.65 0.95 0.52 0.43 0.50 0.38
10.00 9.45 -98.31 -587.37 -113.38 0.07 0.94 -0.52 0.09 0.84 0.54 0.92
12.00 31.20 -301.99 -387.07 -375.99 -0.72 -0.90 0.33 0.98 0.46 0.55 0.72
18.00 1.07 -139.08 305.96 -84.10 0.53 -0.06 -0.23 0.09 0.05 0.46 0.48
10.00 23.66 -192.60 573.27 497.03 0.55 0.01 0.14 0.43 0.66 0.90 0.18
37.00 321.68 -565.79 42.16 -382.93 -0.43 -0.82 -0.68 0.55 0.23 0.71 0.74
31.00 48.55 677.94 81.02 -71.17 0.84 0.15 -0.45 0.58 0.61 0.52 0.20
9.00 15.72 351.24 -282.23 605.09 -0.78 0.35 0.85 0.92 0.59 0.45 0.60
13.00 28.54 164.86 -288.55 -143.67 0.38 0.57 0.47 0.61 0.20 0.70 0.48
5.00 2.39 -353.25 -58.54 -182.82 0.36 0.78 -0.86 0.69 0.39 0.09 0.21
5.00 5.83 78.74 -403.87 315.94 0.59 0.18 0.86 0.77 0.28 0.37 0.24
26.00 202.28 -57.93 567.18 12.72 0.15 -0.67 0.37 0.51 0.49 0.08 0.34
5.00 3.69 -214.19 -430.30 -271.54 -0.21 0.17 0.79 0.36 0.53 0.48 0.79
16.00 69.51 -328.48 -161.78 -438.29 -0.91 0.20 0.70 0.70 0.67 0.52 0.56
5.00 8.57 -482.26 414.66 -219.42 0.42 -0.51 -0.47 0.46 0.20 0.87 0.01
29.00 233.10 201.04 -10.17 460.55 -0.21 -0.26 0.95 0.12 0.34 0.59 0.77
24.00 195.25 488.33 415.95 -188.36 -0.98 -0.90 0.90 0.25 0.70 0.37 0.19
8.00 18.46 -14.42 214.96 -468.64 0.54 0.61 -0.80 0.92 0.96 0.95 0.23
22.00 99.97 584.22 217.47 -497.72 0.81 -0.63 0.27 0.27 0.63 0.15 0.19
6.00 3.84 190.41 142.17 -421.46 -0.35 0.45 0.88 0.11 0.48 0.93 0.32
11.00 11.06 -176.54 -610.26 -283.40 -0.20 -0.26 0.78 0.80 0.74 0.44 0.03
9.00 27.26 -207.24 -312.71 69.42 0.62 0.39 -0.91 0.04 0.75 0.97 0.99
27.00 163.11 -224.59 154.82 158.32 0.72 0.39 0.71 0.82 0.95 0.11 0.11
15.00 62.59 -295.18 126.73 -598.78 -0.36 0.56 0.89 0.59 0.65 0.58 0.58
21.00 131.99 -154.60 402.01 -534.05 0.34 -0.72 0.07 0.60 0.38 0.53 0.85
11.00 13.87 -525.44 -378.71 -291.01 -0.47 -0.44 0.80 0.83 0.19 0.45 0.79
15.00 60.63 -240.22 -17.64 670.24 -0.56 -0.16 0.45 0.73 0.27 0.11 0.63
36.00 429.45 249.29 -390.69 -437.34 -0.00 0.88 -0.91 0.03 0.42 0.78 0.77
14.00 49.26 345.73 624.82 -191.30 0.98 0.01 -0.99 0.96 0.13 0.58 0.08
14.00 53.46 -2.85 167.35 386.78 -0.35 -0.00 -0.10 0.96 0.52 0.28 0.59
16.00 21.06 202.97 -374.16 -260.56 -0.99 -0.77 -0.06 0.98 0.61 0.64 0.76
21.00 109.76 -529.27 27.71 327.88 0.44 -0.52 -0.47 0.45 0.57 0.32 0.28
32.00 164.31 -134.15 166.91 -440.79 0.71 0.88 -0.86 0.84 0.70 0.73 0.78
5.00 4.06 -279.45 136.79 575.21 -0.39 -0.22 0.99 0.29 0.45 0.39 0.74
10.00 11.88 336.15 197.08 -67.22 -0.37 0.56 0.53 0.22 0.18 0.57 0.42
8.00 4.10 -11.31 283.11 -641.56 -0.80 -0.61 0.72 0.05 0.64 0.78 0.59
14.00 39.11 202.08 26.75 65.45 0.71 -0.84 0.87 0.43 0.89 0.67 0.40
17.00 56.61 190.02 273.48 -8.70 -0.03 -0.13 -0.32 0.86 0.35 0.63 0.48
13.00 39.01 182.96 220.83 -428.27 -0.46 -0.33 0.74 0.77 0.93 0.09 0.60
6.00 8.36 -71.00 132.64 -272.51 -0.73 0.61 -0.28 0.21 0.13 0.89 0.80
16.00 83.23 -124.19 -557.47 -329.89 -0.65 -0.02 0.79 0.42 0.20 0.99 0.32
7.00 2.17 212.39 164.81 333.46 0.03 0.18 0.87 0.59 0.56 0.84 0.57
10.00 32.03 -129.95 395.80 -239.27 0.62 -0.96 -0.61 0.23 0.72 0.65 0.55
16.00 33.10 -323.97 -269.22 105.83 0.75 0.25 0.99 0.84 0.42 0.93 0.39
33.00 248.30 -201.60 231.15 125.41 -0.55 -0.49 -0.72 0.34 0.66 0.41 0.95
19.00 122.61 458.96 76.25 -36.87 -0.02 0.87 0.15 0.21 0.67 0.76 0.48
22.00 133.75 26.48 -419.47 -177.32 0.19 -0.30 0.43 0.09 0.81 0.93 0.70
5.00 7.09 721.49 -108.26 321.01 0.30 -0.36 0.43 0.81 0.14 0.77 0.10
6.00 5.15 -196.65 -435.28 275.21 -0.55 0.00 0.11 0.58 0.44 0.18 0.34
18.00 2.97 -223.10 527.93 -272.43 -0.97 -0.63 -0.76 0.90 0.16 0.02 0.96
11.00 19.29 -41.34 -104.16 -628.14 -0.56 0.94 -0.30 0.97 0.31 0.08 0.41
20.00 8.78 546.01 347.70 -424.99 -0.26 0.46 0.55 0.59 0.33 0.06 0.21
7.00 11.73 180.11 31.49 633.16 0.32 -0.09 -0.58 0.99 0.28 0.80 0.20
9.00 23.68 -46.16 -49.88 405.63 -0.18 -0.26 -0.92 0.32 0.45 0.88 0.52
16.00 57.13 163.77 -648.53 -298.50 0.57 -0.61 0.28 0.49 0.87 0.23 0.79
22.00 52.36 -478.54 164.97 -177.40 -0.21 0.30 -0.25 0.78 0.89 0.42 0.18
13.00 0.23 -495.13 -326.95 458.83 0.01 -0.78 0.48 0.48 0.97 0.84 0.49
13.00 44.94 387.10 -509.86 34.46 0.85 0.28 0.22 0.74 0.76 0.07 0.19
16.00 35.89 -199.49 40.12 -509.64 -0.31 0.21 0.06 0.30 0.07 0.05 0.43
6.00 8.26 765.10 -31.22 52.92 0.98 -0.73 -0.69 0.42 0.79 0.53 0.80
16.00 62.90 417.11 165.42 -347.03 -0.14 -0.81 -0.14 0.35 0.33 0.43 0.69
13.00 52.18 468.81 352.88 -352.96 0.06 0.79 -0.40 0.20 0.01 0.14 0.31
13.00 28.22 -297.88 110.99 289.65 -0.35 -0.37 -0.15 0.99 0.20 0.39 0.14
26.00 167.94 -526.92 177.39 38.41 0.43 -0.16 -0.96 0.56 0.05 0.19 0.43
20.00 2.78 -322.82 310.99 11.91 0.38 0.50 -0.94 0.56 0.67 0.91 0.05
15.00 76.70 38.37 675.70 -254.41 0.26 -0.01 -0.35 0.30 0.97 0.77 0.05
35.00 361.94 217.32 142.91 522.68 0.43 0.34 -0.93 0.88 0.88 0.55 0.46
24.00 115.98 -303.50 -140.26 -97.67 -0.85 0.95 -0.83 0.23 0.01 0.20 0.16
17.00 31.61 180.27 -639.46 -55.20 -0.28 0.08 0.25 0.41 0.93 0.17 0.89
14.00 33.13 -541.28 -207.41 -311.18 0.31 -0.73 0.37 0.56 0.11 0.22 0.17
12.00 22.73 442.42 427.69 219.02 0.58 -0.32 -0.46 0.99 0.25 0.95 0.72
5.00 5.13 -493.63 -87.36 185.26 -0.24 -0.55 0.81 0.22 0.08 0.01 0.89
18.00 45.14 52.95 -596.36 193.78 -0.21 0.93 0.85 0.21 0.17 0.30 0.21
20.00 126.50 202.64 -328.00 -442.49 0.59 -0.75 0.51 0.55 0.70 0.63 0.04
19.00 86.67 51.68 -650.27 -260.50 0.08 -0.98 0.44 0.91 0.29 0.96 0.42
6.00 5.02 -313.62 126.48 521.30 -0.14 0.46 0.27 0.28 0.28 0.83 0.62
5.00 8.34 -656.54 214.10 236.57 -0.54 0.44 0.47 0.48 0.38 0.63 0.26
9.00 3.53 -182.00 -331.88 48.10 -0.34 -0.93 -0.81 0.19 0.93 0.34 0.62
24.00 86.33 3.21 -723.99 37.90 -0.23 0.22 0.64 0.83 0.94 0.90 0.45
17.00 40.96 -221.42 266.67 59.96 0.33 -0.55 -0.39 0.56 0.16 0.76 0.72
8.00 10.64 381.51 489.92 53.28 -0.67 -0.11 0.74 0.22 0.32 0.48 0.58
16.00 31.68 -79.20 -290.62 -645.21 0.90 -0.55 -0.08 0.05 0.82 0.28 0.68
10.00 25.91 181.41 -334.30 689.43 -0.90 0.17 -0.68 0.33 0.23 0.92 0.04
12.00 13.03 773.67 145.76 87.61 0.43 0.93 0.46 0.27 0.90 0.33 0.60
13.00 37.91 107.30 -41.03 -38.36 0.33 -0.65 -0.23 0.27 0.56 0.21 0.67
6.00 2.65 550.67 181.98 -186.85 0.52 0.88 -0.62 0.80 0.83 0.01 0.24
8.00 21.70 305.06 -29.00 34.01 0.73 -0.08 0.55 0.64 0.40 0.36 0.96
14.00 50.66 -132.92 139.62 -754.28 0.37 0.76 -0.76 0.63 0.09 0.17 0.41
23.00 25.21 437.27 -501.08 -41.25 0.88 -0.14 0.71 0.54 0.21 0.63 0.22
35.00 42.47 -269.73 -325.89 439.01 0.64 0.19 0.50 0.07 0.15 0.11 0.93
25.00 81.71 -117.15 498.51 206.49 0.30 0.74 0.94 0.79 0.93 0.23 0.09
18.00 79.05 286.86 247.95 -42.08 -0.57 -0.95 -0.11 0.35 0.57 0.28 0.70
5.00 6.34 94.93 466.03 -9.49 0.81 -0.29 0.36 0.34 0.68 0.83 0.19
10.00 9.09 338.88 92.27 657.24 0.51 -0.78 -0.63 0.82 0.85 0.67 0.56
5.00 7.57 -347.93 -372.81 -597.97 -0.43 0.13 0.47 0.57 0.17 0.87 0.96
15.00 65.45 451.95 -253.08 275.24 -0.84 0.25 -0.32 0.32 0.35 0.48 0.86
9.00 24.02 -178.64 162.18 664.15 -0.54 0.92 -0.88 0.58 0.35 0.22 0.46
10.00 13.92 74.84 -515.98 -463.24 0.64 0.45 -0.90 0.74 0.04 0.12 0.26
8.00 16.55 60.40 116.56 560.34 0.09 0.21 0.81 0.00 0.84 0.32 0.96
8.00 16.09 -220.68 -0.99 207.04 -0.38 -0.02 -0.26 0.44 0.57 0.22 0.78
22.00 153.03 -189.72 769.90 -75.51 0.96 0.80 0.58 0.22 0.03 0.77 0.18
11.00 23.65 223.87 26.59 306.87 -0.73 0.95 0.96 0.53 0.69 0.95 0.52
12.00 11.83 748.68 -211.40 3.02 -0.70 0.71 0.23 0.40 0.35 0.92 0.06
10.00 33.98 215.62 209.21 -59.63 0.67 -0.22 0.67 0.21 0.90 0.70 0.52
9.00 8.45 588.26 95.21 199.13 0.36 -0.79 0.81 0.21 0.55 0.47 0.47
7.00 5.89 352.10 -612.31 109.65 0.45 -0.89 -0.11 0.30 0.18 0.43 0.47
7.00 13.84 -58.18 566.83 -471.36 0.70 -0.85 -0.65 0.97 0.68 0.36 0.89
23.00 21.66 -550.39 -28.23 353.62 0.02 -0.66 -0.64 0.20 0.08 0.67 0.85
21.00 77.51 -703.14 160.78 153.05 0.54 0.55 -0.19 0.11 0.64 0.74 0.03
6.00 8.10 589.07 -53.51 137.83 0.46 -0.22 0.54 0.11 0.18 0.20 0.97
11.00 24.56 -51.38 -510.01 397.50 0.49 0.67 0.04 0.33 0.69 0.82 0.45
9.00 12.05 466.28 222.76 -90.13 -0.79 0.19 0.23 0.10 0.37 0.27 0.39
14.00 21.19 -306.81 -303.10 -561.48 0.26 -0.55 0.11 0.97 0.45 0.88 0.25
15.00 41.77 -235.33 -363.16 -539.27 0.80 0.65 -0.83 0.11 0.69 0.96 0.16
6.00 11.47 186.50 10.44 612.08 0.65 0.79 0.79 0.03 0.25 0.62 0.01
8.00 0.71 182.36 -304.14 582.48 -0.22 0.35 -0.96 0.07 0.92 0.04 0.73
12.00 29.51 295.59 34.01 50.94 -0.12 0.84 -0.55 0.28 0.67 0.99 0.57
23.00 170.41 -671.50 -62.55 -294.64 0.31 0.66 0.97 0.69 0.09 0.85 0.55
13.00 21.01 204.66 -626.43 -292.20 0.06 0.15 -0.09 0.19 0.51 0.81 0.67
13.00 18.08 -526.45 -262.24 365.33 -0.27 0.86 0.88 0.95 0.20 0.39 0.03
16.00 4.79 471.53 200.77 261.61 0.30 -0.44 0.79 0.10 0.77 0.33 0.10
10.00 11.81 -188.57 183.21 -593.13 0.63 0.76 -0.30 0.89 0.95 0.51 0.93
24.00 18.60 -389.74 247.65 527.02 0.90 0.24 0.98 0.66 0.45 0.78 0.51
25.00 72.73 77.19 277.64 737.66 -0.97 -0.18 0.16 0.84 0.11 0.14 0.45
13.00 12.99 -375.34 234.85 -656.85 -0.32 0.68 0.42 0.20 0.88 0.25 0.30
12.00 25.40 234.86 325.44 256.76 -0.71 0.73 0.52 0.26 0.32 0.24 0.08
5.00 6.38 22.81 552.20 -275.40 0.91 -0.93 -0.73 0.08 0.84 0.68 0.54
5.00 2.95 -532.31 -252.10 459.23 0.33 0.11 0.22 0.58 0.59 0.50 0.71
17.00 84.20 215.51 -132.75 -434.41 -0.97 -0.90 -0.81 0.39 0.26 0.87 0.72
16.00 88.35 -665.10 355.01 55.99 -0.63 -0.88 -0.31 0.76 0.90 0.59 0.00
10.00 0.39 568.45 157.97 324.49 -0.08 -0.11 0.02 0.77 0.51 0.68 0.87
10.00 2.91 122.72 632.95 -310.07 -0.14 0.33 -0.03 0.69 0.35 0.36 0.02
7.00 3.72 -393.37 441.01 372.25 0.85 0.10 0.37 0.45 0.96 0.39 0.11
6.00 6.19 647.17 146.80 193.71 -0.45 0.57 -0.38 0.40 0.86 0.40 0.10
11.00 8.67 -323.99 -303.97 -591.50 0.71 0.16 0.71 0.26 0.66 0.13 0.62
6.00 8.39 -301.59 538.79 -76.07 -0.87 0.59 -0.32 0.73 0.51 0.54 0.85
10.00 7.03 400.40 -593.78 247.73 0.34 -0.59 0.65 0.32 0.34 0.43 0.48
27.00 174.26 408.49 -154.71 60.39 -0.40 0.21 0.18 0.61 0.64 0.58 0.49
11.00 6.13 -414.60 -221.10 142.48 0.96 -0.91 -0.47 0.64 0.03 0.92 0.34
18.00 100.48 -215.79 -473.84 400.04 -0.20 -0.96 0.56 0.92 0.23 0.39 0.17
8.00 12.96 412.48 -173.37 497.04 -0.04 0.67 -0.23 0.56 0.59 0.78 0.84
7.00 13.45 -59.00 -176.22 -149.24 0.50 -0.06 -0.41 0.43 0.84 0.48 0.42
17.00 33.02 -490.79 -518.17 -229.71 0.68 0.55 0.98 0.67 0.31 0.79 0.96
9.00 21.77 -85.09 -185.16 -202.12 -0.11 -0.55 0.18 0.57 0.38 0.48 0.01
22.00 40.21 -283.76 460.38 470.16 0.79 -0.83 -0.48 0.78 0.15 0.13 0.74
7.00 8.85 -285.66 90.43 83.04 -0.39 0.20 -0.57 0.29 0.77 0.85 0.80
5.00 4.83 325.19 299.07 -588.07 -0.91 0.74 -0.32 0.37 0.41 0.56 0.24
8.00 11.89 224.76 473.45 -343.81 -0.55 -0.70 0.84 0.71 0.67 0.69 1.00
16.00 61.83 -450.55 287.19 -315.02 0.99 0.33 0.02 0.47 0.57 0.29 0.42
7.00 10.56 96.75 335.23 -664.03 -0.46 0.68 0.74 0.26 0.62 0.16 0.60
28.00 186.56 -475.23 -296.80 365.78 -0.50 0.71 0.02 0.94 0.70 0.43 0.33
19.00 74.40 232.98 -407.78 218.78 0.42 0.29 0.10 0.13 0.78 0.88 0.67
15.00 70.65 404.59 216.30 109.08 -0.57 0.95 -0.44 0.74 0.41 0.75 0.63
6.00 0.85 7.22 -42.11 5.32 0.31 0.60 -0.11 0.90 0.78 0.21 0.57
7.00 9.31 231.24 608.05 -190.07 0.43 -0.37 -0.24 0.45 0.08 0.45 0.12
11.00 0.51 -164.07 511.34 -354.28 0.97 -0.37 0.57 0.79 0.95 0.11 0.18
10.00 33.41 -275.18 160.98 -701.08 -0.02 -0.52 -0.82 0.98 0.13 0.99 0.70
37.00 253.66 -579.00 -237.47 441.03 0.47 -0.36 -0.15 0.84 0.54 0.12 0.82
14.00 21.29 -123.97 526.52 -235.58 0.39 0.52 0.83 0.35 0.00 0.73 0.35
5.00 5.80 482.43 -261.49 191.75 -0.07 -0.23 0.04 0.02 0.02 0.55 0.81
8.00 17.54 29.34 2.11 -779.63 -0.70 0.18 -0.98 0.81 0.56 0.59 0.01
13.00 29.67 693.80 -99.47 369.18 -0.34 -0.52 -0.30 0.42 0.38 0.74 0.42
19.00 54.32 -377.21 637.18 129.08 0.24 0.90 -0.03 0.02 0.24 0.67 0.30
29.00 193.71 551.01 -100.18 -54.78 0.27 -0.73 0.07 0.82 0.94 0.23 0.88
12.00 19.84 601.35 -510.58 -34.44 -0.30 -0.48 -0.02 0.63 0.39 0.09 0.92
5.00 5.87 102.99 -578.70 58.42 -0.12 0.49 -0.44 0.10 0.40 0.20 0.09
5.00 8.54 -364.38 117.58 -10.44 -0.69 -0.20 0.79 0.92 0.52 0.53 0.29
5.00 2.49 -369.25 271.09 -355.59 -0.09 -0.77 -0.62 0.05 0.64 0.96 0.89
24.00 157.08 -443.82 -516.39 309.07 0.52 -0.86 0.90 0.82 0.55 0.73 0.51
10.00 6.20 -424.09 -23.33 152.66 0.68 0.60 0.01 0.04 0.36 0.53 0.95
5.00 6.42 -22.81 -592.61 -386.01 0.20 -0.17 0.79 0.64 0.98 0.03 0.67
7.00 3.64 189.51 -438.95 -607.35 -0.70 -0.84 0.98 0.66 0.58 0.83 0.85
14.00 50.53 617.05 -85.89 -203.35 0.66 -0.25 -0.29 0.66 0.03 0.06 0.94
14.00 3.72 150.79 -193.44 355.54 -0.78 0.88 -0.29 0.93 0.33 0.95 0.14
22.00 2.13 214.15 268.42 -521.08 0.60 0.09 -0.92 0.78 0.95 0.89 0.31
18.00 20.14 -22.27 -91.63 -166.71 -0.25 -0.59 0.94 0.24 0.80 0.23 0.90
17.00 23.14 75.76 -384.62 653.97 -0.05 -0.85 -0.34 0.41 0.54 0.79 0.44
8.00 6.69 -520.37 -1.98 -519.93 -0.36 -0.65 0.52 0.28 0.77 0.64 0.58
13.00 1.27 -470.27 -250.46 -116.12 -0.98 0.95 0.43 0.35 0.55 0.01 0.51
14.00 4.91 41.99 -330.25 382.96 -0.53 -0.79 -0.78 0.45 0.40 0.03 0.64
7.00 2.17 -34.03 -220.34 -34.96 -0.83 -0.59 0.34 0.53 0.49 0.94 0.02
12.00 43.05 -225.96 431.63 -210.10 -0.81 0.35 0.92 0.30 0.79 0.06 0.79
9.00 12.91 163.21 -677.67 -190.37 0.83 0.34 -0.07 0.98 0.25 0.20 0.27
19.00 33.16 285.47 -456.86 128.57 -0.47 0.88 0.34 0.61 0.55 0.65 0.21
18.00 71.59 506.17 17.48 350.97 0.93 -0.80 -0.81 0.40 0.00 0.19 0.26
16.00 12.85 -32.88 -268.68 309.18 -0.76 0.04 -0.28 0.11 0.18 0.01 0.09
27.00 238.55 -298.96 -481.50 -524.33 0.17 -0.10 0.33 0.40 0.09 0.80 0.98
16.00 25.66 -579.23 -473.03 -32.80 -0.27 -0.22 -0.56 0.75 0.52 0.45 0.40
9.00 17.04 -126.80 615.13 -133.19 -0.07 0.23 -0.78 0.32 0.07 0.56 0.67
14.00 57.26 -550.73 -278.97 250.82 0.88 0.32 -0.93 0.74 0.91 0.10 0.67
12.00 36.52 582.50 -148.16 427.29 0.69 0.96 -0.88 0.90 0.52 0.54 0.28
14.00 61.11 -119.28 -475.48 -140.24 -0.66 -0.15 -0.17 0.23 0.42 0.73 0.99
21.00 123.36 -410.45 16.49 -129.08 -0.02 -0.53 -0.19 0.92 0.46 0.94 0.88
23.00 87.26 -239.81 -220.82 218.55 -0.82 -0.50 -0.10 0.65 0.12 0.60 0.34
10.00 17.89 -769.37 -109.28 78.47 0.92 0.63 -0.12 0.08 0.85 0.32 0.11
14.00 18.66 35.90 400.77 587.32 0.10 0.23 -0.70 0.40 0.08 0.99 0.92
22.00 56.44 53.57 -11.67 296.02 0.44 0.33 0.07 0.44 0.19 0.32 0.41
11.00 13.38 457.32 -204.39 -464.20 -0.47 0.98 0.48 0.98 0.57 0.48 0.47
8.00 11.09 290.41 149.97 596.17 0.11 -0.44 0.88 0.28 0.47 0.21 0.47
28.00 162.49 185.07 -83.26 764.17 -0.63 0.21 0.27 0.95 0.47 0.10 0.91
11.00 5.74 180.22 743.92 218.54 0.83 0.88 0.95 0.55 0.40 0.91 0.55
15.00 60.06 -11.47 248.06 456.78 0.88 0.60 0.97 0.39 0.08 0.76 0.13
9.00 15.73 715.71 15.86 355.15 -0.85 0.04 0.16 0.20 0.78 0.92 0.97
8.00 1.46 34.84 -143.13 -357.49 -0.08 -0.44 0.52 0.85 0.80 0.59 0.51
18.00 89.73 501.03 372.37 -65.11 -0.23 -0.80 -0.62 0.13 0.14 0.65 0.58
9.00 10.68 -274.14 206.89 262.94 -0.11 -0.49 0.48 0.19 0.66 0.87 0.36
10.00 13.70 502.27 255.65 317.17 0.72 0.55 -0.28 0.39 0.94 0.35 0.73
20.00 93.93 -260.35 321.56 61.16 0.29 0.45 0.23 0.70 0.42 0.05 0.03
5.00 2.18 290.07 707.15 -59.53 -0.26 -0.69 -0.47 0.58 0.07 0.18 0.03
7.00 14.29 -327.25 142.53 -453.99 -0.77 -0.61 -0.95 0.17 0.72 0.80 0.29
23.00 117.86 -341.02 -472.41 -281.65 -0.45 -0.54 0.44 0.90 0.64 0.46 0.15
7.00 10.71 330.23 32.21 -229.25 0.51 -0.99 -0.17 0.75 0.41 0.64 0.68
10.00 26.08 -102.99 -499.70 503.40 -0.26 0.43 0.86 0.73 0.97 0.94 0.96
5.00 1.16 -529.48 -266.12 452.71 0.34 -0.18 -0.01 0.15 0.70 0.25 0.32
19.00 14.55 -16.97 -427.20 -26.79 -0.38 0.56 0.24 0.63 0.53 0.32 0.28
5.00 7.66 380.73 213.51 -356.72 0.93 0.16 -0.57 0.53 0.58 0.60 0.53
10.00 12.05 -271.64 264.52 -662.25 -0.87 0.41 0.01 0.61 0.05 0.17 0.10
14.00 39.19 -141.13 -373.37 -111.95 -0.37 -0.91 -0.68 0.33 0.67 1.00 0.83
24.00 185.62 169.91 351.99 -696.65 -0.94 1.00 -0.21 0.36 0.76 0.62 0.86
12.00 4.53 -310.39 602.87 14.18 -0.42 -0.95 0.91 0.31 0.40 0.92 0.26
13.00 12.15 -355.71 145.81 348.73 -0.83 0.18 -0.12 0.96 0.77 0.86 0.13
5.00 2.78 -697.49 269.78 134.52 -0.16 0.61 0.42 0.41 0.77 0.95 0.77
10.00 19.78 203.48 -510.79 -541.45 -0.49 0.86 0.32 0.55 0.62 0.14 0.80
10.00 30.39 449.99 -596.61 27.61 -0.74 -0.57 0.34 0.75 0.86 0.05 0.18
9.00 0.56 252.59 314.36 615.66 0.57 -0.73 0.39 0.27 0.15 0.56 0.27
20.00 127.66 -135.30 18.03 83.10 -0.94 0.11 0.69 0.46 0.26 0.37 0.09
6.00 0.50 177.22 507.05 238.02 -0.04 0.65 -0.93 0.64 0.64 0.55 0.20
18.00 106.33 -506.27 -388.57 -25.13 -0.61 0.35 -0.70 0.84 0.40 0.18 0.57
11.00 29.01 98.46 364.42 28.55 -0.33 0.15 0.48 0.09 0.55 0.31 0.71
23.00 165.68 -77.73 -593.59 1.27 -0.50 -0.42 -0.67 0.04 0.30 0.11 0.90
13.00 29.89 232.04 62.83 346.46 -0.28 -0.87 0.53 0.18 0.15 0.52 0.06
21.00 10.67 -634.69 -241.93 -404.11 -0.03 0.48 -0.28 0.96 0.89 0.89 0.08
8.00 21.86 -589.57 35.51 40.24 0.83 0.62 -0.43 0.01 0.39 0.92 0.76
6.00 6.48 -78.87 475.12 314.24 0.55 0.46 0.99 0.19 0.11 0.55 0.12
8.00 16.23 129.87 -646.66 233.90 -0.12 0.37 0.54 0.83 0.77 0.73 0.15
11.00 14.66 -238.85 -345.84 -227.96 -0.05 -0.13 -0.79 0.59 0.09 0.07 0.92
8.00 13.95 -343.01 52.38 234.03 -0.88 0.92 0.22 0.57 0.31 0.74 0.95
11.00 0.67 -765.09 -16.96 219.97 -0.80 -0.65 -0.17 0.18 0.58 0.09 0.90
15.00 73.48 585.42 104.01 -510.96 0.40 -0.76 0.58 0.30 0.61 0.63 0.75
5.00 6.43 97.50 491.33 -488.08 -0.62 -0.23 0.06 0.62 0.06 0.94 0.51
11.00 17.79 -710.99 -60.42 264.06 0.19 -0.79 -0.14 0.54 0.12 0.95 0.15
5.00 1.06 -115.74 -482.92 -532.45 0.30 0.28 -0.56 0.06 0.65 0.02 0.48
30.00 89.23 -166.66 104.26 -184.96 0.65 0.72 0.65 0.82 0.26 0.07 0.14
13.00 32.52 674.43 -224.80 126.68 -0.10 0.67 -0.78 0.23 0.27 0.08 0.45
13.00 30.22 108.21 -309.29 428.70 -0.79 -0.74 -0.17 0.05 0.97 0.54 0.10
6.00 5.17 -556.01 298.97 -310.27 -0.85 -0.81 0.37 0.53 0.91 0.38 0.64
37.00 110.87 339.68 -329.85 -162.61 0.58 -0.64 -0.13 0.02 0.25 0.93 0.85
39.00 465.11 96.99 18.79 719.27 -0.34 0.76 -0.61 0.25 0.41 0.19 0.54
5.00 3.37 -593.99 -52.70 208.61 -0.92 0.77 -0.75 0.27 0.69 0.42 0.95
5.00 4.12 -113.86 360.36 -354.38 -0.78 -0.92 -0.34 0.86 0.32 0.85 0.09
16.00 42.23 -376.87 -105.15 416.58 0.28 0.48 -0.69 0.83 0.03 0.15 0.57
14.00 67.90 -451.98 -424.54 -469.11 -0.13 -0.57 -0.87 0.12 0.70 0.65 0.76
16.00 20.03 44.97 -47.25 404.15 -0.87 0.40 0.85 0.14 0.13 0.58 0.23
8.00 10.96 214.62 -591.53 -444.32 0.29 0.33 -0.04 0.27 0.66 0.86 0.95
6.00 5.75 -213.71 -35.69 449.22 -1.00 0.34 0.50 0.32 0.91 0.72 0.16
8.00 12.95 -63.95 426.85 456.68 0.03 0.75 0.04 0.28 0.15 0.08 0.44
31.00 28.19 -427.58 305.36 -17.77 -0.81 0.52 -0.55 0.12 0.16 0.41 0.13
5.00 4.19 240.37 -466.05 167.73 0.11 0.72 -0.18 0.64 0.95 0.56 0.24
9.00 21.30 -35.71 123.34 -359.43 -0.20 0.65 -0.09 0.34 0.31 0.23 0.21
25.00 82.42 576.04 -236.73 -383.99 -0.21 -0.01 0.32 0.08 0.02 0.06 0.57
19.00 16.67 -363.65 396.73 -268.69 0.47 -0.90 -0.75 0.62 0.13 0.83 0.28
24.00 197.11 52.04 375.84 26.41 -0.80 0.58 0.29 0.09 0.44 0.96 0.35
11.00 9.43 -234.99 -236.25 533.06 0.95 -0.20 -0.32 0.28 0.45 0.86 0.14
6.00 10.30 -366.29 351.05 355.71 -0.36 0.73 -0.33 0.48 0.92 0.79 0.96
17.00 33.77 8.75 474.34 217.74 -0.73 0.37 -0.89 0.20 0.74 0.55 0.73
9.00 17.97 473.48 -491.35 19.74 -0.51 -0.93 0.72 0.60 0.69 0.02 0.15
13.00 56.72 338.79 378.62 32.57 0.54 0.89 -0.52 0.84 0.33 0.99 0.31
29.00 206.92 10.04 -502.26 -391.15 0.33 0.50 -0.67 0.74 0.11 0.67 0.24
15.00 33.68 129.40 -97.46 -616.50 0.50 0.22 -0.62 0.29 0.74 0.53 0.99
21.00 51.84 438.23 144.50 -215.42 -0.27 0.77 -0.19 0.50 0.50 0.86 0.64
7.00 5.81 -460.86 108.10 608.56 0.47 -0.66 -0.82 0.09 0.26 0.71 0.62
11.00 17.52 592.08 65.91 -527.65 0.83 0.37 -0.69 0.20 0.03 0.01 0.12
16.00 0.75 271.90 -639.84 248.96 0.77 0.68 -0.90 0.00 0.22 0.51 0.94
14.00 47.79 -629.92 127.45 199.14 -0.71 -0.44 -0.06 0.62 0.64 0.49 0.60
22.00 3.06 409.56 -36.50 652.63 -0.28 -0.50 -0.77 0.77 0.68 0.37 0.86
5.00 7.58 550.17 166.12 -68.57 -0.92 -0.14 0.58 0.57 0.33 0.64 0.16
18.00 7.36 133.27 -648.45 -84.03 -0.68 0.11 0.01 0.23 0.30 0.37 0.91
10.00 14.06 -338.43 -76.74 131.58 0.37 -0.79 -0.37 0.48 0.56 0.74 0.56
12.00 37.73 -478.61 -372.57 -517.33 -0.75 -0.90 -1.00 0.81 0.59 0.51 0.25
14.00 41.48 -307.43 485.47 -100.42 -0.56 -0.28 0.20 0.69 0.73 0.47 0.13
7.00 12.14 -3.94 -356.09 -166.98 -0.45 0.50 -0.20 0.06 0.86 0.43 0.63
9.00 23.59 457.74 34.41 509.51 0.74 -0.89 0.04 0.99 0.57 0.38 0.66
6.00 7.24 208.27 519.61 -177.73 0.95 0.92 -0.65 0.45 0.88 0.84 0.86
26.00 108.92 -323.09 -249.60 -510.69 -0.57 -0.13 0.68 0.95 0.47 0.79 0.58
20.00 9.30 -451.03 -494.85 -214.74 0.34 -0.43 0.45 0.33 0.61 0.36 0.56
36.00 16.91 93.82 -482.16 69.04 0.47 0.02 0.96 0.96 0.24 0.15 0.01
12.00 8.12 -258.30 -748.31 14.57 -0.32 0.51 0.07 0.41 0.56 0.02 0.30
10.00 34.05 264.36 -213.96 -76.57 0.38 -0.83 -0.69 0.85 0.18 0.26 0.66
7.00 12.67 -194.93 225.06 430.93 0.66 0.69 0.02 0.70 0.17 0.82 0.04
8.00 18.84 749.65 87.19 170.02 0.89 0.74 -0.63 0.20 0.90 0.81 0.23
6.00 7.32 -259.75 60.44 -483.36 0.54 0.27 -0.80 0.31 0.81 0.15 0.96
24.00 129.39 -409.51 -525.98 132.90 0.37 0.53 -0.33 0.19 0.94 0.46 0.29
22.00 84.76 -32.56 71.48 536.49 -0.89 -0.34 0.45 0.08 0.40 0.85 0.15
10.00 18.98 -358.84 -233.95 339.37 -0.02 0.18 -0.27 0.58 0.60 0.42 0.86
11.00 14.43 351.71 568.73 -430.39 -0.92 -0.59 0.67 0.17 0.58 0.89 0.79
12.00 25.77 -122.20 -333.12 155.11 0.89 0.08 0.92 0.85 0.61 0.66 0.06
16.00 81.47 194.05 668.95 42.89 0.25 -0.34 0.82 0.73 1.00 0.90 0.50
14.00 39.34 -7.92 -182.82 204.05 0.42 0.38 0.39 0.84 0.40 0.58 0.14
10.00 12.55 611.73 -187.70 92.05 0.87 -0.41 0.87 0.00 0.47 0.47 0.68
8.00 13.47 -329.02 529.25 103.75 0.29 -0.44 0.24 0.69 0.23 0.28 0.31
8.00 7.95 213.39 515.12 -240.12 0.56 -0.89 -0.79 0.92 0.47 0.41 0.25
5.00 1.33 -494.05 191.84 331.41 -0.43 0.58 0.15 0.73 0.18 0.33 0.52
10.00 7.87 -443.85 -48.59 321.76 0.68 -0.25 0.09 0.11 0.44 0.50 0.05
6.00 7.46 163.09 190.91 460.78 -0.38 0.48 -0.56 0.51 0.59 0.80 0.36
21.00 151.70 -55.05 -21.96 771.81 0.57 0.41 -0.04 0.05 0.83 0.02 0.21