10.00 301
30.00 1000.00 0.00 0.00 0.00 0.00 0.00 0.00 1.00 1.00 0.30 1.00
1.97 0.36 29.05 -41.29 72.79 0.00 -7.28 -4.13 0.16 0.49 0.69 0.05
2.48 0.02 0.81 46.42 38.39 0.00 -3.84 4.64 0.87 0.23 0.60 0.62
2.96 0.22 20.27 -69.21 15.92 0.00 -1.59 -6.92 0.58 0.13 0.36 0.60
1.35 0.75 -2.10 24.41 -60.70 -0.00 6.07 2.44 0.50 0.20 0.59 0.25
1.20 0.79 -27.37 72.02 34.87 0.00 -3.49 7.20 0.46 0.13 0.67 0.47
2.01 0.62 4.08 22.64 113.48 0.00 -11.35 2.26 0.64 0.22 0.48 0.91
2.95 0.38 18.72 -62.84 23.25 0.00 -2.33 -6.28 0.20 0.43 0.33 0.32
1.65 0.73 26.78 83.06 -43.31 -0.00 4.33 8.31 0.67 0.41 0.46 0.99
1.42 0.42 24.96 9.66 -77.62 -0.00 7.76 0.97 0.18 0.88 0.66 0.39
2.01 0.39 -11.26 -50.78 37.93 0.00 -3.79 -5.08 0.69 0.46 0.23 0.03
2.27 0.11 -0.64 -6.81 62.84 0.00 -6.28 -0.68 0.30 0.09 0.46 0.22
2.02 0.33 -15.91 12.18 97.66 0.00 -9.77 1.22 1.00 0.13 0.93 0.79
1.08 0.26 3.02 -40.45 51.93 0.00 -5.19 -4.05 0.94 0.72 0.35 0.55
1.78 0.73 -17.74 -45.74 -90.67 0.00 9.07 -4.57 0.94 0.35 0.08 0.27
1.95 0.69 28.89 11.02 -94.50 -0.00 9.45 1.10 0.99 0.10 0.52 0.04
1.06 0.74 -3.22 -74.43 -19.42 0.00 1.94 -7.44 0.26 0.76 0.17 0.41
2.87 0.71 -8.11 37.59 -111.96 -0.00 11.20 3.76 0.85 0.20 0.21 0.70
2.88 0.63 -29.79 -87.46 0.96 0.00 -0.10 -8.75 0.78 0.75 0.47 0.99
2.59 0.38 -18.74 -72.75 18.10 0.00 -1.81 -7.27 0.05 0.52 0.58 0.72
1.11 0.04 -29.73 -84.92 13.59 0.00 -1.36 -8.49 0.82 0.11 0.09 0.87
1.25 0.24 -17.79 -110.68 -22.73 0.00 2.27 -11.07 0.70 0.44 0.32 0.71
1.25 0.23 25.80 79.42 56.13 0.00 -5.61 7.94 0.96 0.51 0.14 0.19
1.01 0.55 -28.73 -76.32 -42.51 0.00 4.25 -7.63 0.40 0.35 0.35 0.10
2.98 0.29 20.34 35.84 -76.94 -0.00 7.69 3.58 0.79 0.61 0.73 0.39
2.14 0.85 25.05 -82.02 -41.62 0.00 4.16 -8.20 0.44 0.26 0.13 0.77
2.61 0.83 -0.18 -5.95 -82.02 0.00 8.20 -0.59 0.05 0.47 0.81 0.62
1.53 0.95 -15.37 -52.45 -103.09 0.00 10.31 -5.24 0.17 0.40 0.11 0.88
1.08 0.69 24.62 -27.43 -80.78 0.00 8.08 -2.74 0.48 0.74 0.95 0.44
1.42 0.66 18.68 -35.00 63.75 0.00 -6.38 -3.50 0.46 0.50 0.27 0.77
2.19 0.66 25.74 84.52 57.60 0.00 -5.76 8.45 0.59 0.82 0.64 0.33
2.52 0.24 0.14 69.92 -42.50 -0.00 4.25 6.99 0.37 0.23 0.85 0.30
1.95 0.31 -29.85 37.91 82.54 0.00 -8.25 3.79 0.77 0.50 0.87 0.74
2.24 0.75 0.09 109.28 13.75 0.00 -1.37 10.93 0.19 0.66 0.48 0.93
1.19 0.00 18.13 110.35 -11.32 -0.00 1.13 11.04 0.45 0.93 0.40 0.09
1.03 0.81 27.12 -85.78 49.55 0.00 -4.95 -8.58 0.78 0.37 0.18 0.78
2.43 0.79 -7.97 64.42 14.50 0.00 -1.45 6.44 0.21 0.28 0.77 0.36
1.78 0.01 -2.13 -10.54 -105.80 0.00 10.58 -1.05 0.75 0.29 0.37 0.28
1.52 0.14 3.99 -45.73 85.04 0.00 -8.50 -4.57 0.32 0.59 0.42 0.27
2.76 0.40 -19.14 -31.28 108.67 0.00 -10.87 -3.13 0.47 0.97 0.20 0.91
2.19 0.16 -14.07 -42.58 106.66 0.00 -10.67 -4.26 0.25 0.15 0.09 0.85
2.28 0.08 -28.11 38.45 69.93 0.00 -6.99 3.85 0.86 0.74 0.28 0.35
1.34 0.13 8.86 55.57 25.97 0.00 -2.60 5.56 0.52 0.86 0.76 0.10
1.33 0.68 16.09 -22.22 -96.91 0.00 9.69 -2.22 0.30 0.12 0.50 0.27
1.30 0.63 -0.17 43.70 64.50 0.00 -6.45 4.37 0.36 0.53 0.59 0.94
2.15 0.13 6.38 -74.89 -91.51 0.00 9.15 -7.49 0.45 0.49 0.00 1.00
1.19 0.12 25.00 69.40 -80.16 -0.00 8.02 6.94 0.72 0.85 0.38 0.93
1.01 0.31 -18.12 81.86 19.26 0.00 -1.93 8.19 0.23 0.32 0.90 0.38
1.47 0.96 -25.01 -27.30 69.91 0.00 -6.99 -2.73 0.56 0.36 0.78 0.24
1.31 0.39 24.11 -52.60 69.02 0.00 -6.90 -5.26 0.09 0.29 0.73 0.90
2.57 0.52 6.49 -40.90 112.04 0.00 -11.20 -4.09 0.76 0.95 0.91 0.54
1.58 0.54 22.29 -62.43 -42.62 0.00 4.26 -6.24 0.22 0.58 0.63 0.16
2.45 0.08 -3.00 -57.77 35.52 0.00 -3.55 -5.78 0.38 0.28 0.79 0.10
1.33 0.61 4.04 -7.89 -103.40 0.00 10.34 -0.79 0.20 1.00 0.70 0.39
1.62 0.05 -16.21 -92.08 45.85 0.00 -4.58 -9.21 0.11 0.41 0.09 0.65
1.83 0.20 27.95 51.94 62.07 0.00 -6.21 5.19 0.69 0.86 0.24 0.81
1.71 0.62 -19.43 -73.66 -85.42 0.00 8.54 -7.37 0.49 0.31 0.72 0.66
1.42 0.15 20.52 100.53 -45.32 -0.00 4.53 10.05 0.22 0.80 0.84 0.53
2.29 0.29 -14.34 14.81 113.91 0.00 -11.39 1.48 0.73 0.65 0.72 0.75
1.87 0.79 -5.44 -18.63 -106.78 0.00 10.68 -1.86 0.31 0.59 0.49 0.22
1.86 0.36 -13.22 21.29 69.07 0.00 -6.91 2.13 0.68 0.34 0.19 0.66
2.58 0.72 13.63 -71.05 43.65 0.00 -4.37 -7.11 0.13 0.46 0.03 0.17
1.45 0.73 6.23 27.46 -87.79 -0.00 8.78 2.75 0.11 0.99 0.24 0.28
1.80 0.89 -15.23 -10.21 -103.26 0.00 10.33 -1.02 0.26 0.60 0.56 0.60
2.77 0.21 5.05 47.45 -41.56 -0.00 4.16 4.74 0.88 0.08 0.75 0.11
1.14 0.60 7.63 86.46 -41.70 -0.00 4.17 8.65 0.11 0.27 0.23 0.43
1.67 0.12 -18.13 112.93 2.18 0.00 -0.22 11.29 0.14 0.71 0.60 0.99
2.88 0.89 -14.50 52.50 -38.53 -0.00 3.85 5.25 0.18 0.85 0.37 0.27
2.31 0.05 -27.36 -48.40 -84.43 0.00 8.44 -4.84 0.12 0.05 0.46 0.37
2.78 0.04 18.70 74.61 -65.73 -0.00 6.57 7.46 0.70 0.48 0.89 0.81
1.69 0.64 7.33 -61.63 -101.53 0.00 10.15 -6.16 0.61 0.69 0.76 0.72
2.74 0.94 -3.77 -57.75 -26.25 0.00 2.62 -5.78 0.43 0.73 0.23 0.54
2.89 0.35 4.93 58.20 84.06 0.00 -8.41 5.82 0.46 0.70 0.52 0.02
1.04 0.71 -17.94 -29.99 -78.54 0.00 7.85 -3.00 0.34 0.32 0.11 0.43
1.77 0.00 -10.87 -63.31 -0.23 0.00 0.02 -6.33 0.64 0.64 0.16 0.63
1.32 0.03 28.13 -5.49 -87.62 0.00 8.76 -0.55 0.59 0.62 0.39 0.83
1.58 0.57 -5.26 -27.13 -83.26 0.00 8.33 -2.71 0.54 0.37 0.51 0.65
2.85 0.87 27.38 63.31 73.89 0.00 -7.39 6.33 0.35 0.84 0.01 0.90
1.32 0.99 6.68 -92.86 -67.17 0.00 6.72 -9.29 0.45 0.33 0.68 0.79
1.95 0.54 -13.91 -87.51 -70.60 0.00 7.06 -8.75 0.19 0.30 0.75 0.76
2.69 0.36 -9.27 40.85 -59.18 -0.00 5.92 4.09 0.75 0.83 0.53 0.68
2.82 0.55 -19.35 -30.02 -85.62 0.00 8.56 -3.00 0.77 0.81 0.90 0.81
1.19 0.49 14.85 82.73 21.83 0.00 -2.18 8.27 0.43 0.64 0.04 0.14
1.42 0.03 -17.61 4.81 -97.75 -0.00 9.78 0.48 0.57 0.52 0.36 0.31
1.34 0.99 -23.89 -103.67 -21.32 0.00 2.13 -10.37 0.35 0.55 0.40 0.43
1.61 0.36 4.88 -63.70 -43.14 0.00 4.31 -6.37 0.45 0.96 0.60 0.94
1.48 0.89 20.23 5.26 -111.34 -0.00 11.13 0.53 0.36 0.60 0.24 0.15
2.71 0.12 -25.56 -44.41 86.52 0.00 -8.65 -4.44 0.40 0.06 0.88 0.73
2.23 0.18 -16.08 -10.44 -69.49 0.00 6.95 -1.04 0.75 0.00 0.37 0.84
1.02 0.67 -26.05 23.20 98.17 0.00 -9.82 2.32 0.96 0.16 0.53 0.71
1.52 0.28 -18.08 -61.05 -90.93 0.00 9.09 -6.11 0.77 0.93 0.81 0.53
1.50 0.84 -1.98 -106.18 15.46 0.00 -1.55 -10.62 0.39 0.75 0.95 0.61
2.91 0.56 -20.12 51.71 -75.38 -0.00 7.54 5.17 0.87 0.91 0.85 0.46
1.16 0.40 -26.32 80.25 20.10 0.00 -2.01 8.03 0.07 0.41 0.49 0.06
1.08 0.18 21.36 67.02 32.41 0.00 -3.24 6.70 0.82 0.27 0.02 0.03
2.37 0.75 -4.53 43.54 -76.32 -0.00 7.63 4.35 0.45 0.07 0.06 0.85
2.98 0.35 -13.91 -69.58 30.05 0.00 -3.00 -6.96 0.65 0.83 0.60 0.96
2.32 0.06 8.48 -91.06 9.83 0.00 -0.98 -9.11 0.23 0.56 0.96 0.68
1.49 0.58 25.00 -73.39 63.62 0.00 -6.36 -7.34 0.78 0.28 0.43 0.65
1.79 0.42 -7.77 -22.61 -106.11 0.00 10.61 -2.26 0.97 0.36 0.11 0.35
1.59 0.22 -0.09 36.66 92.42 0.00 -9.24 3.67 0.18 0.92 0.52 0.96
1.54 0.99 -4.45 64.84 21.83 0.00 -2.18 6.48 0.96 0.88 0.64 0.93
2.25 0.59 -11.62 7.76 -106.95 -0.00 10.69 0.78 0.04 0.78 0.13 0.61
1.78 0.65 0.35 -20.25 57.32 0.00 -5.73 -2.02 0.68 0.11 0.82 0.81
2.34 0.73 6.93 -49.67 -100.77 0.00 10.08 -4.97 0.29 0.50 0.74 0.35
2.95 0.21 -0.83 -1.34 114.43 0.00 -11.44 -0.13 0.01 0.93 0.01 0.85
1.92 0.96 -11.95 -86.60 -23.54 0.00 2.35 -8.66 0.63 1.00 0.53 0.37
1.21 0.21 16.04 -32.56 78.66 0.00 -7.87 -3.26 0.43 0.12 0.91 0.97
2.38 0.81 4.32 -90.31 -60.28 0.00 6.03 -9.03 0.37 0.66 0.02 0.09
2.55 0.35 27.52 94.90 -4.77 -0.00 0.48 9.49 0.67 0.38 0.87 0.35
2.24 0.90 -17.27 -70.77 11.72 0.00 -1.17 -7.08 0.23 0.92 0.50 0.57
2.29 0.55 -17.03 -84.90 -75.61 0.00 7.56 -8.49 0.33 0.23 0.40 0.27
1.37 0.13 -18.06 32.91 69.55 0.00 -6.95 3.29 0.17 0.87 0.67 0.19
2.02 0.19 -6.25 -18.98 -68.65 0.00 6.86 -1.90 0.21 0.22 0.57 0.95
2.50 0.86 -22.00 -36.72 -59.14 0.00 5.91 -3.67 0.66 0.05 0.29 0.29
1.10 0.76 -22.28 59.57 49.53 0.00 -4.95 5.96 0.92 0.71 0.27 0.62
1.50 0.93 17.35 17.25 104.39 0.00 -10.44 1.73 0.93 0.50 0.81 0.31
2.32 0.21 -19.48 111.19 8.49 0.00 -0.85 11.12 0.27 0.56 0.38 0.69
2.24 0.40 25.63 79.35 -19.12 -0.00 1.91 7.94 0.88 0.96 0.03 0.02
2.80 0.60 10.70 -9.13 61.31 0.00 -6.13 -0.91 0.39 0.90 0.10 0.18
2.70 0.41 13.43 63.69 -7.39 -0.00 0.74 6.37 0.90 0.53 0.72 0.66
1.65 0.10 13.70 70.34 52.96 0.00 -5.30 7.03 0.77 0.23 0.74 0.88
2.00 0.87 17.46 -61.96 -31.26 0.00 3.13 -6.20 0.32 0.02 0.87 0.42
2.60 0.34 28.06 -79.03 38.17 0.00 -3.82 -7.90 0.96 0.91 0.64 0.32
2.38 0.30 23.62 42.24 -97.10 -0.00 9.71 4.22 0.97 0.59 0.20 0.09
1.50 0.09 0.58 -53.68 -37.10 0.00 3.71 -5.37 0.10 0.03 0.34 0.01
2.14 0.53 0.88 77.28 -58.49 -0.00 5.85 7.73 0.46 0.26 0.05 0.95
1.53 0.76 14.15 -9.88 -63.21 0.00 6.32 -0.99 0.52 0.90 0.77 0.63
2.52 0.42 -11.75 73.23 -56.09 -0.00 5.61 7.32 0.91 0.61 0.05 0.96
1.50 0.02 -13.79 -62.68 -13.39 0.00 1.34 -6.27 0.01 0.47 0.72 0.86
2.73 0.13 6.42 -38.23 100.58 0.00 -10.06 -3.82 0.73 0.33 0.05 0.15
1.77 0.43 -9.48 116.00 -17.29 -0.00 1.73 11.60 0.61 0.30 0.94 0.54
2.28 0.53 -22.74 76.82 -16.78 -0.00 1.68 7.68 0.85 0.19 0.46 0.49
1.46 0.46 13.98 -79.50 74.97 0.00 -7.50 -7.95 0.18 0.11 0.64 0.12
2.52 0.40 -9.52 68.09 67.10 0.00 -6.71 6.81 0.71 0.51 0.21 0.91
2.01 0.12 21.46 108.31 -14.37 -0.00 1.44 10.83 0.29 0.49 0.72 0.11
2.97 0.55 -22.54 -57.31 -41.67 0.00 4.17 -5.73 0.93 0.20 0.48 0.65
2.59 0.03 12.36 79.93 54.85 0.00 -5.48 7.99 0.22 0.38 0.35 0.94
2.92 0.02 -27.19 15.57 77.99 0.00 -7.80 1.56 0.38 0.49 0.64 0.67
1.41 0.17 -17.88 45.58 -76.28 -0.00 7.63 4.56 0.58 0.36 0.63 0.16
2.27 0.69 -17.92 71.90 19.28 0.00 -1.93 7.19 0.77 0.55 0.27 0.22
2.75 0.76 24.67 -29.37 -71.76 0.00 7.18 -2.94 0.25 0.31 0.61 0.71
2.61 0.04 11.03 95.86 -24.04 -0.00 2.40 9.59 0.16 0.28 0.60 0.96
2.40 0.83 -3.51 83.06 -84.45 -0.00 8.45 8.31 0.47 0.92 0.91 0.30
1.82 0.59 -14.98 96.64 16.10 0.00 -1.61 9.66 0.88 0.37 0.96 0.50
2.89 0.87 4.27 -14.74 -113.16 0.00 11.32 -1.47 0.30 0.42 0.71 0.46
1.81 0.16 12.01 -29.64 79.51 0.00 -7.95 -2.96 0.73 0.77 0.41 0.23
1.76 0.53 14.04 -48.53 -51.86 0.00 5.19 -4.85 0.16 0.91 0.64 0.35
2.14 0.93 19.88 -52.06 -67.46 0.00 6.75 -5.21 0.96 0.75 0.04 0.57
1.96 0.93 -21.04 32.89 63.03 0.00 -6.30 3.29 0.37 0.76 0.39 0.23
1.26 0.35 -18.21 -80.34 71.94 0.00 -7.19 -8.03 0.15 0.96 1.00 0.87
2.65 0.85 -29.68 9.06 -87.58 -0.00 8.76 0.91 0.58 0.41 0.95 0.21
1.47 0.76 25.44 -77.30 61.92 0.00 -6.19 -7.73 0.28 0.98 0.80 0.87
2.08 0.83 27.42 -41.42 83.57 0.00 -8.36 -4.14 0.84 0.32 0.34 0.64
1.97 0.88 24.05 29.90 94.04 0.00 -9.40 2.99 0.77 0.84 0.64 0.20
2.06 0.97 -1.69 2.13 62.90 0.00 -6.29 0.21 0.81 0.51 0.11 0.99
2.54 0.37 11.82 -96.17 21.14 0.00 -2.11 -9.62 0.93 0.70 0.28 0.31
2.99 0.37 19.96 102.86 -34.02 -0.00 3.40 10.29 0.86 0.93 0.65 0.05
1.29 0.32 -5.49 -67.37 -17.22 0.00 1.72 -6.74 0.62 0.94 0.90 0.10
1.26 0.82 -26.80 -9.34 -102.17 0.00 10.22 -0.93 0.92 0.28 0.33 0.39
2.80 0.46 -25.52 51.42 -53.65 -0.00 5.36 5.14 0.54 0.90 0.32 0.16
2.19 0.20 11.41 -22.17 58.21 0.00 -5.82 -2.22 0.18 0.01 0.12 0.19
1.75 1.00 12.72 50.56 104.22 0.00 -10.42 5.06 0.83 0.79 0.05 0.28
1.33 0.59 25.81 53.73 -79.10 -0.00 7.91 5.37 0.16 0.75 0.57 0.46
2.38 0.12 9.63 -56.09 26.89 0.00 -2.69 -5.61 0.13 0.28 0.54 0.39
2.13 0.39 -10.25 -62.34 -4.66 0.00 0.47 -6.23 0.57 0.65 0.30 0.03
1.47 0.13 9.45 -29.57 -54.06 0.00 5.41 -2.96 0.01 0.21 0.19 0.83
2.47 0.39 -14.82 -92.26 29.73 0.00 -2.97 -9.23 0.24 0.92 0.66 0.34
1.69 0.07 -8.03 -56.19 24.97 0.00 -2.50 -5.62 0.02 0.22 0.43 0.37
2.72 0.27 -29.82 -56.42 69.30 0.00 -6.93 -5.64 0.90 0.62 0.74 0.54
2.34 0.95 11.63 -106.40 47.65 0.00 -4.77 -10.64 0.33 0.14 0.38 0.12
2.45 0.41 -0.74 69.17 -80.14 -0.00 8.01 6.92 0.47 0.20 0.67 0.47
1.70 0.63 -11.66 55.70 47.68 0.00 -4.77 5.57 0.99 0.02 0.87 0.05
1.50 0.65 -18.17 -59.40 -34.35 0.00 3.44 -5.94 0.29 0.96 0.63 0.44
2.74 0.23 9.79 93.25 24.63 0.00 -2.46 9.32 0.57 0.75 0.81 0.70
1.80 0.02 26.23 -100.57 -7.92 0.00 0.79 -10.06 0.03 0.78 0.97 0.49
1.87 0.57 21.76 70.18 6.51 0.00 -0.65 7.02 0.27 0.03 0.22 0.06
2.37 0.06 -2.92 68.41 -14.56 -0.00 1.46 6.84 0.51 0.20 0.36 0.81
1.81 0.37 -9.01 -28.41 -94.05 0.00 9.41 -2.84 0.63 0.61 0.59 0.62
2.48 0.47 29.02 22.91 -82.42 -0.00 8.24 2.29 0.05 0.79 0.38 0.51
1.07 0.01 18.30 21.22 -82.83 -0.00 8.28 2.12 0.04 0.81 0.87 0.81
2.35 0.76 -15.78 16.08 -67.84 -0.00 6.78 1.61 0.59 0.55 0.53 0.47
2.50 0.82 -13.54 3.10 116.34 0.00 -11.63 0.31 0.52 0.05 0.47 0.07
2.98 0.25 -8.54 -65.39 91.23 0.00 -9.12 -6.54 0.08 0.90 0.75 0.72
2.48 0.34 4.26 52.79 -98.21 -0.00 9.82 5.28 0.24 0.38 0.05 0.06
2.58 0.00 -22.22 -19.36 105.93 0.00 -10.59 -1.94 0.39 0.04 0.32 0.84
1.37 0.81 5.90 112.10 41.02 0.00 -4.10 11.21 0.62 0.54 0.03 0.46
2.33 0.49 2.64 76.52 -78.74 -0.00 7.87 7.65 0.10 0.96 0.62 0.80
1.27 0.17 12.02 65.70 -28.53 -0.00 2.85 6.57 0.16 0.16 0.33 0.76
2.41 0.64 -5.31 -89.13 -75.13 0.00 7.51 -8.91 0.69 0.13 0.21 0.95
1.97 0.58 -3.64 99.91 64.83 0.00 -6.48 9.99 0.65 0.57 0.97 0.17
1.91 0.36 10.31 -11.97 116.37 0.00 -11.64 -1.20 0.30 0.31 0.26 0.31
1.24 0.27 9.08 -52.72 -105.00 0.00 10.50 -5.27 0.59 0.43 0.71 0.97
2.28 0.10 -24.24 84.07 -56.53 -0.00 5.65 8.41 0.61 0.42 0.11 0.55
1.22 0.96 0.06 67.03 -35.97 -0.00 3.60 6.70 0.12 0.97 0.26 0.72
2.73 0.74 0.17 -96.32 -64.55 0.00 6.46 -9.63 0.62 0.68 1.00 0.37
2.42 0.23 5.14 101.85 -25.01 -0.00 2.50 10.19 0.21 0.00 0.83 0.21
1.40 0.24 26.20 -74.24 -73.68 0.00 7.37 -7.42 0.45 0.54 0.55 0.97
1.78 0.22 -12.43 -85.48 33.05 0.00 -3.31 -8.55 0.53 0.12 0.98 0.70
2.06 0.22 2.95 64.96 -46.81 -0.00 4.68 6.50 0.44 0.34 0.79 0.68
2.97 0.59 10.19 71.86 -80.75 -0.00 8.08 7.19 0.83 0.73 0.91 0.76
2.00 0.10 15.71 93.51 -45.18 -0.00 4.52 9.35 0.93 0.60 0.81 0.18
2.98 0.89 18.32 68.50 -66.89 -0.00 6.69 6.85 0.81 0.26 1.00 0.52
2.79 0.11 -5.29 90.26 -22.29 -0.00 2.23 9.03 0.42 0.84 0.62 0.75
2.55 0.85 7.89 23.82 104.30 0.00 -10.43 2.38 0.34 0.10 0.09 0.81
1.96 0.90 -16.77 -34.19 105.02 0.00 -10.50 -3.42 0.02 0.34 0.51 0.76
2.96 0.49 -24.39 -71.19 15.25 0.00 -1.53 -7.12 0.69 0.70 0.81 0.37
1.57 0.20 -21.32 54.13 -83.06 -0.00 8.31 5.41 0.81 0.61 0.69 0.28
1.78 0.15 -25.20 90.03 -6.09 -0.00 0.61 9.00 0.43 0.07 0.96 0.32
1.30 0.60 -8.90 97.11 -19.63 -0.00 1.96 9.71 0.35 1.00 0.65 0.82
2.90 0.32 0.16 -44.06 43.25 0.00 -4.32 -4.41 0.00 0.70 0.49 0.45
2.99 0.72 -7.50 -91.36 -27.25 0.00 2.72 -9.14 0.20 0.23 0.17 0.77
2.55 0.14 -8.50 -63.37 -36.85 0.00 3.68 -6.34 0.01 0.02 0.80 0.96
1.02 0.80 23.00 56.01 48.61 0.00 -4.86 5.60 0.50 0.62 0.42 0.51
1.08 0.66 19.84 -7.46 -102.54 0.00 10.25 -0.75 0.33 0.60 0.01 0.53
1.73 0.76 -24.22 -16.33 88.85 0.00 -8.88 -1.63 0.31 0.49 0.79 0.49
2.77 0.14 -20.33 -111.83 7.13 0.00 -0.71 -11.18 0.45 0.10 0.80 0.70
1.79 0.97 -2.63 47.78 83.97 0.00 -8.40 4.78 0.22 0.98 0.61 0.16
2.27 0.72 8.58 -24.80 99.12 0.00 -9.91 -2.48 0.47 0.66 0.81 0.88
1.99 0.15 -12.78 -47.82 42.63 0.00 -4.26 -4.78 0.35 0.43 0.57 0.82
1.12 0.14 8.86 51.08 -35.08 -0.00 3.51 5.11 0.09 0.73 0.12 0.45
1.12 0.38 -13.90 73.48 29.96 0.00 -3.00 7.35 0.93 0.46 0.27 0.12
1.36 0.46 10.96 6.56 -111.31 -0.00 11.13 0.66 0.91 0.34 0.57 0.22
1.59 0.37 -26.12 8.59 102.75 0.00 -10.27 0.86 0.49 0.90 0.28 0.63
2.10 0.27 18.58 -65.72 -9.78 0.00 0.98 -6.57 0.02 0.90 0.35 0.31
2.33 0.36 -7.58 -81.21 10.98 0.00 -1.10 -8.12 0.18 0.41 0.65 0.09
1.10 0.19 23.81 -65.57 33.60 0.00 -3.36 -6.56 0.53 0.96 0.02 0.57
2.49 0.17 -16.96 64.20 36.58 0.00 -3.66 6.42 0.14 0.27 0.08 0.78
1.36 0.05 21.80 -81.46 74.06 0.00 -7.41 -8.15 0.64 0.69 0.71 0.69
1.81 0.96 2.03 118.87 -8.23 -0.00 0.82 11.89 0.01 0.68 0.47 0.65
2.31 0.94 15.25 -72.85 -3.12 0.00 0.31 -7.29 0.07 0.85 0.70 0.05
2.90 0.04 -9.96 0.61 -118.21 -0.00 11.82 0.06 0.97 0.67 0.91 0.33
2.08 0.01 -1.42 -117.38 -24.78 0.00 2.48 -11.74 0.42 0.27 0.83 0.70
1.03 0.97 -6.53 45.18 -108.48 -0.00 10.85 4.52 0.01 0.07 0.04 0.18
2.10 0.41 -14.79 -101.75 -42.11 0.00 4.21 -10.18 0.83 0.11 0.76 0.24
1.86 0.57 -21.00 -59.25 -67.13 0.00 6.71 -5.92 0.82 0.02 0.86 0.60
1.04 0.31 15.19 111.09 31.35 0.00 -3.14 11.11 0.33 0.34 0.86 0.19
2.82 0.42 -20.02 -80.83 -12.97 0.00 1.30 -8.08 0.75 0.46 0.39 0.68
1.46 0.43 7.22 107.84 43.04 0.00 -4.30 10.78 0.00 0.72 0.93 0.82
1.60 0.13 -11.51 -64.20 98.60 0.00 -9.86 -6.42 0.06 0.83 0.68 0.73
2.51 0.08 7.82 14.14 -116.95 -0.00 11.69 1.41 0.44 0.53 0.44 0.77
1.25 0.39 -15.24 -95.92 20.13 0.00 -2.01 -9.59 0.18 0.56 0.87 0.13
2.80 0.31 8.19 48.58 -101.16 -0.00 10.12 4.86 0.17 0.53 0.62 0.75
2.49 0.30 0.09 96.59 -3.62 -0.00 0.36 9.66 0.69 0.59 0.28 0.27
2.77 0.89 11.45 42.91 -61.61 -0.00 6.16 4.29 0.89 0.19 0.47 0.46
2.75 0.46 -23.96 61.91 -36.74 -0.00 3.67 6.19 0.21 0.16 0.19 0.85
2.75 0.72 -26.62 95.08 -19.95 -0.00 2.00 9.51 0.72 0.29 0.95 0.57
1.89 0.72 17.67 -61.88 -95.83 0.00 9.58 -6.19 0.44 0.74 0.94 0.31
1.70 0.42 20.46 83.76 -71.15 -0.00 7.11 8.38 0.90 0.32 0.59 0.14
1.29 0.40 -7.33 21.46 94.51 0.00 -9.45 2.15 0.76 0.86 0.10 0.40
1.10 0.71 10.92 -54.59 64.99 0.00 -6.50 -5.46 0.04 0.18 0.88 0.67
2.06 0.09 -7.43 106.90 -52.38 -0.00 5.24 10.69 0.08 0.34 0.17 0.19
2.74 0.27 -11.25 46.76 107.30 0.00 -10.73 4.68 0.55 0.27 0.98 0.74
2.15 0.53 1.82 6.31 -71.68 -0.00 7.17 0.63 0.72 0.48 0.57 0.96
2.34 0.53 7.67 -62.55 -29.50 0.00 2.95 -6.26 0.16 0.25 0.44 0.95
1.27 0.79 29.78 -37.37 -77.99 0.00 7.80 -3.74 0.34 0.31 0.63 0.06
2.77 0.67 6.41 7.78 70.55 0.00 -7.06 0.78 0.17 0.31 0.62 0.73
2.53 0.56 5.34 10.83 -78.74 -0.00 7.87 1.08 0.54 0.60 0.54 0.08
2.29 0.87 12.81 17.61 64.11 0.00 -6.41 1.76 0.58 0.93 0.62 0.73
2.99 0.94 -24.37 38.88 -74.23 -0.00 7.42 3.89 0.75 0.78 0.94 0.31
1.85 0.22 8.10 30.63 -59.66 -0.00 5.97 3.06 0.21 0.14 0.76 0.67
1.04 0.72 20.74 -64.30 64.92 0.00 -6.49 -6.43 0.87 0.08 0.76 0.57
2.28 0.87 3.28 0.84 111.02 0.00 -11.10 0.08 0.58 0.55 0.11 0.68
1.56 0.41 -25.19 57.80 -81.16 -0.00 8.12 5.78 0.68 0.55 0.57 0.18
1.06 0.23 21.16 -94.17 20.36 0.00 -2.04 -9.42 0.79 0.70 0.48 0.06
1.58 0.51 9.46 54.55 -78.64 -0.00 7.86 5.45 0.50 0.28 0.62 0.14
1.98 0.33 -4.57 99.43 -63.05 -0.00 6.31 9.94 0.14 0.19 0.36 0.05
2.26 0.16 8.01 64.56 14.39 0.00 -1.44 6.46 0.46 0.41 0.18 0.57
2.04 0.39 -17.51 -56.51 33.40 0.00 -3.34 -5.65 0.58 0.42 0.64 0.84
2.18 0.89 -7.88 80.22 43.45 0.00 -4.35 8.02 0.75 0.16 0.71 0.54
1.31 0.17 -18.82 -15.09 89.81 0.00 -8.98 -1.51 0.24 0.91 0.01 0.69
2.93 0.93 25.19 88.11 8.41 0.00 -0.84 8.81 0.48 0.10 0.36 0.51
2.98 0.87 15.55 65.72 -0.56 -0.00 0.06 6.57 0.64 0.29 0.71 0.37
1.10 0.17 14.48 -53.12 -98.08 0.00 9.81 -5.31 0.69 0.53 0.65 1.00
1.45 0.35 -8.08 -60.88 -66.58 0.00 6.66 -6.09 0.40 0.74 0.18 0.81
2.97 0.37 19.19 -29.53 61.66 0.00 -6.17 -2.95 0.02 0.33 0.56 0.51
1.48 0.95 0.01 -50.59 -48.81 0.00 4.88 -5.06 0.13 0.53 0.21 0.44
1.67 0.33 9.64 101.39 58.58 0.00 -5.86 10.14 0.17 0.18 0.69 0.80
1.81 1.00 6.09 -33.75 -114.47 0.00 11.45 -3.37 0.26 0.70 0.18 0.71
1.38 0.82 1.84 -19.78 -60.76 0.00 6.08 -1.98 0.91 0.33 0.04 0.19
1.83 0.67 7.88 -37.12 60.03 0.00 -6.00 -3.71 0.14 0.17 0.07 0.20
2.26 0.19 -21.83 23.83 65.76 0.00 -6.58 2.38 0.29 0.47 0.66 0.93
1.42 0.76 -22.12 1.24 70.62 0.00 -7.06 0.12 0.20 0.61 0.54 0.11
2.43 0.60 -0.72 -11.47 76.29 0.00 -7.63 -1.15 0.49 0.89 0.59 0.88
1.64 0.86 -15.06 -86.28 65.64 0.00 -6.56 -8.63 0.56 0.93 1.00 0.19
1.82 0.27 -9.80 -14.56 112.40 0.00 -11.24 -1.46 0.17 0.21 0.61 0.94
2.10 0.57 -3.09 -74.96 92.50 0.00 -9.25 -7.50 0.85 0.16 0.69 0.21
1.32 0.00 20.67 -88.60 -57.81 0.00 5.78 -8.86 0.17 0.68 0.65 0.95
1.23 0.95 13.78 -37.69 -109.77 0.00 10.98 -3.77 0.28 0.89 0.87 0.93
2.21 0.86 -7.86 -110.61 42.29 0.00 -4.23 -11.06 0.16 0.16 0.32 0.41
2.26 0.71 -10.33 -88.44 73.66 0.00 -7.37 -8.84 0.61 0.93 0.75 0.88
1.97 0.65 -8.51 0.63 -112.32 -0.00 11.23 0.06 0.35 0.09 0.47 0.96
1.70 0.84 15.91 -89.07 -68.86 0.00 6.89 -8.91 0.92 0.81 0.34 0.00
2.67 0.21 -14.50 -47.60 51.22 0.00 -5.12 -4.76 0.19 0.44 0.15 0.64
2.61 0.93 2.97 48.71 56.66 0.00 -5.67 4.87 0.80 0.28 0.67 0.60
1.33 0.21 10.80 46.60 -95.97 -0.00 9.60 4.66 0.45 0.28 0.39 0.90
1.88 0.63 -2.81 116.28 15.28 0.00 -1.53 11.63 0.80 0.35 0.06 0.57
2.60 0.77 -7.53 40.66 -86.42 -0.00 8.64 4.07 0.40 0.75 0.82 0.45
2.15 0.41 -7.23 -66.04 32.59 0.00 -3.26 -6.60 0.39 0.17 0.95 0.91
2.19 0.65 -2.95 -37.70 68.82 0.00 -6.88 -3.77 0.24 0.31 0.31 0.32
2.67 0.29 17.38 -84.49 34.55 0.00 -3.46 -8.45 0.30 0.25 0.30 0.25