4.35 865
30.00 9.62 -153.82 579.20 -379.46 0.11 0.59 0.89 0.94 0.22 0.35 0.71
5.00 6.79 413.39 -661.12 -145.31 1.00 0.08 0.95 0.76 0.70 0.24 0.98
9.00 22.91 -362.02 -662.03 -92.05 0.32 -0.75 -0.64 0.62 0.25 0.48 0.92
5.00 6.54 571.22 242.08 -111.00 -0.85 0.08 -0.55 0.67 0.12 0.47 0.25
24.00 27.47 228.75 -531.27 458.66 -0.66 1.00 0.04 0.47 0.27 0.70 0.15
8.00 12.77 106.80 61.29 502.59 0.11 0.24 -0.96 0.20 0.18 0.18 0.19
15.00 3.49 -703.88 209.61 78.60 0.35 0.77 -0.82 0.37 0.08 0.44 0.44
11.00 23.09 -35.67 -575.54 436.98 0.68 0.67 0.67 0.19 0.42 0.95 0.30
25.00 54.88 485.39 321.68 420.45 0.18 -0.58 0.93 0.03 0.07 0.66 0.04
7.00 1.51 -159.39 -309.53 -347.98 -0.89 -0.52 0.03 0.40 0.98 0.92 0.97
18.00 39.29 62.87 -285.94 -654.83 -0.88 0.71 -0.88 0.54 0.52 0.63 0.84
25.00 165.80 131.29 -493.90 257.79 -0.20 0.48 -0.89 0.95 0.62 0.44 0.19
9.00 21.34 358.70 533.40 314.49 -0.52 -0.93 -0.52 0.40 0.56 0.97 0.88
8.00 21.53 356.66 -43.19 -47.41 0.34 0.87 0.30 0.90 0.10 0.48 0.07
5.00 6.50 -372.77 625.79 -244.66 0.82 0.10 -0.13 0.97 0.34 0.34 0.88
31.00 64.02 -715.13 200.50 -189.30 0.21 0.53 -0.63 0.65 0.63 0.90 0.57
10.00 18.15 -197.82 306.65 274.07 0.62 0.92 -0.32 0.68 0.64 0.72 0.93
11.00 35.05 27.24 -279.56 453.00 0.61 -0.83 -0.90 0.21 0.89 1.00 0.08
13.00 27.09 285.71 -22.26 -420.49 0.05 -0.91 -0.78 0.06 0.02 0.20 0.24
28.00 42.85 -120.48 77.29 686.95 0.15 -0.74 0.52 0.74 0.31 0.14 0.19
10.00 31.67 171.40 -117.66 635.68 -0.41 0.55 -0.72 0.33 0.01 0.43 0.41
11.00 9.70 -54.59 -636.96 477.04 0.92 0.71 -0.03 0.94 0.50 0.46 0.78
16.00 33.54 -434.47 105.07 133.85 -0.15 0.79 0.94 0.23 0.25 0.31 0.96
12.00 33.83 -228.76 -390.54 186.34 -0.70 -0.77 0.49 0.01 0.07 0.34 0.96
12.00 5.16 -59.50 497.52 454.98 -0.91 -0.31 0.38 0.93 0.47 0.12 0.49
12.00 16.31 230.74 -16.04 624.05 -0.91 0.48 -0.68 0.42 0.33 0.92 0.57
7.00 2.94 665.74 -374.62 -142.77 0.77 0.21 0.66 0.28 0.28 0.60 0.95
28.00 63.36 347.01 25.01 -707.06 -0.09 -0.72 0.80 0.20 0.94 0.76 0.27
19.00 55.69 -326.50 -273.47 -140.21 -0.58 -0.36 -0.64 0.78 0.28 0.89 0.33
9.00 14.54 14.04 763.07 50.45 -0.12 -0.85 -0.38 0.91 0.49 0.61 0.11
6.00 7.34 403.74 -469.09 472.95 -0.80 0.69 -0.00 0.15 0.85 0.34 0.44
35.00 287.04 196.59 -140.08 393.38 0.39 -0.92 0.71 0.04 0.51 0.46 0.07
12.00 44.54 457.59 312.75 557.55 0.24 0.26 0.68 0.35 0.29 0.42 0.34
6.00 3.48 408.25 -353.94 413.57 0.85 -0.78 -0.06 0.69 0.79 0.35 0.26
25.00 2.77 301.51 68.36 277.17 0.92 -0.96 -0.09 0.50 0.69 0.59 0.35
39.00 241.97 246.94 -394.69 -608.48 -0.26 -0.16 -0.66 0.59 0.82 0.98 0.49
11.00 16.12 361.75 278.50 533.41 0.97 -0.93 0.85 0.82 0.52 0.62 0.73
5.00 4.28 410.33 -233.13 367.63 0.93 -0.33 -0.58 0.64 0.18 0.39 0.41
11.00 5.02 545.24 454.89 -47.88 0.27 -1.00 -0.12 0.54 0.10 0.78 0.93
14.00 58.96 -312.97 -275.01 -269.48 0.95 -0.09 -0.52 0.51 0.14 0.48 0.02
15.00 17.81 -212.45 -722.48 155.19 0.23 -0.56 -0.91 0.24 0.14 0.21 0.42
12.00 17.03 453.49 -586.96 -18.03 0.71 0.05 -0.76 0.01 0.98 0.47 0.14
6.00 10.08 -390.84 -102.13 -533.70 0.90 -0.98 0.43 0.32 0.81 0.62 0.92
10.00 6.29 -348.22 705.18 -118.59 -0.97 0.47 0.25 0.62 0.24 0.53 0.92
28.00 48.80 -157.10 583.01 163.39 0.46 -0.61 -0.28 0.38 0.49 0.85 0.88
6.00 9.95 630.67 436.72 15.51 -0.10 0.37 0.51 0.42 0.92 0.51 0.68
17.00 91.12 -23.50 -682.21 -195.20 -0.09 -0.84 -0.98 0.77 0.13 0.27 0.05
18.00 28.74 -514.87 -143.21 -435.77 -0.65 -0.49 0.83 0.77 0.20 0.55 0.29
20.00 40.06 421.31 -417.30 -5.74 -0.22 0.50 0.08 0.90 0.23 0.43 0.72
5.00 2.29 -154.06 6.21 -185.91 0.67 -0.53 -0.75 0.40 0.34 0.03 0.04
10.00 27.83 -358.84 -233.95 339.37 -0.47 -0.90 -0.79 0.24 0.32 0.28 0.68
8.00 12.09 -337.75 -43.44 -381.67 0.70 0.31 -0.58 0.82 0.00 0.61 0.73
10.00 18.16 28.72 -4.41 -412.49 -0.51 0.09 0.72 0.14 0.45 0.49 0.24
30.00 230.14 14.26 -570.59 -391.46 0.10 -0.46 0.00 0.97 0.82 0.44 0.83
7.00 16.37 297.78 -111.00 -361.01 -0.02 -0.81 0.80 0.34 0.04 0.38 0.70
28.00 89.94 -136.34 573.01 -168.25 0.26 0.65 0.56 0.39 0.49 0.62 0.17
26.00 57.82 -21.91 167.39 770.49 -0.64 -0.70 0.53 0.67 0.32 0.57 0.70
8.00 19.49 -245.73 337.47 321.66 0.75 -0.88 0.27 0.46 0.39 0.34 0.64
21.00 7.27 124.45 479.11 429.36 0.74 -0.73 -0.47 0.12 0.05 0.69 0.35
6.00 12.00 188.07 692.81 73.65 -0.07 0.41 -0.23 0.50 0.59 0.59 0.89
5.00 0.77 118.00 -444.06 -280.21 0.22 0.46 0.63 0.78 0.07 0.95 0.59
7.00 10.76 -403.00 -241.17 -254.46 0.64 0.16 0.98 0.58 0.35 0.23 0.20
6.00 11.78 -222.19 -402.49 441.13 0.59 0.96 -0.97 0.09 0.28 0.94 0.50
13.00 5.76 -201.66 -454.07 181.07 0.88 -0.34 -0.99 0.37 0.50 0.94 0.16
12.00 46.30 313.59 -126.79 -660.49 0.18 0.05 0.79 0.72 0.35 0.66 0.19
10.00 12.95 -176.73 290.51 -538.82 0.83 0.95 0.21 0.63 0.86 0.20 0.79
13.00 10.22 158.54 150.74 -156.69 -0.05 0.94 0.05 0.64 0.98 0.97 0.67
7.00 13.70 226.35 -329.99 371.55 -0.95 0.43 -0.35 0.15 0.74 0.35 0.60
14.00 35.52 -329.46 -628.44 16.52 -0.77 0.92 -0.38 0.78 0.82 0.60 0.63
15.00 52.27 61.08 -244.86 -754.09 -0.38 0.48 -0.02 0.47 0.51 0.99 0.88
9.00 18.65 49.90 9.63 -468.79 -0.64 0.03 0.61 0.65 0.33 0.22 0.40
18.00 101.23 145.21 620.11 402.06 -0.33 -0.33 0.58 0.48 0.26 0.04 0.43
9.00 21.49 71.75 -149.16 -36.67 -0.74 0.85 -0.82 0.86 0.26 0.54 0.78
30.00 92.71 -492.52 468.34 -270.22 0.66 0.76 0.20 0.13 0.56 0.38 0.32
39.00 289.06 -262.80 -288.80 587.41 -0.34 0.42 -0.21 0.93 0.88 0.67 0.03
5.00 7.16 -543.39 -118.53 416.08 -0.19 0.93 0.68 0.78 0.99 0.25 0.51
16.00 37.10 690.30 285.76 143.96 -0.19 0.69 0.45 0.81 0.96 0.64 0.81
15.00 32.96 241.58 -453.02 -412.34 0.34 0.42 -0.64 0.10 0.74 0.84 0.73
7.00 14.34 641.77 29.11 -162.93 -0.02 -0.38 -0.26 0.98 0.60 0.73 0.36
6.00 7.08 388.92 175.12 -63.99 0.94 0.07 -0.67 0.70 0.33 0.29 0.04
21.00 13.73 -634.69 -241.93 -404.11 -0.71 0.87 -0.51 0.64 0.51 0.46 0.65
7.00 1.35 -131.60 669.87 -273.31 -0.95 0.72 -0.40 0.43 0.10 0.03 0.80
34.00 357.54 465.78 -380.77 -334.12 -0.28 0.48 -0.47 0.70 0.28 0.05 0.91
8.00 20.10 262.06 -365.39 375.00 -0.21 0.65 0.55 0.49 0.99 0.64 0.08
6.00 7.72 69.68 -324.36 333.65 -0.44 0.27 0.55 0.93 0.19 0.04 0.08
16.00 28.85 -333.44 -132.46 42.51 -0.25 -0.80 -0.30 0.07 0.58 0.02 0.12
7.00 14.98 -603.48 322.77 376.47 -0.49 -0.53 -0.39 0.22 0.72 0.09 0.71
6.00 2.29 255.48 -325.63 -368.41 -0.95 0.35 -0.92 0.74 0.83 0.45 0.40
16.00 11.60 564.72 -309.66 -126.57 -0.38 -0.52 0.48 0.19 0.30 0.36 0.93
8.00 1.83 -523.73 189.18 -499.77 0.92 0.55 -0.19 0.40 0.30 0.05 0.62
12.00 43.21 245.71 -495.94 100.97 0.74 0.37 -0.87 0.79 0.95 0.62 0.12
27.00 31.74 108.08 12.73 478.35 -0.36 -0.27 0.41 0.98 0.50 0.44 0.74
8.00 11.96 275.99 -675.85 -135.69 -0.28 0.57 0.96 0.34 0.70 0.92 0.28
21.00 99.16 225.81 -68.49 -16.98 -0.89 0.42 0.86 0.52 0.51 0.83 0.38
6.00 5.42 77.82 619.08 -50.34 0.45 0.74 0.24 0.58 0.49 0.47 0.71
10.00 22.59 10.68 -545.03 231.02 -0.47 0.43 -0.05 0.62 0.99 0.78 0.11
5.00 0.91 334.61 -441.50 325.46 -0.03 -0.19 -0.69 0.17 0.38 0.78 0.11
10.00 20.03 -515.94 -522.82 98.08 0.31 -0.42 -0.56 0.06 0.72 0.93 0.49
5.00 2.01 102.99 -578.70 58.42 0.64 -0.60 0.45 0.34 0.07 0.14 0.49
13.00 32.91 173.07 568.86 372.42 0.83 0.57 -0.25 0.97 0.21 0.25 0.63
8.00 11.28 -493.22 343.03 -149.57 0.45 0.09 0.79 0.64 0.33 0.59 0.39
8.00 10.46 365.28 -497.66 199.65 0.23 -0.37 -0.99 0.87 0.26 0.69 0.11
7.00 1.64 469.74 183.71 283.94 0.74 0.15 0.42 0.98 0.52 0.93 0.14
21.00 51.90 -29.79 -137.77 534.25 -0.28 -0.33 0.52 0.14 0.50 0.75 0.74
5.00 7.56 -409.55 -193.69 -378.05 0.32 0.90 0.93 0.88 0.86 0.72 0.10
18.00 84.88 -392.15 82.10 -42.82 0.49 -0.57 0.79 0.82 0.97 0.94 0.52
20.00 53.32 -356.02 6.44 72.09 -0.36 -0.85 -0.56 0.66 0.74 0.39 0.57
31.00 206.94 47.11 -67.43 -111.56 -0.06 0.29 0.70 0.47 0.45 0.91 0.52
15.00 71.65 -438.52 -53.08 209.53 0.97 0.14 0.32 0.39 0.91 0.42 0.84
18.00 7.69 620.31 236.36 -277.45 -0.06 -0.95 -0.70 0.60 0.07 0.26 0.46
13.00 2.89 65.99 -200.35 398.01 -0.64 -0.07 -0.62 0.76 0.75 0.21 0.86
12.00 22.10 -28.60 13.50 24.91 0.11 0.82 -0.68 0.37 0.97 0.04 0.33
19.00 69.37 -12.04 119.78 779.65 -0.84 0.17 -0.89 0.97 0.60 0.32 0.05
11.00 5.61 -6.22 418.01 267.16 0.47 0.29 -0.89 0.85 0.12 0.02 0.81
16.00 31.80 0.53 662.90 -178.94 -0.07 0.65 -0.91 0.27 0.07 0.82 0.32
5.00 3.27 163.43 -779.11 19.58 -0.38 0.40 0.09 0.73 0.70 0.21 0.07
17.00 82.32 -294.57 478.95 349.37 -0.04 -0.07 0.95 0.44 0.96 0.29 0.55
5.00 4.16 228.38 217.17 219.07 -0.77 -0.57 0.68 0.08 0.61 0.36 0.32
15.00 20.92 -376.19 671.43 -131.92 0.37 -0.90 -0.66 0.61 0.79 0.31 0.82
5.00 5.57 126.58 -114.54 -243.18 0.85 0.34 -0.23 0.93 0.45 0.97 0.54
12.00 35.05 -113.92 11.01 204.13 -0.01 0.00 0.33 0.95 0.63 0.50 0.63
6.00 6.09 -637.52 77.92 -295.36 0.68 -0.64 -0.84 0.73 0.13 0.83 0.65
8.00 2.50 144.88 -427.83 -341.21 0.29 -0.21 -0.32 0.82 0.69 0.12 0.02
13.00 49.44 -526.45 -262.24 365.33 -0.03 -0.77 0.90 0.16 0.29 0.61 0.78
29.00 232.01 -483.59 -322.63 103.91 0.38 -0.97 -0.21 0.35 0.98 0.25 0.15
10.00 1.70 -661.88 -404.33 96.43 0.11 -0.80 -0.13 0.94 0.53 0.22 0.64
23.00 66.99 -57.90 -747.56 72.71 0.29 -0.77 0.33 0.15 0.36 0.48 0.73
7.00 14.88 176.46 224.74 -331.56 -0.96 -0.47 -0.75 0.24 0.47 0.46 0.19
14.00 9.68 18.37 -354.51 -76.22 -0.34 0.78 -0.04 0.71 0.19 0.79 0.01
25.00 132.09 221.73 -97.79 -599.03 0.90 0.13 -0.38 0.87 0.69 0.22 0.93
6.00 5.09 474.16 511.02 279.14 -0.42 0.79 -0.36 0.50 0.09 0.05 0.85
11.00 7.41 546.42 234.67 -176.72 -0.52 -0.08 -0.76 0.18 0.70 0.58 0.91
16.00 25.62 -179.89 -135.66 -737.77 0.78 0.15 -0.73 0.35 0.45 0.02 0.66
19.00 43.60 -232.71 -153.92 412.23 -0.08 -0.16 0.44 0.15 0.75 0.26 0.92
21.00 56.44 -394.56 4.98 248.10 0.53 -0.92 -0.10 0.85 0.13 0.44 0.87
35.00 178.53 -154.89 -159.06 408.24 -0.45 0.03 -0.80 0.35 0.09 0.95 0.02
8.00 16.99 -11.31 283.11 -641.56 -0.06 0.39 -0.29 0.31 1.00 0.43 0.81
18.00 32.03 267.49 537.96 -58.61 -0.59 0.98 -0.77 0.33 0.75 0.78 0.35
24.00 28.37 37.17 48.23 -765.80 -0.83 0.08 0.94 0.84 0.19 0.92 0.16
9.00 26.37 661.60 177.76 70.15 -0.04 0.01 -0.93 0.92 0.39 0.68 0.81
11.00 5.28 36.04 111.98 675.37 -0.86 -0.25 -0.72 0.03 0.93 0.40 0.29
5.00 4.14 -593.99 -52.70 208.61 0.26 -0.52 -0.22 0.05 0.72 0.28 0.13
5.00 3.12 88.39 -283.47 -450.02 -0.52 0.27 0.01 0.39 0.99 0.01 0.41
21.00 15.21 -22.01 314.89 336.34 0.28 -0.78 -0.99 0.34 0.07 0.98 0.55
5.00 8.37 193.32 98.23 -518.22 0.99 -0.53 -0.58 0.33 0.78 0.34 0.13
9.00 16.86 -214.05 -582.17 -45.05 -0.00 0.39 -0.96 0.18 0.45 0.83 0.04
5.00 0.22 -239.33 177.28 -40.98 -0.50 -0.34 0.23 0.86 0.50 0.98 0.56
12.00 23.59 61.10 561.59 -431.30 0.58 -0.87 -0.67 0.28 0.72 0.29 0.13
24.00 181.50 -564.49 125.40 524.97 0.85 0.37 -0.48 0.52 0.10 0.76 0.90
26.00 182.33 -105.46 287.71 343.55 0.41 0.13 -0.95 0.41 0.99 0.42 0.67
9.00 2.22 71.11 249.67 419.17 -0.17 -0.11 -0.13 0.51 0.21 0.20 0.88
22.00 22.12 428.63 570.51 -105.72 0.83 0.77 0.95 0.30 0.16 0.90 0.65
8.00 0.12 -399.96 -550.59 187.02 -0.93 -0.12 -0.57 0.86 0.75 0.48 0.26
8.00 21.00 -702.51 -32.16 211.88 -0.58 0.34 0.66 0.15 0.76 0.02 0.83
14.00 7.84 227.09 -85.40 386.53 0.00 0.90 -0.32 0.48 0.16 0.97 0.71
5.00 8.19 -450.97 190.35 533.91 0.30 -0.34 -0.77 0.92 0.24 0.45 0.79
5.00 6.98 32.71 276.70 -16.31 -0.64 0.97 -0.21 0.82 0.65 0.51 0.10
15.00 69.10 54.16 -539.69 -574.74 -0.47 0.69 0.28 0.79 0.16 0.69 0.44
11.00 31.25 141.91 535.41 72.76 -0.36 -0.81 0.46 0.58 0.36 0.67 0.69
34.00 89.36 -632.51 235.41 -139.83 0.41 0.98 0.43 0.37 0.52 0.96 0.60
6.00 10.68 55.69 506.01 -17.82 0.65 0.19 -0.77 0.18 0.09 0.68 0.67
11.00 26.30 184.24 44.97 -112.91 -0.58 0.76 0.04 0.67 0.81 0.66 0.20
9.00 5.57 -207.24 -312.71 69.42 0.19 -0.04 -0.97 0.60 0.11 0.53 0.27
7.00 2.06 -93.10 -782.15 -86.35 -0.33 -0.00 0.12 0.49 0.47 0.59 0.44
26.00 11.04 257.98 -518.65 -275.08 -0.54 0.13 0.20 0.96 0.45 0.46 0.79
10.00 12.28 228.45 -425.33 -362.97 0.96 0.19 -0.06 0.35 0.07 0.93 0.24
13.00 10.58 317.83 134.16 -59.67 -0.95 0.74 0.00 0.57 0.87 0.72 0.35
11.00 38.72 479.52 404.47 71.43 -0.12 -0.20 0.04 0.22 0.56 0.57 0.94
8.00 12.75 -268.74 -266.08 -674.83 -0.79 0.48 0.97 0.84 0.27 0.62 0.54
7.00 3.04 155.30 -377.92 -60.70 0.75 -0.36 -0.73 0.50 0.18 0.28 0.94
12.00 28.05 -2.79 -304.31 -485.11 -0.18 -0.65 0.66 0.39 0.67 0.54 0.27
8.00 14.97 106.10 696.63 -63.74 0.08 0.76 -0.59 0.94 0.58 0.72 0.56
5.00 3.61 -126.27 -327.05 128.36 -0.63 0.73 -0.43 0.76 0.04 0.57 0.97
24.00 11.48 317.00 589.49 -419.93 -0.10 -0.96 0.83 0.43 0.95 0.41 0.47
7.00 10.24 404.92 156.76 -375.98 -0.27 -0.44 -0.47 0.29 0.72 0.01 0.13
9.00 8.91 -9.30 -729.02 -156.70 0.21 -0.21 0.41 0.40 0.68 0.92 0.49
18.00 31.25 -401.73 -577.81 -29.96 0.20 -0.91 0.41 0.85 0.51 0.47 0.66
17.00 55.74 102.17 131.90 511.71 -0.65 0.86 -0.72 0.37 0.05 0.63 0.84
16.00 62.29 -588.35 -330.72 1.09 0.16 -0.53 -0.91 0.82 0.98 0.55 0.83
15.00 37.38 -365.53 -101.89 327.93 -0.60 -0.03 -0.15 0.67 0.69 0.86 0.41
11.00 37.92 293.06 283.83 240.36 -0.46 0.38 -0.57 0.62 0.71 0.76 0.47
17.00 16.51 -272.21 -64.28 183.33 0.34 -0.59 -0.92 0.85 0.71 0.89 0.31
8.00 11.11 169.55 17.52 311.90 -0.38 -0.83 -0.97 0.43 0.46 0.89 0.07
12.00 21.09 294.69 -166.43 400.74 0.54 -0.94 0.38 0.29 0.69 0.64 0.50
18.00 55.46 462.07 107.01 -464.30 0.10 0.22 -0.33 0.76 0.92 0.85 0.95
8.00 7.36 417.28 487.08 295.38 0.35 0.62 0.50 0.05 0.10 0.97 0.82
7.00 9.25 -202.11 193.11 -576.29 -0.11 0.81 0.23 0.66 0.96 0.63 0.78
11.00 7.55 -491.41 -368.16 300.38 0.65 -0.29 -0.29 0.14 0.46 0.43 0.15
8.00 4.70 457.68 -226.09 501.39 -0.66 0.35 0.80 0.98 0.99 0.53 0.64
6.00 9.05 458.12 -43.60 373.87 0.44 0.65 -0.26 0.69 0.07 0.87 0.61
8.00 18.42 487.43 -131.42 -243.11 0.35 -0.56 0.43 0.18 0.38 0.25 0.42
23.00 164.25 -563.17 239.65 -238.12 -0.33 0.08 0.11 0.23 0.31 0.67 0.59
24.00 88.86 21.99 -572.40 298.73 -0.84 -0.46 0.53 0.92 0.70 0.43 0.58
8.00 5.27 142.46 708.82 231.60 0.82 0.14 0.66 0.34 0.18 0.95 0.90
9.00 5.96 -594.89 353.31 -280.00 0.51 0.28 -0.88 0.17 0.24 0.82 0.42
12.00 24.80 211.06 435.29 209.60 -0.08 0.90 0.77 0.82 0.25 0.66 0.58
12.00 8.23 341.91 -148.10 506.34 0.33 0.85 -0.14 0.84 0.74 0.73 0.55
22.00 56.32 -232.88 755.65 90.02 0.44 -0.83 -0.47 0.88 0.44 0.29 0.43
17.00 79.94 -131.08 -63.24 -503.06 0.89 0.93 -0.24 0.24 0.23 0.11 0.90
20.00 18.23 -169.03 212.01 -465.83 -0.40 0.00 -0.27 0.72 0.57 0.90 0.62
15.00 46.99 348.96 149.19 -491.68 -0.43 -0.24 0.18 0.05 0.96 0.81 0.57
8.00 6.51 -13.95 397.42 71.86 -0.18 -0.35 -0.22 0.40 0.62 0.07 0.18
8.00 4.14 521.48 378.15 -306.99 0.68 0.92 -0.60 0.58 0.49 0.43 0.49
14.00 30.14 199.86 727.57 183.71 -0.63 0.08 -0.09 0.98 0.94 0.08 0.44
16.00 76.32 174.79 639.45 -89.19 -0.53 0.43 0.56 0.24 0.75 0.80 0.92
30.00 139.62 -588.30 -94.28 455.85 -0.59 -0.07 0.68 0.78 0.55 0.50 0.68
12.00 28.21 26.24 -12.84 -484.59 0.90 0.03 0.98 0.44 0.62 0.72 0.15
8.00 19.80 -292.42 -40.08 -10.62 -0.44 0.40 -0.90 0.45 0.29 0.94 0.01
7.00 12.40 779.81 -130.50 -82.30 0.37 0.94 0.04 0.44 0.16 0.97 0.00
29.00 39.25 201.04 -10.17 460.55 0.09 -0.20 0.02 0.76 0.25 0.40 0.72
18.00 49.30 -65.11 762.51 184.30 -0.85 0.39 -0.69 0.88 0.05 0.81 0.93
9.00 9.71 -536.10 468.74 -142.93 -0.45 0.18 -0.03 0.91 0.35 0.26 0.51
31.00 312.25 291.48 -296.76 -417.47 0.26 0.00 0.67 0.31 0.28 0.59 0.56
22.00 124.33 3.99 350.03 232.10 0.90 0.81 -0.25 0.44 0.92 0.28 0.79
20.00 113.21 8.29 -71.33 703.77 0.36 0.78 0.11 0.81 0.19 0.14 0.18
11.00 15.51 -212.59 232.41 305.23 0.65 -0.72 -0.22 0.64 0.06 0.20 0.86
13.00 53.81 -306.68 274.66 649.44 -0.07 -0.35 0.41 0.15 0.60 0.76 0.57
7.00 6.70 -73.60 -146.49 81.61 -0.88 -0.60 0.64 0.92 0.38 0.54 0.97
15.00 75.99 209.36 -570.90 -360.07 -0.21 -0.66 -0.50 0.55 0.01 0.87 0.01
14.00 66.60 -101.16 -212.52 -273.17 -0.16 0.45 0.38 0.30 0.43 0.15 0.75
5.00 5.49 -213.82 313.60 -92.73 0.68 0.11 -0.83 0.37 0.46 0.81 0.38
13.00 0.71 315.31 -233.21 3.18 0.33 -0.57 0.48 0.66 0.71 0.30 0.34
6.00 7.89 -271.38 379.31 -194.88 0.83 0.94 0.52 0.55 0.32 0.95 0.46
23.00 107.99 -339.27 196.17 -437.53 -0.37 0.92 -0.78 0.10 0.49 0.06 0.83
16.00 74.59 298.32 -436.93 -581.52 0.49 -0.55 -0.58 0.48 0.05 0.38 0.34
18.00 95.70 438.24 116.01 -352.92 0.06 -0.24 -0.38 0.78 0.55 0.96 0.54
9.00 3.70 276.54 -274.46 -266.60 -0.20 0.52 -0.31 0.42 0.21 0.83 0.78
20.00 102.19 530.74 -55.35 -331.82 0.56 -0.75 0.81 0.17 0.62 0.60 0.06
6.00 7.37 -678.55 23.16 -43.52 -0.14 0.26 -0.58 0.39 0.14 0.62 0.49
8.00 2.59 -98.55 -300.20 215.63 -0.67 0.72 -0.31 0.43 0.54 0.81 0.77
33.00 6.52 150.32 -560.99 136.10 -0.51 0.50 -0.28 0.77 0.35 0.14 0.16
7.00 6.93 -133.84 -481.96 209.92 -0.10 0.60 -0.72 0.61 0.20 0.89 0.12
16.00 18.61 234.75 -596.69 -283.81 0.73 0.90 -0.31 0.68 0.55 0.14 0.72
21.00 105.60 -310.81 -163.66 -607.51 -0.83 -0.72 0.23 0.50 0.35 0.63 0.14
9.00 26.46 284.15 -69.33 -333.36 -0.78 -0.78 -0.47 0.27 0.94 0.28 0.75
6.00 6.24 270.85 313.75 645.24 0.37 0.75 -0.90 0.07 0.15 0.42 0.86
8.00 13.72 -366.96 113.31 250.50 -0.98 0.52 -0.67 0.14 0.70 0.83 0.49
11.00 39.77 -310.51 -227.43 316.51 0.11 -0.18 -0.52 0.05 0.04 0.24 0.15
11.00 19.84 -533.85 332.43 271.55 0.07 -0.39 0.96 0.77 0.87 0.24 0.54
15.00 5.66 -662.20 -277.09 -158.19 -0.33 -0.03 0.46 0.08 0.31 0.30 0.92
14.00 33.65 355.04 58.74 -119.75 -0.99 -0.38 0.14 0.29 0.99 0.74 0.70
26.00 209.83 70.06 25.28 -174.29 -0.16 0.07 -1.00 0.37 0.79 0.80 0.51
9.00 23.13 -758.88 140.65 -187.94 0.02 0.40 -0.87 0.15 0.08 0.48 0.85
38.00 467.51 685.48 181.64 -55.86 -0.40 -0.75 0.74 0.77 0.86 0.83 0.19
7.00 6.43 -501.79 -108.60 275.91 0.51 -0.10 0.47 0.89 0.04 0.48 0.52
31.00 102.46 -622.12 -372.81 227.47 -0.70 0.21 -0.03 0.90 0.64 0.94 0.79
7.00 1.75 -191.98 -468.89 227.02 0.19 -0.10 0.80 0.34 1.00 0.61 0.06
10.00 33.12 227.76 -686.29 143.19 0.51 -0.16 0.74 0.70 0.50 0.25 0.76
13.00 47.47 -30.80 718.65 -305.64 0.12 0.20 0.45 0.07 0.51 0.95 0.54
20.00 10.74 734.82 292.43 -72.21 0.84 0.11 -0.70 0.47 0.77 0.60 0.73
19.00 69.89 -180.50 32.55 470.97 0.43 -0.28 -0.57 0.16 0.26 0.59 0.45
5.00 4.63 331.01 -131.42 -61.65 0.51 -0.39 0.84 0.76 0.37 0.21 0.44
7.00 0.31 402.91 454.74 7.12 0.86 0.25 -0.80 0.96 0.88 0.48 0.09
7.00 5.55 -474.64 -431.83 -287.84 0.49 -0.53 0.63 0.93 0.73 0.68 0.77
27.00 89.58 115.88 655.96 -429.67 -0.65 0.36 -0.76 0.15 0.17 0.71 0.66
19.00 58.89 496.49 -339.03 263.81 0.31 -0.83 0.35 0.01 0.38 0.27 0.22
5.00 8.02 -187.48 -219.29 -226.11 0.70 -0.33 -0.66 0.10 0.61 0.67 0.71
8.00 13.05 -639.43 245.16 -211.55 -0.93 -0.22 0.24 0.25 0.05 0.63 0.75
13.00 46.77 283.84 -222.56 456.13 -0.73 -0.50 -0.40 0.45 0.10 0.22 0.85
6.00 12.18 24.32 -451.36 -403.26 -0.91 0.35 0.88 0.84 0.75 0.07 0.55
27.00 138.12 -359.99 -33.06 -696.81 0.97 -0.52 0.39 0.35 0.73 0.35 0.08
15.00 30.16 383.39 615.27 167.30 -0.58 0.33 -0.71 0.11 0.91 0.41 0.20
28.00 86.57 -665.45 -90.91 78.14 -0.45 0.20 0.06 0.34 0.03 0.73 0.02
7.00 5.85 17.99 285.16 -481.52 -0.88 -0.69 -0.72 0.41 0.39 0.25 0.60
10.00 33.82 -149.70 -379.95 -545.15 0.05 -0.38 -0.55 0.76 0.75 0.26 0.56
5.00 1.18 -126.60 -271.44 -514.28 0.31 0.28 0.68 0.53 0.92 0.93 0.71
15.00 19.72 694.80 166.33 37.78 0.46 0.82 -0.79 0.39 0.44 0.54 0.55
9.00 14.08 355.46 -299.63 -315.27 0.26 0.20 -0.07 0.69 0.81 0.02 0.45
14.00 5.07 -396.63 378.71 69.36 -0.82 -0.21 -0.76 0.69 0.30 0.62 0.45
24.00 50.80 -357.33 -374.88 -356.55 0.40 -1.00 -0.11 0.55 0.09 0.33 0.80
12.00 19.33 290.32 -182.85 -353.87 -0.68 -0.84 0.70 0.74 0.93 0.59 0.49
13.00 35.61 -287.10 404.28 353.83 -0.27 -0.75 0.74 0.49 0.42 1.00 0.57
9.00 4.65 -747.55 -201.70 131.87 0.89 0.81 -0.90 0.58 0.02 0.20 0.77
9.00 5.34 278.76 465.64 97.98 0.38 -0.20 0.44 0.57 0.31 0.62 0.83
18.00 96.62 506.17 17.48 350.97 -0.07 0.01 -0.46 0.31 0.91 1.00 0.67
8.00 5.23 -361.65 -407.03 551.88 -0.86 -0.08 -0.86 0.97 0.96 0.08 0.98
15.00 61.86 335.70 -550.45 420.04 0.19 0.24 0.25 0.29 0.22 0.42 0.94
9.00 19.36 399.83 194.05 192.68 -0.74 -0.94 -0.06 0.27 0.70 0.88 0.23
7.00 11.32 -204.55 -90.47 -359.28 0.83 0.64 0.36 0.70 0.28 0.50 0.61
16.00 61.47 355.76 294.98 -227.19 0.46 -0.85 -0.32 0.65 0.89 0.62 0.33
9.00 15.45 104.50 113.96 633.99 0.37 -0.21 0.40 0.08 0.21 0.04 0.01
18.00 6.50 432.02 111.14 202.72 -0.83 0.89 0.86 0.17 0.28 0.68 0.05
13.00 4.32 361.04 144.78 -126.58 0.07 -0.48 0.61 0.46 0.26 0.68 0.93
7.00 3.66 607.56 -242.80 17.89 -0.87 0.06 -0.93 0.96 0.36 0.12 0.28
7.00 15.72 -63.31 342.05 -80.86 0.29 0.55 -0.60 0.52 0.69 0.15 0.26
26.00 146.39 -142.50 353.14 -173.22 -0.86 -0.95 0.72 0.40 0.12 0.54 0.76
8.00 2.18 529.90 -161.55 -161.39 -0.17 0.78 -0.69 0.31 0.88 0.31 0.34
6.00 3.35 456.41 -15.07 372.80 -0.42 0.05 0.80 0.51 0.60 0.46 0.34
27.00 97.23 190.28 -46.26 136.56 0.43 -0.39 0.75 0.73 0.29 0.84 0.75
10.00 10.40 12.12 103.80 -489.26 -0.16 -0.18 0.64 0.44 0.64 0.57 0.67
16.00 5.66 -252.85 -399.50 545.49 0.34 0.50 0.32 0.42 0.43 0.40 0.07
15.00 42.07 318.69 162.61 -564.36 0.29 0.02 -0.80 0.17 0.08 0.55 0.49
10.00 5.00 39.43 -121.75 -48.81 0.37 -0.14 -0.53 0.96 0.43 0.18 0.53
19.00 65.46 -36.88 646.21 84.60 -0.48 0.06 0.33 0.74 0.46 0.43 0.12
19.00 104.56 35.00 523.81 -316.59 0.21 -0.78 0.62 0.33 0.51 0.38 0.92
10.00 2.81 -686.61 -12.04 243.92 -0.12 -0.99 -0.16 0.03 0.56 0.83 0.91
16.00 86.45 -415.54 -64.12 413.57 -0.20 -0.66 -0.23 0.97 0.64 0.10 0.80
14.00 59.72 181.16 397.44 268.22 -0.61 -0.77 0.46 0.37 0.83 0.60 0.43
13.00 11.32 327.14 -420.33 431.20 0.50 -0.68 -0.77 0.23 0.76 0.34 0.76
6.00 11.64 22.90 -40.92 -621.99 -0.08 0.60 0.35 0.72 0.30 0.44 0.93
6.00 4.13 -315.40 -216.06 -539.51 0.40 -0.81 -0.76 0.47 0.22 0.85 0.99
6.00 11.99 -722.63 -87.08 -120.92 -0.91 -0.32 0.62 0.51 0.60 0.58 0.63
13.00 17.49 -93.93 -38.92 503.75 0.92 -0.31 -0.31 0.47 0.67 0.54 0.46
8.00 17.18 -646.82 -148.71 -142.11 0.37 -0.69 0.50 0.29 0.66 0.21 0.27
26.00 164.17 -250.75 -561.77 198.20 -0.31 0.10 0.70 0.78 0.81 0.27 0.85
16.00 52.31 -443.08 -444.71 -361.90 -0.20 0.88 0.76 0.53 0.40 0.12 0.05
12.00 37.94 571.38 -455.51 250.25 0.49 -0.45 -0.69 0.07 0.37 0.11 0.25
6.00 6.69 -273.91 -312.77 197.49 0.54 0.36 0.50 0.49 0.14 0.29 0.63
9.00 21.25 -315.86 18.98 -666.13 -0.26 -0.88 0.28 0.09 0.85 0.94 0.84
30.00 229.43 5.60 49.03 150.39 -0.15 -0.97 -0.45 0.05 0.71 1.00 0.60
10.00 3.97 -343.45 230.75 3.61 -0.85 0.77 0.97 0.30 0.33 0.26 0.26
10.00 21.69 5.70 -228.68 -609.55 0.65 0.64 0.97 0.25 0.79 0.31 0.17
8.00 17.88 -269.64 698.80 -39.29 0.63 -0.08 -0.85 0.58 0.71 0.39 0.86
8.00 11.81 -438.76 -18.22 -641.71 -0.57 -0.30 -0.46 0.32 0.01 0.63 0.23
6.00 7.51 -612.04 -394.62 -93.08 0.93 0.37 -0.37 0.12 0.23 0.42 0.71
9.00 5.62 338.12 92.54 -313.95 0.40 -0.89 0.88 0.02 0.36 0.16 0.10
6.00 4.69 71.53 -88.69 -373.80 -0.60 -0.24 -0.41 0.11 0.41 0.97 0.97
16.00 46.62 19.36 164.25 -126.18 -0.74 0.34 -0.67 0.15 0.61 0.76 0.48
18.00 48.01 -256.80 -123.50 617.28 -0.56 -0.94 0.56 0.09 0.34 0.57 0.26
20.00 57.13 251.44 -678.30 -99.14 0.61 -0.72 -0.20 0.62 0.09 0.92 0.46
38.00 295.81 68.18 647.43 56.47 -0.78 -0.63 0.48 0.17 0.26 0.74 0.08
12.00 2.00 -524.06 -378.91 379.63 0.47 -0.98 0.67 0.37 0.64 0.35 0.72
7.00 2.82 396.93 158.48 231.76 -0.67 0.32 0.93 0.39 0.49 0.90 0.26
18.00 81.42 248.23 -460.28 96.59 0.28 0.16 0.68 0.71 0.19 0.22 0.14
11.00 12.51 160.20 249.92 -602.69 0.33 -0.24 -0.82 0.61 0.48 0.29 0.55
12.00 39.09 -442.96 -650.96 123.82 0.41 -0.18 -0.07 0.11 0.57 0.53 0.50
11.00 15.11 618.24 -487.99 -29.53 -0.90 0.52 0.55 0.73 0.96 0.16 0.08
5.00 8.24 -575.36 -301.70 249.15 0.68 0.11 0.59 0.03 0.47 0.22 0.63
15.00 74.49 -136.12 440.07 -349.84 -0.72 -0.49 0.02 0.78 0.62 0.95 0.70
15.00 44.79 -181.56 -544.51 -152.28 0.90 -0.39 0.58 0.60 0.79 0.24 0.25
24.00 144.39 -334.85 -83.51 -62.80 -0.44 -0.75 -0.65 0.93 0.61 0.56 0.78
15.00 6.06 171.43 -335.45 -647.87 0.03 0.98 0.06 0.23 0.41 0.15 0.84
14.00 29.51 -172.79 98.75 -136.98 0.32 0.64 0.14 0.18 0.55 0.75 0.38
20.00 28.70 -2.67 558.36 -9.91 -0.46 0.64 -0.09 0.28 0.47 0.92 0.82
16.00 72.03 712.42 -239.39 140.00 0.21 0.64 0.75 0.80 0.98 0.95 0.31
9.00 7.76 -36.80 352.13 340.82 0.23 -0.41 -0.90 0.53 0.60 0.61 0.08
17.00 39.99 -188.86 -766.12 75.36 -0.98 -0.89 -0.60 0.94 0.18 0.53 0.46
28.00 160.21 -50.05 164.97 504.11 -0.99 0.66 0.33 0.32 0.95 0.61 0.13
7.00 7.68 -130.79 676.01 256.29 -0.18 0.36 0.86 0.04 0.73 0.15 0.42
6.00 5.62 -549.33 -216.45 -207.03 0.80 -0.32 0.90 0.93 0.90 0.89 0.91
10.00 29.87 -25.21 -707.70 -98.75 -0.85 0.99 -0.64 0.14 0.81 0.30 1.00
26.00 47.63 -138.88 -32.19 215.13 -0.61 -0.74 -0.02 0.50 0.67 0.72 0.47
12.00 31.90 -345.80 -570.72 -340.35 0.62 -0.49 0.22 0.31 0.22 0.60 0.46
7.00 5.92 533.82 -110.21 -524.81 -0.05 0.41 0.51 0.54 0.26 0.57 0.60
7.00 4.43 488.63 36.10 313.83 -0.68 0.03 -0.64 0.66 0.25 0.00 0.94
5.00 7.41 -255.20 -398.89 -568.29 -0.86 0.33 -0.51 0.38 0.02 0.18 0.56
14.00 44.89 427.01 2.07 -437.87 -0.84 0.87 -0.48 0.24 0.85 0.83 0.87
39.00 339.81 -65.82 -346.96 -390.29 0.28 -0.95 -0.84 0.63 0.71 0.85 0.32
10.00 22.35 -123.99 -197.44 181.02 0.92 -0.85 -0.39 0.64 0.46 0.30 0.88
24.00 164.12 -117.74 -161.86 -485.95 0.31 -0.02 0.83 0.77 0.50 0.57 0.90
27.00 239.81 -255.20 593.55 66.80 -0.58 -0.34 0.86 0.98 0.16 0.81 0.40
24.00 101.45 -582.05 511.05 -35.99 0.76 -0.57 0.46 0.19 0.28 0.32 0.23
30.00 72.19 -620.67 -299.58 205.43 0.33 0.50 -0.87 0.84 0.10 0.12 0.91
25.00 122.07 257.82 -689.80 -294.43 0.09 0.64 0.79 0.75 0.62 0.74 0.80
29.00 230.29 219.14 394.59 -54.11 0.98 -0.67 -0.97 0.85 0.96 0.08 1.00
6.00 10.93 -255.89 -36.82 573.63 0.84 -0.90 -0.42 0.79 0.68 0.93 1.00
8.00 14.46 -462.07 129.04 -301.22 0.78 -0.80 -0.51 0.96 0.58 0.14 0.63
17.00 17.07 -566.26 232.66 -26.17 -0.15 -0.61 -0.91 0.20 0.71 0.74 0.73
16.00 15.12 -7.47 204.41 349.23 -0.11 0.24 -0.52 0.57 0.68 0.20 0.07
15.00 46.65 500.91 -16.25 -321.57 0.82 -0.03 -0.66 0.98 0.25 0.39 0.09
16.00 59.33 678.31 58.64 -169.84 0.98 0.62 0.12 0.78 0.42 0.92 0.11
8.00 18.72 -354.84 54.30 190.56 -0.03 0.20 0.21 0.75 0.59 0.16 0.09
14.00 16.82 483.94 165.93 234.37 0.49 -0.71 -0.55 0.40 0.07 0.78 0.48
15.00 33.29 -99.95 147.12 -354.99 0.21 -0.65 -0.79 0.70 0.93 0.96 0.62
6.00 1.71 -576.01 -10.90 328.42 0.44 0.40 -0.67 0.15 0.59 0.63 0.67
10.00 20.16 -29.57 -102.73 -77.38 0.10 -0.72 0.20 0.63 0.21 0.02 1.00
8.00 18.72 363.95 78.71 80.63 -0.85 0.86 0.72 0.52 0.51 0.59 0.53
39.00 510.34 -104.61 83.24 -76.15 -0.32 -0.27 0.26 0.54 0.49 0.47 0.42
16.00 42.16 186.23 -380.62 426.37 0.29 0.07 0.35 0.39 0.89 0.65 0.78
11.00 36.89 -472.66 -453.84 424.47 -0.32 0.88 0.93 0.51 0.55 0.27 0.44
11.00 19.65 483.41 -88.89 -115.68 0.60 -0.71 -0.66 0.94 0.73 0.76 0.66
7.00 3.29 91.60 432.90 205.23 -0.77 -0.48 0.74 0.14 0.49 0.56 0.94
11.00 11.04 65.12 216.18 -218.45 -0.28 0.69 -0.85 1.00 0.66 0.88 0.49
7.00 8.74 162.99 -487.05 -259.73 -0.44 0.39 -0.37 0.42 0.04 0.88 0.89
33.00 189.43 -207.02 -430.47 -545.89 0.32 0.31 0.47 0.12 0.72 0.90 0.87
7.00 12.25 174.18 -679.90 74.77 0.35 0.97 -0.31 0.87 0.79 0.06 0.85
9.00 23.35 -37.98 704.00 -328.22 0.41 -0.64 -0.69 0.80 0.43 0.01 0.95
13.00 20.38 -46.28 185.88 -738.09 0.83 0.09 0.06 0.96 0.29 0.80 0.28
9.00 18.79 -106.16 427.28 -250.66 -0.21 -0.96 -0.21 0.85 0.19 0.96 0.61
7.00 6.09 -302.83 -407.37 -296.73 -0.73 0.31 0.54 0.72 0.14 0.25 0.46
19.00 89.62 -221.62 -515.84 -415.50 -0.41 -0.95 -0.22 0.29 0.12 0.49 0.84
11.00 38.04 -32.79 -610.44 473.41 0.19 0.58 0.30 0.35 0.47 0.99 0.24
14.00 36.87 -629.92 127.45 199.14 0.91 -0.51 -0.46 0.58 0.77 0.57 0.37
8.00 18.31 210.71 646.74 -320.20 -0.89 0.28 -0.81 0.39 0.70 0.71 0.05
10.00 33.17 -29.90 712.34 359.35 0.12 -0.85 -0.76 0.83 0.59 0.33 0.46
13.00 45.22 -163.56 148.85 231.12 0.60 0.75 0.37 0.94 0.08 0.04 0.67
9.00 15.23 414.66 -168.91 423.26 -0.50 -0.42 -0.51 0.75 0.65 0.95 0.45
36.00 274.11 2.16 -307.77 276.60 -0.02 0.35 0.05 0.81 0.13 0.08 0.98
15.00 6.31 293.41 80.54 727.13 -0.76 0.28 0.39 0.51 0.75 0.76 0.59
8.00 6.80 688.50 310.33 -172.98 -0.10 0.01 0.98 0.38 0.78 0.08 0.08
15.00 57.71 -426.77 -135.49 19.88 -0.92 -0.48 -0.51 0.98 0.30 0.56 0.07
5.00 7.23 -242.66 283.64 -481.50 -0.26 0.88 0.90 0.45 0.27 0.43 0.24
34.00 333.45 -2.55 715.40 311.04 -0.01 -0.69 -0.59 0.46 0.36 0.57 0.75
5.00 4.28 484.06 -125.98 -12.42 0.51 0.59 -0.38 0.65 0.99 0.38 0.50
15.00 37.39 570.15 -50.44 -460.43 0.73 -0.41 -0.15 0.68 0.69 0.47 0.66
6.00 5.70 -272.53 175.49 176.62 -0.17 -1.00 0.93 0.07 0.83 0.56 0.09
15.00 70.65 -543.34 -148.02 60.66 -0.76 -0.43 -0.88 0.75 0.15 0.22 0.31
6.00 9.13 -514.13 -399.67 -370.79 -0.36 0.56 0.24 0.93 0.72 0.17 0.53
6.00 3.61 228.81 -660.76 347.79 0.36 0.95 0.14 0.18 0.65 0.73 0.61
6.00 3.58 163.09 190.91 460.78 -0.42 0.66 -0.14 0.63 0.91 0.16 0.89
26.00 137.00 550.64 249.92 -65.35 0.58 0.83 0.09 0.42 0.27 0.84 0.88
8.00 21.76 -539.46 -396.95 -31.61 0.60 -0.90 -0.89 0.44 0.67 0.62 0.01
13.00 33.93 -155.30 -50.85 -407.54 0.79 0.37 0.77 0.59 0.05 0.63 0.63
5.00 5.32 17.51 -250.74 446.76 -0.09 0.01 0.66 0.54 0.70 0.83 0.56
5.00 0.70 142.12 -334.68 -308.76 0.90 -0.86 -0.89 0.61 0.12 0.10 0.84
21.00 61.87 -419.29 -330.19 487.34 0.78 -0.92 -0.70 0.00 0.78 0.18 0.10
7.00 2.43 304.88 572.04 214.93 0.41 0.11 -0.92 0.62 0.82 0.61 0.84
8.00 0.10 351.55 679.47 93.37 0.08 -0.45 0.18 0.40 0.19 0.51 0.04
23.00 169.88 -329.56 -521.78 67.64 1.00 0.83 0.55 0.05 0.03 0.79 0.88
6.00 5.85 566.69 -205.05 273.07 0.05 0.27 -0.24 0.81 0.67 0.72 0.87
10.00 22.73 304.90 563.20 -2.56 -0.17 0.41 -0.52 0.62 0.70 0.57 0.61
33.00 152.50 -148.64 205.00 -325.36 0.25 -0.71 0.35 0.02 0.17 0.07 0.82
36.00 16.63 -652.35 302.42 -348.92 0.04 0.11 -0.85 0.83 0.90 0.28 0.00
8.00 11.06 -109.30 -257.00 415.06 -0.56 0.09 -0.06 1.00 0.67 0.77 0.18
6.00 2.06 -230.77 599.99 299.68 0.82 -0.40 0.15 0.58 0.70 0.82 0.23
5.00 8.01 23.14 24.03 -34.46 -0.45 0.51 -0.88 0.40 0.63 0.02 0.28
13.00 25.17 483.28 370.77 245.00 0.54 0.08 0.26 0.20 0.60 0.61 0.96
14.00 42.06 617.05 -85.89 -203.35 -0.22 -0.14 -0.82 0.15 0.38 0.69 0.87
7.00 13.74 -132.84 -504.86 -246.82 0.31 -0.30 -0.58 0.26 0.68 0.65 0.61
23.00 41.37 -28.76 -784.96 -118.46 0.23 0.63 0.69 0.25 0.06 0.61 0.50
16.00 13.51 -297.31 -220.35 -660.61 0.48 0.62 -0.57 0.97 0.15 0.72 0.46
8.00 4.91 181.95 -92.72 610.69 -0.03 -0.32 0.47 0.34 0.79 0.79 0.51
17.00 84.83 -194.86 -557.27 80.26 0.30 0.55 -0.24 0.75 0.71 0.69 0.45
15.00 19.74 -463.86 536.11 338.56 0.98 -0.72 0.59 0.26 0.55 0.52 0.60
17.00 66.44 -110.08 250.94 -298.96 0.34 -0.55 -0.74 0.05 0.39 0.85 0.52
30.00 121.05 -614.86 249.06 -314.79 -0.12 0.89 -0.17 0.18 0.81 0.61 0.25
5.00 0.16 480.68 -280.27 -573.03 0.05 0.18 0.49 0.44 0.12 0.85 0.23
21.00 60.00 -427.49 -491.91 254.22 0.82 0.31 -0.86 0.69 0.19 0.79 0.56
14.00 18.83 360.40 21.18 -91.68 -0.08 0.29 -0.12 0.20 0.41 0.20 0.75
6.00 1.39 -156.97 433.91 -513.64 0.04 0.37 0.36 0.85 0.85 0.77 0.46
19.00 10.72 523.99 395.91 251.99 0.23 -0.28 0.13 0.10 0.52 0.29 0.63
13.00 40.76 140.14 -145.67 -305.60 0.72 -0.13 -0.25 0.14 0.03 0.99 0.78
12.00 37.28 768.52 -62.81 -149.59 -0.19 -0.04 0.05 0.88 0.20 0.15 0.21
6.00 5.54 496.06 419.33 351.31 -0.09 0.42 0.02 0.09 0.48 0.30 0.56
8.00 18.32 224.88 -333.25 -307.48 0.20 -0.08 -0.78 0.30 0.12 0.54 0.93
6.00 6.78 172.77 149.87 357.95 0.79 0.33 0.46 0.87 0.28 0.42 0.51
9.00 9.72 -538.74 413.92 13.53 -0.15 -0.51 -0.65 0.50 0.03 0.17 0.54
11.00 24.97 485.30 507.19 83.11 -0.37 -0.25 0.10 0.06 0.41 0.07 0.67
7.00 8.64 -382.98 -380.23 389.39 -0.13 0.64 0.77 0.88 0.28 0.18 0.40
13.00 55.37 -176.94 476.16 -198.00 0.59 -0.35 0.50 0.05 0.35 0.69 0.13
14.00 59.06 242.41 558.85 -129.48 0.98 0.54 0.14 0.97 0.40 0.98 0.42
21.00 28.21 208.07 -4.75 -269.76 0.10 -0.58 -0.15 0.89 0.74 0.59 0.76
8.00 11.93 -524.57 340.39 446.19 -0.91 0.92 0.62 0.89 0.63 0.41 0.29
8.00 9.98 277.62 3.67 -535.83 -0.57 -0.54 -0.83 0.23 0.77 0.27 0.64
7.00 3.65 -58.68 -40.39 738.85 -0.51 -0.19 0.94 0.22 0.18 0.01 0.34
14.00 57.64 22.88 -255.56 469.05 0.66 0.20 0.98 0.33 0.76 0.74 0.14
15.00 50.45 -374.14 210.77 347.41 0.30 0.08 0.45 0.83 0.24 0.99 0.07
9.00 16.87 -324.42 223.32 125.12 0.73 0.71 0.02 0.23 0.50 0.20 0.71
9.00 2.99 -56.83 512.66 390.84 -0.50 -0.98 0.01 0.19 0.23 0.14 0.16
7.00 6.25 471.28 -150.38 -136.85 0.27 -0.05 -0.35 0.83 0.24 0.49 0.76
14.00 63.49 451.04 619.33 174.88 -0.83 0.28 0.95 0.26 0.31 0.01 0.26
15.00 24.76 -186.49 -316.64 -88.93 0.90 -0.59 0.76 0.83 0.93 0.32 0.83
8.00 1.25 182.43 -163.36 635.62 0.09 0.04 0.21 0.31 0.93 0.56 0.46
21.00 117.17 513.69 -304.79 -58.64 0.39 -0.47 0.66 0.43 0.56 0.85 0.03
10.00 14.16 -481.90 -114.96 337.62 -0.44 0.96 0.69 0.55 0.33 0.71 0.26
9.00 13.09 -419.53 -63.12 -641.49 -0.13 0.65 0.15 0.01 0.70 0.98 0.48
11.00 18.42 -18.68 214.77 -581.41 -0.37 0.72 0.60 0.92 0.13 0.08 0.75
18.00 93.64 -517.39 -123.90 561.08 0.38 -0.78 -0.57 0.23 0.80 0.67 0.05
32.00 253.36 13.37 185.99 293.56 0.98 0.28 0.70 0.35 0.41 0.06 0.02
8.00 2.65 63.39 573.76 -204.68 -0.49 -0.62 0.86 0.61 0.56 0.17 0.19
13.00 1.07 361.73 -13.56 604.97 -0.36 0.29 -0.83 0.29 0.50 0.84 0.17
19.00 74.97 207.21 292.25 37.25 -0.34 -0.46 -0.54 0.01 0.20 0.14 0.67
22.00 99.09 -149.85 -524.15 301.82 0.50 0.74 -0.93 0.27 0.14 0.95 0.95
30.00 138.87 -319.40 396.29 433.22 0.49 0.82 -0.63 0.58 0.91 0.39 0.26
11.00 12.28 -126.57 -759.63 38.56 -0.38 -0.36 0.09 0.55 0.27 0.49 0.64
10.00 10.16 363.86 270.47 -102.00 -0.98 -0.44 -0.06 0.17 0.04 0.10 0.21
9.00 1.27 -61.20 402.20 352.51 0.97 -0.59 0.43 0.21 0.63 0.22 0.45
8.00 0.83 613.25 183.09 159.75 -0.40 0.95 -0.69 0.46 0.91 0.52 0.43
22.00 15.58 232.55 -406.82 -146.37 -0.66 0.20 -0.47 0.91 0.42 0.15 0.69
5.00 3.03 -399.35 138.15 41.12 0.69 0.09 -0.66 0.68 0.08 0.09 0.86
10.00 0.01 208.88 -471.36 -244.18 -0.06 0.71 -0.66 0.32 0.17 0.76 0.91
5.00 0.81 -17.41 533.28 161.16 0.40 -0.89 0.40 0.91 0.43 0.03 0.11
19.00 63.01 -72.66 125.73 116.82 -0.08 -0.16 -0.26 0.54 0.14 0.35 0.19
5.00 5.58 -656.86 192.62 -153.98 0.98 -0.30 -0.05 0.21 0.72 0.92 0.31
15.00 20.21 54.21 -131.21 -161.31 -0.94 -0.10 0.10 0.79 0.93 0.05 0.26
15.00 20.89 78.37 228.59 -699.03 -0.28 0.37 0.44 0.79 0.40 0.90 0.46
11.00 30.14 -374.66 398.35 466.63 -0.79 0.39 -0.84 0.12 0.86 0.53 0.98
7.00 15.52 -294.82 -562.09 86.51 0.99 -0.39 0.47 0.77 0.06 0.77 0.70
7.00 8.22 -383.23 -46.34 -543.79 0.70 -0.04 -0.77 0.23 0.33 0.15 0.55
11.00 10.28 -268.59 638.80 -148.71 0.05 0.97 0.18 0.19 0.92 0.53 0.44
7.00 4.89 -481.02 -261.41 182.70 0.90 0.71 0.71 0.28 0.28 0.48 0.25
11.00 11.63 506.05 314.18 -531.61 -1.00 0.09 -0.93 0.30 0.99 0.88 0.44
9.00 1.90 -626.17 -280.12 -133.33 -0.61 0.41 0.88 0.60 0.30 0.85 0.89
15.00 41.29 500.16 -505.55 -322.84 0.79 -0.32 -0.79 0.76 0.14 0.76 0.23
14.00 26.22 222.96 260.72 -316.42 0.01 -0.07 -0.13 0.91 0.57 0.31 0.15
6.00 11.18 130.55 -552.53 -315.61 0.26 -0.55 0.43 0.45 0.90 0.01 0.78
11.00 12.22 313.33 272.47 -158.01 0.95 1.00 -0.46 0.03 0.60 0.89 0.22
13.00 39.46 -309.87 276.06 -129.40 -0.40 -0.58 0.93 0.74 0.20 0.65 0.55
18.00 106.64 347.60 640.55 -259.14 -0.03 -0.41 0.81 0.10 0.41 0.78 0.83
31.00 195.98 690.79 -107.47 54.90 -0.42 0.06 0.94 0.07 0.37 0.77 0.30
14.00 9.49 -271.54 47.22 39.59 -0.63 -0.82 -0.74 0.10 0.65 0.08 0.89
26.00 151.45 324.96 428.31 335.41 -0.00 -0.66 -0.54 0.99 0.95 0.53 0.39
7.00 13.31 -35.71 -246.34 441.78 0.89 0.32 -0.80 0.29 0.55 0.26 0.60
11.00 16.08 -309.64 99.63 -264.95 0.81 -0.30 0.83 0.32 0.81 0.50 0.63
14.00 17.12 -137.17 293.69 -189.11 -0.21 -0.49 -0.31 0.00 0.56 0.33 0.50
30.00 112.08 -503.82 -118.50 61.75 0.53 -0.50 -0.65 0.30 0.30 0.45 0.72
26.00 221.77 177.30 504.16 -453.02 -0.21 0.59 0.02 0.78 0.55 0.79 0.12
10.00 5.91 490.60 397.93 457.17 0.61 0.06 0.77 0.54 0.91 0.31 0.54
14.00 34.68 17.15 -305.82 -374.63 1.00 -0.14 0.32 0.36 0.08 0.31 0.18
38.00 223.05 -370.50 -443.48 -420.43 -0.99 0.24 -0.83 0.23 0.79 0.86 0.61
12.00 38.48 152.29 273.14 0.66 0.23 -0.11 -0.63 0.38 0.48 0.28 0.35
7.00 4.87 -40.39 558.06 277.19 0.66 0.55 0.48 0.42 0.89 0.52 0.17
5.00 7.33 -309.38 -195.34 222.53 0.11 0.61 -0.39 0.33 0.66 0.37 0.34
7.00 4.66 -64.50 213.76 262.63 0.05 0.49 0.28 0.81 0.44 0.35 0.52
23.00 144.42 -30.21 -209.32 767.37 -0.68 -1.00 -0.39 0.10 0.36 0.60 0.37
17.00 71.11 -373.28 93.97 107.25 -0.22 -0.35 -0.61 0.58 0.65 0.42 0.20
11.00 37.78 -422.75 -347.61 555.93 -0.60 -0.98 0.89 0.50 0.51 0.34 0.13
25.00 126.27 28.74 -638.80 310.01 -0.26 -0.23 0.32 0.38 0.69 0.88 0.19
12.00 6.05 -395.97 -537.53 -258.09 -0.08 0.66 0.72 0.59 0.44 0.88 0.61
10.00 25.10 -492.01 -375.73 143.69 -0.98 -0.47 0.16 0.65 0.03 0.57 0.63
8.00 15.77 377.15 614.75 128.00 0.77 0.60 0.30 0.13 0.61 0.10 0.77
11.00 36.69 -398.95 -287.37 -371.70 0.41 -0.62 -0.48 0.52 0.08 0.39 0.30
16.00 46.16 264.65 -715.01 -181.17 -0.55 -0.30 0.43 0.33 0.31 0.41 0.96
11.00 37.62 -540.69 -98.39 246.52 0.58 0.71 0.42 0.44 0.23 0.70 0.62
5.00 4.40 -624.88 313.11 -151.37 0.48 -0.15 -0.02 0.97 0.04 0.69 0.23
11.00 7.91 -290.42 -263.06 284.96 0.21 -0.17 0.47 0.03 0.39 0.79 0.58
13.00 8.95 -54.82 -46.17 -578.16 -0.03 0.77 0.31 0.58 0.66 0.80 0.12
9.00 2.36 392.08 -554.36 -240.29 0.60 -0.25 0.84 0.48 0.10 0.26 0.07
11.00 33.05 -495.22 269.37 -490.76 -0.06 0.73 -0.14 0.45 0.84 0.88 0.60
21.00 16.09 -91.37 762.87 -27.50 -0.74 0.83 0.62 0.30 0.07 0.54 0.90
21.00 69.54 -329.42 262.47 -220.47 -0.19 0.23 0.94 0.37 0.71 0.12 0.89
11.00 25.67 -234.99 -236.25 533.06 0.61 1.00 0.69 0.12 0.74 0.14 0.51
35.00 262.02 -363.44 611.11 -39.85 -0.60 0.78 -0.79 0.83 0.89 0.53 0.95
9.00 8.92 -352.33 -116.48 107.88 0.80 -0.47 0.28 0.91 0.99 0.92 0.66
7.00 8.75 328.43 -503.36 -41.88 0.98 0.15 -0.85 0.91 0.26 0.88 0.10
14.00 64.11 -763.31 -61.83 138.85 -0.49 0.58 0.32 0.70 0.76 0.88 0.54
11.00 15.71 434.92 -481.43 -390.85 0.78 -0.95 0.96 0.05 0.59 0.02 0.10
14.00 58.19 -183.62 -275.36 -417.38 0.80 0.99 -0.20 0.95 0.75 0.49 0.80
5.00 2.69 -187.61 218.10 -215.73 -0.50 0.54 0.08 0.50 0.28 0.73 0.53
5.00 3.86 144.87 -534.43 4.60 0.17 -0.67 -0.33 0.10 0.27 0.74 0.97
27.00 139.69 -26.24 274.94 -685.57 0.12 -0.86 0.04 0.81 0.45 0.38 0.99
9.00 16.01 -302.34 80.60 -716.70 0.21 0.03 0.03 0.60 0.80 0.07 0.70
9.00 7.22 -124.85 -473.43 165.26 -0.81 -0.05 -0.47 0.10 0.86 0.30 0.62
5.00 6.08 37.37 -345.47 483.66 0.44 0.97 -0.93 0.47 0.96 0.64 0.19
38.00 363.84 -665.48 351.59 263.40 0.51 0.12 0.65 0.94 0.88 0.90 0.65
5.00 5.63 -422.08 184.63 267.23 0.18 0.06 -0.79 0.12 0.25 0.80 0.10
37.00 109.79 -582.07 -165.91 -307.89 0.49 -0.07 -0.49 0.13 0.92 0.17 0.13
18.00 57.82 -309.36 -101.35 -587.93 -0.34 -0.04 0.76 0.01 0.73 0.67 0.29
11.00 34.65 41.37 477.80 537.47 0.80 -0.97 0.07 0.15 0.68 0.43 0.29
24.00 144.90 -96.66 618.73 144.38 0.13 -0.74 -0.50 0.65 0.37 0.36 0.91
29.00 248.56 305.69 418.58 482.84 -0.96 0.11 -0.29 0.46 0.19 0.29 0.40
5.00 6.65 454.15 -33.77 -46.16 0.25 -0.77 -0.08 0.42 0.91 0.46 0.68
5.00 0.94 -287.55 -631.38 -207.71 -0.24 0.22 0.11 0.13 0.03 0.59 0.07
9.00 18.70 337.34 -4.70 317.26 0.33 0.56 -0.96 0.09 0.69 0.75 0.61
11.00 4.91 316.45 -378.75 497.09 -0.53 0.96 0.64 0.02 0.13 0.67 0.65
12.00 9.54 32.69 -288.31 610.76 -0.38 0.45 0.41 0.47 0.22 0.88 0.07
17.00 25.15 268.88 -220.78 513.64 -0.85 0.08 -0.63 0.34 0.06 0.09 0.79
5.00 8.26 582.12 110.77 -298.12 0.87 0.85 0.77 0.72 0.82 0.11 0.05
17.00 79.77 27.64 430.70 -474.96 -0.23 0.88 0.98 0.24 0.69 0.28 0.57
33.00 349.28 -263.79 -106.18 -332.67 -0.91 -0.81 -0.46 0.42 0.18 0.10 0.75
21.00 48.26 -277.84 232.91 446.79 -0.77 0.67 0.59 0.54 0.31 0.44 0.59
6.00 12.09 43.07 76.61 249.96 0.16 -0.49 -0.02 0.63 0.15 0.97 0.72
6.00 11.52 -196.94 -79.03 -429.68 0.49 0.32 -0.74 0.76 0.60 0.21 0.10
16.00 57.98 -176.20 153.68 740.61 0.94 -0.71 0.74 0.84 0.14 0.71 0.65
10.00 4.06 -622.81 -123.38 -48.31 0.81 -0.74 -0.81 0.27 0.15 0.05 0.70
10.00 7.47 -333.71 63.11 -316.70 0.10 -0.97 -0.63 0.52 0.23 0.50 0.95
8.00 7.65 615.19 -224.82 454.72 -0.61 0.83 -0.88 0.30 0.48 0.49 0.81
12.00 16.60 -387.12 -207.47 -591.58 0.61 -0.80 0.44 0.24 0.78 0.15 0.53
12.00 34.96 -266.19 -93.22 -63.31 -0.40 0.12 -0.01 0.16 0.32 0.42 0.52
13.00 12.39 -318.37 -25.39 332.57 0.10 -0.30 0.57 0.32 0.10 0.12 0.50
19.00 34.73 85.97 -199.15 -284.97 -0.07 -0.93 0.34 0.60 0.65 0.04 0.75
17.00 8.57 232.97 -596.85 365.24 -0.17 0.17 -0.45 0.65 0.77 0.92 0.25
7.00 16.02 -292.77 165.54 482.92 -0.46 0.73 -0.32 0.90 0.81 0.24 0.23
19.00 120.22 -612.03 -13.50 409.73 0.90 -0.28 0.47 0.14 0.76 0.65 0.15
13.00 8.36 287.95 234.40 -359.88 0.95 -0.58 0.90 0.72 0.91 0.96 0.99
15.00 41.30 -63.88 -208.45 -120.41 -0.09 0.27 0.21 0.99 0.09 0.36 0.10
7.00 16.15 -121.25 -631.05 167.47 0.28 0.63 -0.61 0.08 0.02 0.93 0.09
5.00 1.58 463.38 -65.03 498.05 0.49 -0.30 -0.40 0.87 0.55 0.40 0.84
6.00 7.62 212.93 326.43 -622.38 -0.36 0.50 -0.94 0.89 0.49 0.75 0.64
5.00 8.43 144.39 -603.90 352.93 -0.12 -0.43 -0.02 0.05 0.36 0.53 0.88
11.00 9.09 13.56 -474.78 -301.95 -0.53 0.25 -0.35 0.07 0.59 0.73 0.95
8.00 3.76 -181.78 441.00 -619.28 0.20 0.26 -0.73 0.54 0.44 0.35 0.16
6.00 7.88 136.94 321.86 707.56 0.51 0.97 0.35 0.65 0.45 0.32 0.97
5.00 2.81 -193.26 -221.24 135.48 0.68 -0.60 0.32 0.33 0.02 0.88 0.80
30.00 67.84 556.10 193.36 531.55 -0.25 -0.96 0.14 0.28 0.09 0.15 0.08
28.00 243.12 -328.23 196.96 -179.56 -0.01 0.33 0.59 0.05 0.80 0.95 0.89
10.00 11.05 -200.44 -267.33 -672.91 0.57 -0.03 0.09 0.70 0.17 0.01 0.60
21.00 29.45 -249.73 -435.64 231.77 0.91 0.79 0.31 0.97 0.55 0.94 0.23
30.00 122.88 -289.34 -472.94 -438.88 0.85 -0.49 -0.08 0.26 0.73 0.46 0.20
10.00 23.20 408.95 339.92 -194.53 0.55 0.80 0.29 0.31 0.83 0.21 0.99
7.00 0.28 -52.70 554.53 181.63 0.13 -0.72 -0.00 0.82 0.99 0.19 0.04
5.00 1.02 745.67 65.85 -276.24 -0.50 -0.71 -0.74 0.18 0.22 0.56 0.89
22.00 71.19 353.02 137.23 196.08 0.32 -0.50 0.46 0.93 0.45 0.47 0.21
6.00 0.39 438.47 546.27 150.43 -0.99 -0.53 -0.38 0.38 0.18 0.47 0.27
21.00 88.68 200.72 501.74 351.15 0.03 0.76 -0.34 0.38 0.56 0.63 0.29
10.00 29.72 186.64 608.77 349.32 0.08 0.78 -0.53 0.99 0.08 0.99 0.77
9.00 3.64 -23.92 -721.23 212.53 -0.71 -0.92 -0.64 0.11 0.53 0.84 0.50
8.00 13.83 208.94 -508.70 -165.10 -0.72 -0.24 0.19 0.29 0.10 0.51 0.13
13.00 6.92 -443.55 302.50 368.40 -0.86 -0.75 -0.78 0.77 0.58 0.02 0.91
10.00 13.11 -457.09 -128.61 -384.97 0.22 -0.09 -0.13 0.04 0.47 0.82 0.22
6.00 4.34 -567.21 559.91 31.11 0.09 -0.10 0.20 0.84 0.68 0.49 0.19
21.00 138.70 -445.67 -342.14 325.18 0.02 0.72 0.32 0.99 0.64 0.89 0.34
8.00 3.83 60.40 116.56 560.34 -0.72 -0.57 0.85 0.15 0.02 0.25 0.63
14.00 17.85 52.06 305.07 -252.71 0.84 0.52 0.78 0.88 0.52 0.21 0.25
9.00 26.40 -162.39 289.55 -94.86 0.63 0.55 -0.81 0.64 0.29 0.96 0.83
6.00 8.73 193.29 -401.66 650.66 -0.18 0.24 -0.90 0.01 0.57 0.28 0.01
8.00 4.36 -5.81 -144.30 769.50 0.39 -0.95 -0.70 0.30 0.50 0.58 0.19
8.00 9.72 -356.67 598.64 153.77 0.88 -0.31 0.88 0.71 0.38 0.05 0.04
20.00 77.13 312.37 573.51 384.53 -0.75 -0.31 -0.53 0.88 0.96 0.19 0.56
11.00 24.52 592.52 -109.65 -414.23 0.23 0.32 -0.98 0.81 0.68 0.83 0.21
15.00 59.88 -51.61 -16.13 -597.26 0.65 0.35 -0.07 0.85 0.33 0.03 0.52
21.00 30.44 538.29 306.25 411.95 0.10 0.33 -0.44 0.81 0.15 0.96 0.14
12.00 30.81 762.76 100.78 158.67 -0.19 -0.46 -0.73 0.79 0.06 0.87 0.80
6.00 7.53 -184.19 291.83 388.36 0.41 0.87 0.56 0.90 0.80 0.60 0.64
22.00 142.63 -460.40 469.64 16.38 1.00 -0.66 0.83 0.81 0.09 0.93 0.64
21.00 126.35 -410.45 16.49 -129.08 0.44 -0.61 -0.78 0.93 0.67 0.97 0.89
10.00 24.16 -475.39 368.35 251.40 -0.32 -0.71 -0.26 0.02 0.90 0.36 0.66
16.00 81.67 44.97 -47.25 404.15 0.27 -0.61 0.19 0.70 0.07 0.25 0.44
20.00 96.42 69.10 570.24 224.10 -0.78 1.00 -0.40 0.60 0.36 0.21 0.72
10.00 1.05 -239.86 -739.59 139.49 -0.64 -0.65 -0.45 0.96 0.39 0.08 0.57
10.00 23.79 -161.76 679.85 11.37 0.50 0.33 0.11 0.18 0.55 0.42 0.94
14.00 13.60 104.15 536.05 -198.99 0.96 0.48 0.90 0.22 0.87 0.14 0.60
9.00 26.38 60.89 -165.79 535.05 -0.99 0.97 -0.77 0.95 0.91 0.63 0.85
9.00 6.43 -52.36 -540.90 -300.29 0.31 -0.84 -0.56 0.07 0.69 0.99 0.39
28.00 185.40 274.88 -539.94 275.07 0.93 -0.43 -0.79 0.88 0.32 0.51 0.42
30.00 234.21 484.63 247.89 -261.29 0.25 -0.35 0.34 0.76 0.72 0.98 0.85
8.00 6.01 -101.96 179.84 -124.94 0.24 0.52 0.19 0.76 0.53 0.93 0.91
15.00 49.54 -320.23 33.20 -403.58 1.00 -0.95 -0.99 0.32 0.82 0.77 0.00
6.00 0.25 -361.57 267.27 -144.78 -0.66 -0.43 0.07 0.32 0.72 0.62 0.72
9.00 6.35 483.28 134.29 328.56 -0.50 0.92 -0.94 0.75 0.54 0.94 0.66
11.00 5.42 1.86 451.26 105.60 -0.34 0.66 -0.21 0.76 0.26 0.97 0.62
5.00 3.73 -81.70 649.16 44.63 -0.07 0.07 0.54 0.08 0.86 0.80 0.54
11.00 19.43 0.79 551.37 565.78 -0.56 -0.38 0.76 0.33 0.05 0.97 0.45
9.00 26.35 -4.26 -549.96 168.61 -0.74 -0.00 0.25 0.38 0.46 0.26 0.04
14.00 26.80 -416.09 245.84 485.64 0.76 -0.99 -0.44 0.21 0.55 0.20 0.61
8.00 7.37 95.35 -641.67 220.56 -0.16 -0.63 -0.57 0.40 0.68 0.83 0.44
20.00 38.18 -51.29 506.66 -324.67 -0.51 0.87 -0.61 0.28 0.75 0.85 0.66
15.00 15.50 -554.01 144.96 70.30 -0.50 -0.69 -0.28 0.45 0.18 0.12 0.81
9.00 17.61 -193.27 473.47 14.65 -0.36 -0.93 -0.20 0.11 0.71 0.83 0.14
21.00 47.60 525.47 -263.43 116.19 0.86 0.42 -0.38 0.03 0.39 0.70 0.40
11.00 40.92 410.86 321.42 -577.42 0.29 -0.19 0.47 0.91 0.53 0.47 0.75
12.00 26.19 -45.78 457.50 -458.98 0.84 -0.63 -0.95 0.43 0.46 0.65 0.96
15.00 65.20 -10.15 698.40 -64.79 -0.86 0.95 -0.35 0.80 0.82 0.04 0.34
18.00 17.07 137.96 -10.88 -539.91 -0.63 -0.33 0.90 0.30 0.40 0.37 0.36
21.00 48.06 -542.43 21.33 -547.62 -0.56 -0.53 -0.20 0.51 0.34 0.51 0.51
9.00 10.39 414.47 -227.24 -444.28 -0.38 0.28 0.87 0.70 0.38 0.52 0.59
31.00 304.45 -143.90 -353.50 241.00 -0.28 -0.06 -0.71 0.87 0.17 0.77 0.56
17.00 80.41 163.89 -259.53 -330.69 -0.46 -0.35 -0.37 0.98 0.94 0.12 0.84
6.00 5.55 -113.92 376.12 506.88 -0.81 -0.76 0.62 0.88 0.81 0.64 0.91
7.00 1.26 112.85 718.69 -127.76 -0.50 -0.46 -0.98 0.28 0.01 0.10 0.62
8.00 4.44 -112.12 -305.96 -283.23 0.68 -0.42 0.88 0.00 0.64 0.88 0.65
10.00 13.72 -46.25 -207.95 -613.21 -0.05 -0.98 -0.58 0.49 0.10 0.03 1.00
13.00 32.24 550.43 -332.32 406.93 -0.03 0.01 0.03 0.69 0.89 0.45 0.77
11.00 34.13 214.41 437.81 374.15 -0.13 0.37 0.83 0.89 0.65 0.59 0.53
8.00 9.14 320.66 -411.50 308.33 -0.12 0.89 -0.50 0.44 0.58 0.22 0.34
14.00 15.35 -365.30 -318.98 365.09 0.85 -0.20 0.87 0.43 0.64 0.80 0.21
8.00 1.78 -343.01 52.38 234.03 -0.03 0.20 0.50 0.38 0.83 0.02 0.01
6.00 12.10 276.51 -514.17 462.51 -0.48 -0.57 -0.87 0.39 0.84 0.22 0.90
36.00 99.81 543.91 315.66 -347.74 0.98 0.93 0.47 0.75 0.82 0.19 0.04
5.00 0.80 -99.15 -390.52 141.99 -0.46 -0.08 -0.28 0.25 0.76 0.28 0.77
10.00 8.18 58.15 222.89 254.26 0.29 -0.38 -0.21 0.43 0.64 0.55 0.30
6.00 10.71 612.20 -15.22 374.61 -0.53 -0.91 0.75 0.48 0.39 0.86 0.63
10.00 18.23 -309.57 435.36 471.93 -0.71 0.15 -0.83 0.59 0.65 0.31 0.03
30.00 52.20 89.65 253.68 127.27 -0.78 -0.03 0.31 0.53 0.51 0.88 0.74
15.00 19.47 588.72 -500.96 -105.34 -0.92 0.37 -0.32 0.14 0.33 0.81 0.73
7.00 3.23 205.41 -210.19 689.45 0.14 -0.40 -0.73 0.91 0.43 0.48 0.70
38.00 250.97 -529.18 -443.93 -300.17 -0.64 0.46 0.03 0.39 0.18 0.13 0.75
39.00 280.77 428.11 546.64 209.01 -0.41 0.43 0.62 0.24 0.60 0.53 0.34
9.00 8.93 28.69 -62.81 248.86 0.53 -0.33 -0.51 0.66 0.03 1.00 0.66
7.00 5.73 -432.52 -449.07 -143.56 0.56 -0.98 0.41 0.89 0.19 0.23 0.09
11.00 16.85 400.56 272.59 -549.08 0.71 -0.51 -0.42 0.00 0.94 0.08 0.58
7.00 12.53 398.46 -440.04 -84.68 0.43 0.95 0.13 0.66 0.90 0.86 0.27
10.00 14.25 316.23 199.21 366.53 -0.42 -0.97 -0.35 0.90 0.90 0.70 0.21
16.00 63.01 13.88 -315.35 493.33 -0.63 -0.18 -0.93 0.89 0.24 0.81 0.01
20.00 113.89 597.94 61.74 255.45 -0.34 -0.69 0.33 0.62 0.23 0.71 0.86
6.00 6.23 -441.62 361.20 82.30 0.20 0.64 0.97 0.70 0.30 0.19 0.84
8.00 17.91 139.03 -398.70 499.81 -0.28 -0.99 0.26 0.52 0.75 0.26 0.22
7.00 15.22 -137.92 529.45 180.29 0.58 -0.48 0.03 0.23 0.97 0.70 0.82
7.00 8.49 -240.95 508.59 -247.55 0.42 -0.64 -0.83 0.41 0.77 0.31 0.26
5.00 5.63 -78.29 115.14 769.22 -0.85 -0.62 -0.76 0.39 0.90 0.77 0.54
18.00 5.76 -287.55 246.53 -40.88 0.14 0.38 -0.98 0.46 0.76 0.46 0.48
14.00 38.24 -66.06 -2.22 161.04 -0.38 -0.24 0.42 0.73 0.57 0.48 0.51
15.00 34.69 -195.61 420.03 631.05 -0.40 0.51 0.78 0.42 0.81 0.69 0.37
7.00 4.02 171.80 523.76 -45.39 -0.14 -0.62 0.51 1.00 0.17 0.01 0.62
15.00 68.95 -534.75 269.56 249.19 -0.37 0.49 -0.82 0.36 0.07 0.61 0.99
8.00 17.39 220.51 -52.30 -712.71 0.27 0.61 0.61 0.80 0.51 0.41 0.37
9.00 17.41 -763.16 -40.64 209.41 0.73 0.58 -0.68 0.04 0.64 0.10 0.22
5.00 6.08 -433.14 -159.96 -448.49 -0.11 0.21 0.87 0.04 0.63 0.14 0.33
7.00 12.49 102.03 453.09 638.90 0.75 0.72 -0.18 0.20 0.28 0.12 0.69
14.00 24.40 -270.02 33.06 115.95 0.38 0.58 -0.08 0.33 0.81 0.98 0.67
16.00 66.36 238.67 -609.10 39.55 0.26 -0.06 0.27 0.74 1.00 0.13 0.00
12.00 24.85 173.36 482.67 133.72 -0.22 0.32 -0.61 0.75 0.33 0.95 0.89
11.00 29.70 169.78 651.94 -282.82 -0.31 0.89 0.46 0.76 0.57 0.19 0.34
14.00 55.63 593.24 -241.09 282.58 -0.73 0.93 0.19 0.28 0.22 0.79 0.34
15.00 46.50 -480.65 208.15 494.65 -0.53 0.53 0.33 0.49 0.97 0.01 0.92
10.00 30.50 236.57 -212.78 32.74 0.46 -0.48 -0.57 0.28 0.15 0.42 0.02
13.00 15.70 -444.07 -256.48 607.33 -0.10 0.11 0.35 0.98 0.97 0.04 0.97
24.00 175.75 -699.47 226.61 -36.73 0.06 0.27 0.56 0.45 0.92 0.43 0.85
7.00 12.71 -421.32 -125.36 647.31 -0.68 -0.90 0.33 0.82 0.77 0.92 0.85
21.00 121.65 -471.87 -464.23 242.26 -0.40 -0.73 0.42 0.37 0.84 0.05 0.09
6.00 7.89 183.99 739.47 150.96 -0.89 -0.84 0.40 0.67 0.46 0.96 0.44
5.00 1.90 -201.66 370.48 -675.28 0.83 -0.44 -0.71 0.34 0.72 0.76 0.31
29.00 285.71 -68.60 -172.21 723.31 0.29 -0.53 -0.18 0.61 0.94 0.83 0.14
8.00 10.50 -235.07 730.88 63.23 -0.02 0.13 0.25 0.45 0.45 0.21 0.60
29.00 241.42 194.67 668.89 390.10 -0.27 -0.60 -0.70 0.44 0.91 0.59 0.81
9.00 20.89 378.05 -17.87 -274.36 0.33 0.44 0.47 0.22 0.91 0.31 0.10
10.00 19.96 -349.04 582.77 381.36 -0.62 -0.23 0.33 0.19 0.22 0.69 0.14
12.00 23.90 -231.31 -313.12 240.65 -0.47 -0.33 -0.22 0.30 0.71 0.24 0.26
7.00 0.84 -240.64 183.34 378.12 0.47 -0.03 0.93 0.38 0.34 0.73 0.71
21.00 24.16 -158.39 78.57 -661.08 0.00 0.29 0.40 0.39 0.52 0.19 0.21
24.00 178.16 -138.73 -338.28 -60.05 -0.99 0.54 0.45 0.08 0.05 0.81 0.85
6.00 11.92 -283.84 4.16 -603.55 -0.60 -0.60 0.77 0.15 0.76 0.69 0.24
6.00 9.74 92.69 -320.53 379.72 -0.36 -0.74 -0.10 0.12 0.26 0.23 0.64
16.00 81.01 229.84 -29.80 412.21 0.44 0.56 0.46 0.14 0.56 0.37 0.86
6.00 8.63 233.49 -390.70 456.76 -0.37 -0.01 -0.37 0.19 0.17 0.41 0.77
30.00 249.57 -593.46 347.84 -131.29 -0.35 -0.34 -0.64 0.59 0.27 0.35 0.72
7.00 4.62 -440.91 240.84 -494.87 -0.38 0.66 -0.69 0.87 0.62 0.82 0.82
29.00 12.30 -39.80 -102.94 483.45 -0.70 -0.75 -0.87 0.23 0.06 0.37 0.33
29.00 118.32 96.76 -603.41 -67.85 0.60 -0.26 0.88 0.33 0.99 0.43 0.91
35.00 157.37 -158.91 -149.51 64.35 -0.13 0.21 0.13 0.87 0.70 0.60 0.95
11.00 4.74 404.81 440.57 -353.53 0.93 -0.55 -0.32 0.39 0.19 0.74 0.08
9.00 13.82 533.66 -77.08 -370.45 0.52 -0.14 -0.32 0.13 0.06 0.81 0.82
9.00 0.71 279.19 702.02 194.50 0.51 0.33 0.39 0.53 0.82 0.82 0.98
37.00 341.65 455.64 152.94 -547.07 0.86 0.19 -0.55 0.37 0.14 0.10 0.14
5.00 3.96 441.54 323.84 169.91 0.88 0.83 -0.96 0.33 0.65 0.86 0.35
14.00 38.50 -623.93 -368.52 -276.82 -0.45 0.29 0.16 0.86 0.85 0.13 0.07
16.00 40.87 -414.19 111.94 -235.98 -0.61 0.90 0.63 0.04 0.28 0.78 0.03
10.00 19.92 -648.55 -32.46 403.46 0.71 0.69 -0.84 0.40 0.95 0.47 0.24
7.00 0.25 496.30 164.40 -162.62 -0.33 0.50 0.45 0.05 0.65 0.50 0.60
25.00 165.47 212.54 174.94 -707.05 -0.00 0.60 0.72 0.87 0.75 0.57 0.36
14.00 6.28 155.57 250.23 -393.11 -0.45 -0.27 -0.68 0.28 0.04 0.12 0.99
36.00 355.09 63.30 699.18 372.54 0.71 -0.88 0.47 0.16 0.65 0.37 1.00
14.00 20.19 -212.68 -247.41 -226.41 0.13 -0.30 0.08 0.13 0.97 0.46 0.68
5.00 1.65 -97.63 86.73 586.96 -0.48 -0.15 -0.02 0.18 0.25 0.91 0.69
6.00 6.12 -387.49 -484.87 38.83 -0.89 -0.09 0.10 0.35 0.48 0.11 0.60
11.00 24.73 -262.47 26.93 430.65 -0.33 0.78 0.72 0.83 0.25 0.46 0.58
20.00 39.88 268.55 -529.12 503.34 -0.60 0.28 -0.84 0.28 0.24 0.17 0.78
7.00 13.61 58.00 55.79 -109.03 0.36 0.88 0.10 0.26 0.94 0.33 0.77
6.00 10.51 -101.62 587.54 -308.34 -0.44 0.22 -0.10 0.41 0.66 0.15 0.67
9.00 4.00 -411.67 -202.89 -233.26 -0.12 -0.42 -0.29 0.47 0.73 0.44 0.87
18.00 92.19 -120.34 -14.30 -297.39 -0.78 0.41 0.11 0.24 0.13 0.30 0.57
6.00 2.13 661.25 -57.43 -216.11 -0.52 -0.02 -0.50 0.99 0.67 0.10 0.91
6.00 1.29 -236.42 230.81 326.74 0.03 -0.74 -0.89 0.29 0.04 0.67 0.95
5.00 7.05 -328.20 -135.15 -590.03 0.79 -0.21 0.56 0.64 0.08 0.31 0.28
15.00 15.29 -13.73 -261.07 -384.60 -0.23 -0.96 -0.68 0.84 0.88 0.25 0.33
10.00 19.60 -115.54 586.63 45.81 -0.98 0.14 -0.53 0.62 0.86 0.93 0.53
8.00 19.93 116.52 773.97 119.85 -0.06 0.37 -0.89 0.25 0.66 0.79 0.10
12.00 22.46 -415.91 267.80 550.54 -0.27 0.74 0.12 0.27 0.16 0.43 0.84
7.00 6.91 -66.15 -685.07 -151.18 0.50 0.40 -0.94 0.01 0.44 0.90 0.62
20.00 105.42 353.30 -64.24 651.22 0.56 0.84 0.42 0.39 1.00 0.45 0.75
10.00 26.16 -109.26 -350.70 -472.02 0.17 -0.83 0.82 0.65 0.18 0.47 0.28
9.00 6.16 639.40 -195.06 -81.95 -0.05 0.59 -0.55 0.29 0.24 0.46 0.19
16.00 61.96 -328.48 -161.78 -438.29 0.89 0.24 0.80 0.44 0.84 0.21 0.09
17.00 23.27 646.65 -152.87 134.88 0.26 0.91 -0.51 0.78 0.36 0.95 0.54
35.00 284.76 -366.60 693.40 106.34 -0.45 -0.07 0.45 0.03 0.58 0.62 0.86
9.00 14.36 390.91 410.73 -223.11 0.29 0.46 -0.21 0.29 0.60 0.82 0.62
6.00 11.30 -247.62 -45.08 546.82 -0.70 0.66 -0.30 0.42 0.60 0.88 0.06
8.00 18.29 -648.35 -388.22 179.61 -0.72 -0.02 -0.33 0.17 0.67 0.92 0.54
6.00 4.47 216.81 -688.32 -62.68 0.79 0.57 0.74 0.97 0.14 0.11 0.17
16.00 10.52 293.29 237.95 473.56 0.35 0.10 -0.94 0.87 0.50 0.65 0.14
11.00 9.24 -46.93 222.74 510.61 0.44 0.22 -0.68 0.41 0.68 0.23 0.13
22.00 127.25 585.48 432.95 214.13 -0.62 -0.26 0.45 0.92 0.56 0.21 0.91
11.00 34.55 -335.41 -286.15 0.42 0.11 -0.70 -0.38 0.61 0.76 0.11 0.28
15.00 62.76 -82.43 -52.13 -728.23 0.12 -0.94 -0.29 0.12 0.06 0.78 0.96
23.00 86.68 -459.53 -374.31 -313.66 0.62 0.99 0.20 0.04 0.67 0.06 0.49
21.00 99.90 -407.59 113.79 -637.52 0.63 0.64 -0.87 0.78 0.02 0.90 0.22
29.00 52.33 -199.34 557.65 73.32 -0.56 -0.45 -0.67 0.76 0.59 0.63 0.25
16.00 37.61 495.39 110.80 192.69 0.25 0.45 0.96 0.57 0.19 0.66 0.45
15.00 36.93 -292.27 -540.09 73.86 -0.06 0.15 -0.09 0.07 0.87 0.76 0.53
8.00 1.07 13.04 -15.96 -112.83 0.75 -0.97 0.61 0.85 0.89 0.82 0.33
5.00 0.39 -262.46 -397.34 -330.85 0.32 -0.58 -0.98 0.39 0.88 0.71 0.27
5.00 1.56 -255.55 71.25 532.21 -0.19 -0.89 -0.33 0.57 0.33 0.05 0.49
20.00 105.13 275.88 -151.09 36.97 -0.68 -0.59 -0.32 0.43 0.67 0.37 0.75
6.00 0.25 -213.54 -725.32 33.01 -0.54 -0.94 0.44 0.40 0.24 0.63 0.07
7.00 14.07 330.12 -309.08 90.50 -0.16 0.06 -0.38 0.98 0.64 0.26 0.02
8.00 19.20 330.32 -535.73 492.68 0.61 0.65 0.98 0.73 0.90 0.79 0.95
6.00 5.51 -513.11 535.09 -263.18 0.16 0.25 -0.59 0.45 0.40 0.55 0.33
15.00 38.60 599.44 -465.81 -223.83 0.30 -0.19 -0.26 0.87 0.04 0.24 0.38
7.00 14.19 292.97 -494.43 243.14 -0.86 -0.06 -0.62 0.83 0.41 0.61 0.78
10.00 5.67 210.29 -101.51 352.23 -0.17 -0.34 -0.01 0.74 0.93 0.15 0.20
7.00 14.08 -573.39 342.81 13.97 -0.34 -0.79 -0.89 0.66 0.15 0.20 0.66
8.00 14.53 481.97 -89.79 -590.71 0.16 0.75 -0.67 0.01 0.57 0.78 0.63
7.00 6.96 28.83 331.41 412.49 0.83 0.16 0.42 0.34 0.41 0.15 0.10
10.00 10.61 -285.77 456.48 -362.75 0.14 -0.89 -0.12 0.01 0.96 0.24 0.02
15.00 26.03 -213.77 -520.36 -471.73 0.67 -0.05 -0.24 0.67 0.81 0.34 0.53
28.00 66.20 -5.59 470.01 -240.85 0.10 -0.86 0.16 0.08 0.78 0.17 0.77
5.00 7.42 -45.89 312.97 -74.65 0.29 0.12 -0.84 0.49 0.85 0.18 0.31
10.00 22.32 34.79 -313.03 233.70 0.29 0.48 -0.46 0.27 0.13 0.54 0.91
15.00 53.74 -627.68 47.16 247.88 -0.53 -0.91 -0.06 0.08 0.18 0.93 0.54
15.00 68.75 -429.58 309.80 -441.66 -0.12 -0.35 -0.33 0.05 0.66 0.96 0.80
15.00 6.62 -253.85 500.97 -154.64 -0.89 -0.10 -0.76 0.84 0.31 0.89 0.30
8.00 18.42 -529.27 33.05 475.32 0.44 0.55 -0.20 0.22 0.48 0.20 0.94
16.00 65.47 78.28 467.05 -493.23 0.13 -0.48 0.68 0.96 0.46 0.44 0.79
13.00 47.50 161.42 -244.38 92.28 -0.04 0.20 -0.50 0.09 0.86 0.51 0.17
18.00 43.49 192.21 -293.36 84.50 0.52 0.94 -0.50 0.42 0.80 0.73 0.20
39.00 341.41 528.45 407.95 -245.61 -0.16 0.04 -0.36 1.00 0.90 0.96 0.99
25.00 168.43 18.31 -486.09 49.03 0.02 0.18 -0.31 0.16 0.35 0.73 0.43
8.00 21.12 -81.78 106.74 -310.44 0.95 -0.26 0.83 0.89 0.91 0.22 0.92
11.00 2.90 -342.79 -434.71 -261.84 -0.92 -0.56 -0.71 0.48 0.93 0.06 0.14
7.00 5.28 -528.79 -280.41 -453.75 -0.69 -0.55 0.94 0.91 0.12 0.37 0.31
19.00 119.50 -199.94 494.67 134.11 -0.94 0.14 -0.78 0.92 0.68 0.84 0.24
16.00 56.87 279.87 -104.01 660.95 -0.05 0.91 0.96 0.41 0.66 0.71 0.40
19.00 89.61 226.99 -85.13 317.39 -0.08 0.73 -0.11 0.12 0.84 0.96 0.16
13.00 2.83 429.00 180.28 435.96 -0.25 -0.96 -0.67 0.17 0.93 0.01 0.45
5.00 1.35 -244.88 -607.57 133.78 0.31 -0.70 -0.07 0.64 0.30 0.30 0.65
13.00 7.48 263.09 51.16 213.04 0.32 0.37 -0.02 0.96 0.05 0.35 0.63
7.00 6.95 14.53 103.28 658.07 0.27 -0.93 -0.17 0.04 0.95 0.73 0.63
14.00 23.13 -345.71 518.06 213.65 0.42 -0.95 0.72 0.55 0.73 0.07 0.87
6.00 5.40 592.75 -90.45 -394.35 0.50 0.09 -0.76 0.39 0.24 0.11 0.50
17.00 2.26 456.12 9.18 -654.84 -0.03 0.83 0.68 0.30 0.45 0.82 0.60
6.00 7.35 291.44 -432.44 -209.57 0.69 -0.33 -0.87 0.91 0.17 0.56 0.69
25.00 150.08 44.86 -693.11 76.51 -0.70 -0.31 0.43 0.57 0.50 0.88 0.87
5.00 2.27 -18.91 -189.69 718.90 -0.63 0.21 0.70 0.88 0.78 0.75 0.75
9.00 20.56 392.33 -552.25 27.44 0.16 -0.90 0.56 0.74 0.15 0.11 0.40
16.00 0.37 -693.66 -312.40 154.97 0.16 0.20 -0.20 0.33 0.65 1.00 0.32
5.00 0.78 -378.05 146.88 380.24 -0.76 -0.19 0.44 0.27 1.00 0.39 0.78
10.00 14.03 -321.41 305.75 102.02 -0.88 0.47 -0.65 0.52 0.10 0.55 0.36
5.00 3.58 238.84 367.58 367.91 0.76 0.49 -0.28 0.80 0.00 0.65 0.10
6.00 7.65 138.27 -630.04 -171.14 0.73 0.65 -0.75 0.14 0.25 0.13 0.96
8.00 17.33 689.61 240.09 -107.09 -0.33 0.63 0.82 0.09 0.38 0.07 0.35
16.00 16.71 -14.49 -495.46 332.81 -0.80 -0.17 -0.98 0.35 0.25 0.72 0.97
12.00 8.70 162.24 491.34 20.19 0.23 0.72 -0.96 0.67 0.96 0.76 0.25
7.00 13.62 100.88 -81.49 687.94 -0.41 -0.26 -0.46 0.97 0.60 0.11 0.06
17.00 2.87 350.55 239.02 -68.27 -0.23 0.48 0.62 0.85 0.31 0.04 0.55
20.00 94.38 -400.28 -118.22 -47.01 0.31 -0.10 0.90 0.01 0.09 0.54 0.50
22.00 47.73 -38.61 -294.80 -221.52 0.23 -0.72 0.55 0.06 0.26 0.63 0.46
21.00 49.02 -492.69 -78.27 -129.14 -0.61 -0.72 0.33 0.63 0.01 0.06 0.12
7.00 6.60 -387.03 -497.35 361.07 -0.67 0.67 -0.98 0.42 0.51 0.46 0.92
5.00 2.95 268.82 244.98 -22.06 0.26 0.56 -0.47 0.59 0.69 0.47 0.46
35.00 239.80 482.19 -171.53 479.56 -0.76 -0.96 0.71 0.97 0.40 0.39 0.14
5.00 0.34 15.84 -117.96 602.06 -0.91 0.09 0.96 0.32 0.33 0.72 0.60
12.00 20.13 388.59 -102.31 5.30 -0.33 -0.93 -0.12 0.29 0.98 0.72 0.93
11.00 15.89 -171.94 -207.07 383.52 -0.62 0.62 -0.99 0.63 0.28 0.72 0.75
28.00 112.41 190.54 111.18 347.95 -0.17 -0.87 0.81 0.22 0.15 0.25 0.64
5.00 7.55 206.48 188.31 214.59 -0.44 0.87 0.22 0.64 0.36 0.14 0.31
12.00 29.18 23.86 -146.77 679.13 0.84 -0.62 0.79 0.33 0.37 0.44 0.25
5.00 7.41 -276.15 -242.39 144.24 -0.75 -0.53 0.35 0.28 0.60 0.38 0.76
6.00 2.77 494.89 -32.46 -576.87 0.02 0.35 0.76 0.06 0.96 0.58 0.92
6.00 3.09 -142.08 750.04 -153.95 0.62 -0.57 -0.71 0.29 0.91 0.56 0.81
23.00 107.21 267.71 -657.50 339.91 0.78 -0.26 0.32 0.34 0.89 0.55 0.37
33.00 198.50 461.28 -296.20 -260.00 -0.06 -0.10 -0.77 0.25 0.07 0.56 0.08
9.00 25.83 49.79 558.68 -320.01 -0.50 0.44 -0.72 0.65 0.63 0.45 0.35
24.00 195.62 208.26 -76.69 505.01 0.27 -0.59 0.52 0.16 0.38 0.21 0.71
5.00 6.44 -63.53 -44.63 -199.71 -0.36 0.55 1.00 0.77 0.74 0.11 0.16
16.00 80.55 -434.51 -173.57 613.69 -0.74 0.55 -0.13 0.86 0.29 0.54 0.19
9.00 25.09 -215.19 179.55 268.69 0.07 0.61 0.00 0.69 0.59 0.75 0.22
16.00 84.87 46.32 -581.45 538.74 -0.07 0.05 -0.73 0.69 0.38 0.95 0.17
9.00 8.14 -430.35 -22.51 -230.21 -0.75 0.78 -0.99 0.06 0.61 0.91 0.31
6.00 1.55 -437.36 358.22 455.20 -0.65 -0.64 0.67 0.69 0.30 0.04 0.90
31.00 314.40 -3.71 -150.17 -115.80 -0.47 -0.98 -0.66 0.18 0.87 0.00 0.03
12.00 40.87 62.83 380.27 -35.09 -0.95 0.62 -0.61 0.58 0.72 0.86 0.39
29.00 157.27 762.98 132.19 -59.17 0.46 0.31 -0.47 0.51 0.82 0.62 0.51
16.00 15.58 -570.90 440.24 -280.03 0.08 0.76 -0.27 0.71 0.91 0.39 0.93
10.00 12.04 7.81 329.28 -602.16 0.83 0.09 0.21 0.31 0.84 0.42 0.62
12.00 38.91 -664.57 41.98 279.46 0.11 -0.79 -0.18 0.18 0.44 0.02 0.67
20.00 5.86 505.37 280.61 -164.27 0.96 -0.83 0.99 0.76 0.21 0.13 0.22
11.00 10.39 86.23 -96.16 -463.50 0.70 0.13 0.85 0.70 0.31 0.27 0.32
33.00 286.61 -14.78 -621.58 -290.05 0.78 -0.40 0.12 0.07 0.06 0.72 0.41
9.00 17.63 -218.69 575.98 504.07 -0.63 0.68 0.72 0.70 0.91 0.90 0.22
11.00 12.25 -637.12 184.65 374.00 0.87 0.42 -0.84 0.04 0.21 0.95 0.74
9.00 8.28 367.75 520.62 223.06 0.69 0.56 0.69 0.95 0.73 0.20 0.00
21.00 94.30 -529.27 27.71 327.88 -0.14 -0.22 -0.45 0.45 0.79 0.42 0.11
24.00 64.21 -613.20 -280.69 -376.27 -0.22 0.19 -0.34 0.79 0.62 0.62 0.71
21.00 19.10 -263.57 640.16 -307.73 0.15 -0.43 0.01 0.79 0.35 0.35 0.37
13.00 0.79 -276.20 -120.57 -587.62 -0.60 -0.12 0.16 0.28 0.02 0.21 0.42
5.00 5.40 -11.26 -72.31 -496.08 -0.11 -0.55 0.91 0.78 0.04 0.21 0.34
6.00 1.70 -333.94 39.50 -353.64 -0.32 0.05 -0.63 0.16 0.43 0.11 0.82
5.00 4.51 198.42 377.91 -655.07 0.73 0.54 -0.75 0.38 0.80 0.21 0.40
28.00 207.97 -135.73 -257.92 -403.08 0.67 0.91 0.24 0.06 0.13 0.62 0.44
5.00 2.48 -385.07 168.55 191.24 -0.03 -0.36 -0.39 0.83 0.64 0.09 0.22
7.00 15.26 431.15 -153.80 -458.74 -0.29 0.75 0.47 0.91 0.17 0.44 0.05
15.00 67.18 432.34 49.65 -432.16 -0.53 -0.01 -0.17 0.70 0.05 0.10 0.48
16.00 65.00 244.97 427.95 -389.18 -0.70 0.40 -0.06 0.29 0.30 0.76 0.88
6.00 7.21 -685.56 -181.82 155.77 0.00 -0.12 -0.23 0.88 0.96 0.29 0.39
5.00 7.18 -311.85 43.32 64.50 0.33 -0.71 0.14 0.43 0.88 0.85 0.23