18.63 1052
5.00 2.32 754.48 133.63 39.58 -0.32 0.19 0.65 0.56 0.65 0.49 0.36
7.00 5.02 461.32 -164.53 539.45 0.24 -0.30 0.15 0.38 0.31 0.55 0.70
14.00 36.76 162.61 -25.17 727.43 0.10 0.17 -0.10 0.39 0.99 0.13 0.71
21.00 92.63 -155.64 92.11 -590.98 0.15 -0.52 0.10 0.96 0.44 0.94 0.29
13.00 35.34 465.42 2.27 114.96 0.29 -0.61 0.72 0.04 0.49 0.43 0.77
8.00 0.21 -356.67 598.64 153.77 -0.66 -0.57 -0.90 0.65 0.00 0.84 0.77
20.00 107.93 -707.88 -90.64 36.81 -0.56 0.00 0.88 0.31 0.84 0.28 0.26
10.00 11.37 128.15 437.64 619.15 0.24 -0.05 -0.63 0.14 0.96 0.25 0.59
7.00 7.17 29.00 -337.91 -658.74 0.98 0.56 0.74 0.10 0.06 0.73 0.85
6.00 9.34 55.01 288.05 -548.20 0.97 -0.29 0.81 0.78 0.82 0.15 0.81
9.00 22.63 -255.95 -602.57 191.84 0.99 -0.34 0.45 0.75 0.65 0.42 0.35
8.00 3.36 -309.72 570.95 100.65 0.37 -0.47 -0.16 0.64 0.26 0.97 0.93
8.00 17.52 156.67 -653.87 -427.82 0.33 0.64 -0.51 0.56 0.36 0.35 0.54
10.00 29.87 677.95 250.58 -127.02 0.60 -0.30 0.12 0.32 0.66 0.70 0.26
14.00 8.50 -536.48 -530.50 -247.32 -0.72 -0.61 0.53 0.22 0.16 0.80 0.75
6.00 0.09 317.74 35.42 254.55 0.27 0.46 0.36 0.75 0.78 0.92 0.38
38.00 20.50 -290.41 -210.27 -158.57 -0.29 -0.73 0.94 0.26 0.79 0.85 0.69
25.00 158.67 -40.38 392.48 -689.57 0.49 -0.38 0.12 0.30 0.35 0.52 0.99
12.00 39.37 340.03 -163.43 -367.56 0.70 0.38 0.81 0.26 0.15 0.03 0.70
13.00 35.43 -56.48 452.61 471.09 0.64 -0.23 -0.27 0.29 0.47 0.67 0.63
5.00 5.58 203.47 520.08 -494.92 0.73 -0.38 0.82 0.02 0.97 0.73 0.12
25.00 131.41 90.38 750.16 234.72 -1.00 0.35 -0.93 0.96 0.98 0.14 0.98
5.00 5.05 -464.08 -295.07 -10.72 -0.76 0.21 0.82 0.51 0.66 0.13 0.66
11.00 30.64 -260.21 -123.93 -382.91 0.13 -0.43 0.32 0.36 0.73 0.72 0.39
9.00 24.24 -37.98 704.00 -328.22 -0.45 -0.48 -0.94 0.32 0.54 0.18 0.15
6.00 4.42 79.33 26.65 143.33 0.89 0.38 0.08 0.52 0.98 0.17 0.69
6.00 3.45 -0.84 364.55 -31.42 -0.40 -0.35 0.72 0.51 0.46 0.44 0.10
6.00 10.95 -33.44 -11.05 248.71 0.41 -1.00 0.99 0.86 0.04 0.86 0.30
16.00 70.97 -179.89 -135.66 -737.77 0.34 0.68 -0.95 0.15 0.84 0.70 0.83
11.00 16.67 -416.34 -79.09 -473.89 0.37 -0.82 -0.70 0.47 0.78 0.85 0.38
9.00 17.05 -642.64 319.35 304.19 0.18 0.25 -0.79 0.33 0.46 0.56 0.33
14.00 60.04 -529.73 -186.28 -226.30 0.01 0.16 -0.81 0.87 0.31 0.67 0.53
7.00 4.92 -446.15 -146.51 -421.98 0.55 0.04 0.30 0.85 0.37 1.00 0.15
8.00 3.22 -140.84 299.80 -375.67 0.11 -0.48 -0.90 0.25 0.02 0.99 0.47
13.00 8.04 177.29 530.98 -268.44 -0.75 -0.08 -0.99 0.63 0.27 0.47 0.68
8.00 10.65 -13.95 397.42 71.86 -0.35 0.46 0.18 0.63 0.82 0.87 0.79
5.00 5.59 -394.58 27.62 -380.23 0.03 -0.76 -0.69 0.07 0.87 0.40 0.92
10.00 20.05 -686.61 -12.04 243.92 -0.70 -1.00 0.05 0.58 0.79 0.28 0.14
13.00 10.20 338.79 378.62 32.57 0.02 -0.75 -0.65 0.64 0.50 0.03 0.42
6.00 9.99 210.59 289.03 -423.64 0.96 0.05 -0.72 0.94 0.54 0.32 0.81
17.00 58.45 -134.01 -471.35 427.00 -0.26 0.85 -0.20 0.58 0.38 0.84 0.24
16.00 33.40 190.08 -662.19 -258.45 -0.29 -0.05 -0.81 0.98 0.01 0.60 0.26
6.00 8.52 105.89 157.17 473.46 0.81 -0.78 -0.44 0.24 0.42 0.15 0.15
6.00 10.78 52.31 -266.92 -746.72 0.22 -0.54 -0.99 0.29 0.31 0.26 0.25
7.00 13.09 -76.39 246.40 -662.39 0.75 -0.72 -0.73 0.93 0.64 0.39 0.79
9.00 7.28 108.46 454.48 -234.15 -0.32 0.75 -0.44 0.64 0.19 0.97 0.70
10.00 27.96 -245.27 436.74 -376.08 0.80 -0.18 0.67 0.94 0.35 0.16 0.10
21.00 135.95 438.23 144.50 -215.42 -0.63 -0.18 0.20 0.73 0.62 0.29 0.33
5.00 6.45 244.14 -47.12 -252.93 0.50 0.09 -0.93 0.31 0.87 0.84 0.14
9.00 21.88 286.16 -199.41 270.63 -0.10 -0.54 -0.44 0.63 0.36 0.84 0.57
14.00 1.68 -355.01 -662.72 130.36 0.13 -0.01 -0.43 0.86 0.76 0.71 0.32
17.00 70.80 -122.19 710.65 88.17 0.57 -0.32 -0.15 0.72 0.99 0.88 0.37
5.00 3.98 662.93 -89.30 -303.64 0.08 0.87 0.84 0.90 0.41 0.03 0.51
6.00 10.13 -338.12 322.82 -106.19 0.10 0.21 -0.34 0.53 0.31 0.93 0.22
17.00 39.08 -644.52 -188.77 -40.85 0.31 0.29 0.25 0.23 0.16 0.23 0.39
14.00 19.88 -24.73 -91.84 -755.18 0.09 -0.40 -0.71 0.81 0.32 0.73 0.07
15.00 46.54 38.37 675.70 -254.41 0.82 0.14 0.09 0.17 0.25 0.47 0.58
12.00 5.70 -485.33 516.12 -248.67 -0.61 0.73 -0.25 0.77 0.22 0.00 0.80
30.00 7.14 398.24 -47.80 591.93 0.05 -0.15 -0.41 0.46 0.86 0.68 1.00
6.00 10.81 72.70 17.88 -532.40 -0.96 0.35 -0.20 0.89 0.52 0.27 0.02
14.00 28.08 -304.46 191.35 -526.54 -0.64 0.31 -0.20 0.42 0.91 0.09 0.66
7.00 2.20 -575.52 258.84 136.96 0.39 -0.99 -0.34 0.40 0.35 0.53 0.28
14.00 44.95 285.35 32.91 197.79 0.71 0.88 -0.51 0.56 0.66 0.35 0.55
12.00 8.11 -633.04 -216.26 438.43 -0.18 -0.03 -0.89 0.74 0.41 0.81 0.57
7.00 1.78 8.30 -581.12 -521.96 0.19 0.40 0.63 0.20 0.36 0.94 0.44
9.00 24.63 -85.16 -364.30 119.26 0.62 -0.84 -0.07 0.85 0.89 0.76 0.04
26.00 208.16 576.40 67.41 363.80 -0.58 -0.04 0.98 0.34 0.42 0.14 0.58
9.00 20.30 504.90 362.28 267.07 0.03 0.53 0.85 0.33 0.19 0.01 0.37
15.00 36.53 676.17 172.02 -289.70 -0.06 -0.48 0.64 0.31 0.57 0.03 0.07
25.00 46.24 -72.61 217.92 45.54 -0.55 0.59 0.11 0.69 0.13 0.61 0.54
7.00 4.89 -410.74 416.46 343.29 0.63 0.62 -0.51 0.66 0.08 0.28 0.47
10.00 11.20 -133.60 -503.02 495.14 -0.78 0.18 -0.60 0.11 0.06 0.81 0.82
23.00 104.38 -151.84 490.91 384.74 0.98 -0.81 -0.60 0.74 0.29 0.94 0.93
25.00 135.89 -285.53 -246.23 186.10 -0.08 -0.54 0.88 0.57 0.38 0.66 0.81
7.00 3.21 171.84 -335.30 277.14 -0.73 0.58 -0.82 0.17 0.67 0.97 0.95
13.00 29.87 198.34 -258.32 100.50 -0.91 0.03 -0.17 0.52 0.34 0.81 0.29
12.00 33.31 -372.84 174.73 402.23 0.57 -0.79 0.50 1.00 0.09 0.26 0.49
22.00 7.95 -45.21 604.24 59.54 0.67 0.73 -0.11 0.03 0.44 0.04 0.56
7.00 8.24 241.34 -528.59 288.52 0.89 -0.17 -0.38 0.59 0.14 0.33 0.31
22.00 56.48 -227.62 -692.76 127.74 -0.96 -0.23 0.98 0.50 0.38 0.56 0.25
5.00 6.29 -270.54 -318.51 384.43 -0.80 0.96 -0.00 0.74 0.77 0.23 0.99
6.00 4.91 -55.29 276.30 483.81 0.30 0.36 -0.77 0.48 0.08 0.97 0.31
5.00 0.06 -214.19 -430.30 -271.54 -0.83 0.01 0.13 0.77 0.30 0.82 0.74
15.00 11.53 -388.13 -374.24 584.76 -0.20 -0.86 0.52 0.90 0.58 0.45 0.74
16.00 18.14 -74.66 -703.97 83.97 -0.91 -0.83 -0.20 0.08 0.38 0.36 0.18
9.00 6.20 352.67 561.08 -391.07 -0.63 -0.64 -0.25 0.55 0.65 0.47 0.88
6.00 9.66 -187.85 428.43 540.49 0.77 0.30 0.84 0.97 0.47 0.50 0.41
26.00 160.20 -272.84 -383.38 293.40 -0.11 0.54 -0.87 0.60 0.36 0.12 0.98
13.00 18.69 343.72 125.50 -8.77 0.79 -0.59 -0.43 0.47 0.63 0.27 0.07
27.00 136.46 133.57 154.18 -410.35 -0.63 0.43 0.85 0.68 0.26 0.31 0.83
8.00 5.79 354.70 -123.05 -583.96 0.73 0.25 -0.85 0.62 0.62 0.32 0.51
7.00 5.95 -48.04 524.71 514.09 -0.53 -0.26 -0.36 0.11 0.37 0.46 0.66
13.00 10.83 -354.52 407.76 492.06 0.34 0.37 -0.56 0.19 0.22 0.55 0.63
9.00 2.14 -268.73 608.43 -18.36 -0.68 0.97 0.67 0.19 0.58 0.20 0.87
31.00 74.79 149.99 387.88 214.10 0.90 -0.73 -0.49 0.80 0.92 0.54 0.12
6.00 5.00 378.40 109.60 298.99 0.42 0.79 0.52 0.13 0.12 0.44 0.42
10.00 1.85 -451.45 -31.60 138.77 0.22 0.24 0.59 0.39 0.94 0.14 0.21
23.00 133.50 386.45 39.92 -143.71 -0.56 0.68 -0.96 0.45 0.41 0.07 0.15
11.00 17.63 36.04 111.98 675.37 0.71 -0.61 -0.95 0.49 0.10 0.92 0.83
15.00 59.50 43.10 -507.55 19.58 0.39 -0.51 0.40 0.91 0.56 0.03 0.86
15.00 21.09 27.96 392.84 -477.70 0.53 -0.02 0.04 0.52 0.48 0.97 0.48
13.00 50.00 -437.64 -134.79 53.74 0.13 0.20 -0.30 0.48 0.74 0.98 0.62
7.00 1.41 -326.37 -157.07 40.43 0.47 0.53 -0.19 0.16 0.65 0.24 0.24
21.00 101.07 547.51 507.52 -9.99 -0.87 0.42 -0.85 0.09 0.06 0.25 0.70
8.00 17.16 329.85 -638.14 -130.78 0.40 -0.94 0.25 0.93 0.01 0.06 0.57
9.00 3.82 122.07 -443.18 -582.22 -0.85 0.98 0.64 0.41 0.34 0.77 0.92
6.00 7.15 431.43 -212.22 -23.38 0.29 -0.73 0.39 0.76 0.29 0.77 0.58
22.00 35.60 -116.03 -506.52 -421.01 -0.08 0.08 -0.79 0.83 0.21 0.28 0.92
5.00 1.19 457.10 -176.86 24.09 0.24 0.52 -0.50 0.32 0.01 0.09 0.61
14.00 10.81 -260.52 474.73 260.47 -0.46 0.29 0.07 0.50 0.26 0.57 0.75
11.00 14.06 -308.22 200.65 709.52 -0.84 -0.21 -0.90 0.82 0.15 0.56 0.12
5.00 4.30 372.20 -100.86 -230.50 -0.66 0.62 0.18 0.23 0.17 0.76 0.69
17.00 62.42 -715.08 -276.95 71.12 -0.81 0.41 -0.69 0.94 0.22 0.47 0.16
6.00 2.77 662.84 278.44 -253.56 -0.08 0.99 -0.46 0.63 0.34 0.89 0.76
5.00 4.75 32.73 495.24 -170.96 0.64 -0.27 0.04 0.33 0.89 0.83 0.89
9.00 17.14 -61.20 402.20 352.51 -0.49 -0.60 -0.80 0.95 0.25 0.52 0.01
13.00 12.51 435.62 79.88 -418.45 0.28 -0.97 0.40 0.46 0.29 0.22 0.35
23.00 17.21 128.94 679.88 -104.02 -0.37 0.33 0.20 0.58 0.79 0.60 0.93
8.00 4.91 -50.27 624.20 -40.54 -0.14 -0.29 -1.00 0.71 0.99 0.87 0.48
7.00 1.14 266.88 -296.17 -569.92 0.97 0.92 0.02 0.48 0.08 0.33 0.93
24.00 19.86 -260.72 -287.38 -630.81 -0.26 0.94 0.22 0.24 0.61 0.60 0.75
12.00 28.67 16.35 -425.46 106.27 0.15 -0.20 -0.23 0.00 0.56 0.17 0.03
27.00 88.72 283.76 -299.73 373.54 -0.11 -0.61 -0.79 0.12 0.19 0.50 0.17
28.00 135.47 4.58 658.22 272.69 0.16 0.93 0.39 0.50 0.30 0.37 0.06
8.00 2.26 580.67 -25.97 234.38 -0.75 -0.17 0.40 0.32 0.72 0.18 0.71
5.00 6.79 -357.43 -1.50 541.10 -0.36 -0.13 0.40 0.88 0.43 0.71 0.81
34.00 257.27 306.00 -614.81 130.85 -0.74 -0.20 -0.18 0.16 0.32 0.06 0.33
9.00 20.54 684.44 -255.03 -122.43 -0.60 -0.31 0.19 0.49 0.13 0.46 0.69
17.00 76.80 675.73 -401.18 63.52 -0.82 0.13 0.64 0.91 0.19 0.54 0.37
6.00 1.19 61.34 646.50 346.50 -0.29 0.68 0.04 0.39 0.36 0.37 0.78
9.00 5.12 -595.19 94.80 426.27 0.22 -0.34 0.28 0.48 0.21 0.89 0.96
7.00 10.38 -180.90 192.70 -753.08 0.44 -0.83 -0.90 0.97 0.13 0.20 0.77
30.00 244.84 13.25 18.05 210.88 -0.29 0.39 0.23 0.22 0.22 0.66 0.41
8.00 9.83 341.05 527.60 465.51 0.89 -0.10 -0.54 0.55 0.29 0.54 0.47
10.00 15.74 657.65 208.22 -380.07 0.38 -0.03 -0.96 0.71 0.93 0.88 0.30
19.00 48.17 318.51 352.46 -634.02 0.85 0.07 -0.04 0.32 0.11 0.37 0.06
7.00 1.84 373.90 -77.41 30.90 -0.65 -0.83 -0.89 0.53 0.65 0.95 0.56
6.00 10.60 -515.19 105.16 -172.53 -0.36 -0.93 0.39 0.67 0.61 0.01 0.98
10.00 5.72 -267.48 -235.08 -547.41 0.83 0.28 0.81 0.52 0.07 0.77 0.86
12.00 38.31 21.94 -338.62 198.99 -0.31 -0.86 -0.42 0.31 0.93 0.24 0.90
13.00 47.08 225.23 541.75 -539.38 -0.07 0.43 -0.60 0.39 0.37 0.92 0.01
16.00 0.10 -569.69 -298.36 -415.85 -0.72 0.17 -0.89 0.33 0.14 0.77 0.31
8.00 6.61 522.02 -469.24 -278.89 -0.19 -0.70 -0.07 0.74 0.74 0.94 0.65
5.00 6.14 521.12 -432.12 364.98 -0.49 -0.74 -0.76 0.28 0.57 0.29 0.19
27.00 29.97 -208.53 -151.49 -138.18 -0.69 -0.76 0.65 0.94 0.56 0.52 0.07
8.00 6.28 541.88 337.74 -92.24 0.61 -0.41 0.78 0.47 0.74 0.48 0.08
7.00 3.26 -145.55 -166.06 -253.75 1.00 0.23 0.72 0.45 0.46 0.73 0.95
9.00 7.36 580.63 -40.56 309.21 -0.65 -0.49 0.53 0.54 0.85 0.86 0.18
15.00 19.51 -590.90 -280.06 -307.88 -0.51 0.79 0.53 0.56 0.54 0.44 0.61
12.00 25.90 290.11 227.07 -555.57 0.47 -0.80 -0.19 0.38 0.53 0.09 0.21
9.00 19.57 -506.06 -270.28 -19.53 -0.07 0.77 -0.17 0.58 0.30 0.70 0.13
30.00 247.69 305.63 462.13 576.01 -0.64 -0.19 0.34 0.11 0.84 0.09 0.92
5.00 4.79 -242.20 336.92 -24.63 0.74 0.42 0.16 0.20 0.33 0.75 0.28
16.00 26.50 62.43 556.99 -256.90 0.91 -0.43 1.00 0.23 0.43 0.09 0.95
5.00 0.75 375.73 102.15 208.26 -0.60 -0.65 0.84 0.81 0.34 0.96 0.94
22.00 50.47 701.43 168.41 -325.63 0.24 -0.97 -0.95 0.28 0.56 0.99 0.84
8.00 17.35 -100.91 451.42 -350.05 0.76 -0.14 0.65 0.30 0.62 0.65 0.95
7.00 11.17 -190.71 420.45 -463.55 -0.89 0.23 0.17 0.11 0.66 0.91 0.82
22.00 109.91 -187.59 742.25 75.50 -0.26 -0.52 -0.39 0.60 0.21 0.70 0.09
13.00 7.92 408.11 41.11 363.80 -0.48 0.50 -0.16 0.14 0.02 0.77 0.70
9.00 9.48 -79.05 185.15 -606.90 -0.62 0.50 0.25 0.49 0.89 0.05 0.64
12.00 40.41 244.17 572.18 -436.71 -0.19 -0.97 0.72 0.40 0.89 0.15 0.64
13.00 30.17 -377.85 -430.55 -95.09 0.10 -0.68 0.02 0.69 0.83 0.11 0.36
5.00 2.04 -544.85 -45.54 434.24 -0.18 0.87 -0.34 0.07 0.39 0.22 0.66
16.00 5.17 -740.73 129.82 52.29 -0.56 0.35 -0.56 0.83 0.62 0.35 0.39
30.00 272.66 -275.52 2.52 -694.62 -0.14 -0.99 0.95 0.50 0.42 0.08 0.84
23.00 131.61 203.36 -82.12 565.75 0.62 -0.50 -0.25 0.77 0.90 0.45 0.80
5.00 6.63 106.81 768.18 -123.43 0.05 -0.78 0.11 0.00 0.72 1.00 0.82
6.00 8.97 -144.35 91.25 509.12 0.18 0.57 -0.01 0.92 0.76 0.48 0.02
6.00 4.25 -277.63 441.79 201.75 0.89 0.74 -0.50 0.34 0.53 0.66 0.25
27.00 200.22 275.96 -204.50 708.19 -0.18 -0.26 0.00 0.35 0.93 0.28 0.48
8.00 16.48 309.64 -11.31 -699.00 0.13 0.75 -1.00 0.07 0.36 0.32 0.87
24.00 44.00 -582.05 511.05 -35.99 -0.56 -0.62 -0.85 0.61 0.02 0.36 0.01
11.00 10.91 -414.09 361.92 452.26 -0.59 0.59 0.63 0.55 0.93 0.20 0.11
13.00 5.54 -178.98 130.07 -385.36 0.14 -0.17 0.04 0.98 0.50 0.03 0.46
7.00 14.39 402.48 371.36 -462.53 -0.25 0.62 -0.83 0.36 0.32 0.14 0.70
15.00 64.21 -99.95 147.12 -354.99 -0.86 0.64 0.01 0.45 0.62 0.87 0.57
28.00 196.71 -136.34 573.01 -168.25 -0.41 0.00 0.89 0.55 0.24 0.04 0.46
24.00 61.60 687.95 -153.66 -229.04 0.94 0.50 -0.72 0.51 0.29 0.78 0.20
16.00 3.66 5.14 338.76 160.92 -0.90 -0.96 -0.33 0.10 0.18 0.17 0.16
5.00 0.65 -166.97 -572.84 -341.89 0.87 -0.12 -0.87 0.14 0.97 0.96 0.36
14.00 34.40 132.35 460.17 12.46 -0.48 0.73 -0.18 0.96 0.38 0.38 0.49
13.00 24.93 458.62 -113.56 -430.38 -0.12 -0.89 0.54 0.62 0.97 0.81 0.65
10.00 13.98 413.53 346.09 204.20 0.10 0.99 0.83 0.06 0.25 0.34 0.40
15.00 31.10 168.40 -159.09 438.17 0.76 -0.04 -0.66 0.92 0.97 0.05 0.66
17.00 15.01 173.42 99.31 -616.62 0.82 0.11 -0.49 0.91 0.77 0.03 0.33
20.00 1.57 -724.35 24.79 324.81 0.29 -0.04 0.60 0.16 0.80 0.76 0.37
12.00 7.95 -309.08 -205.48 -382.54 0.21 -0.13 -0.77 0.49 0.12 0.15 0.06
5.00 2.20 10.04 -556.36 100.95 0.37 0.42 0.19 0.69 0.92 0.98 0.55
10.00 9.75 -253.62 -335.68 110.14 -0.55 -0.81 0.69 0.39 0.82 0.75 0.26
23.00 43.08 532.60 -65.40 -546.30 0.03 0.84 -0.96 0.32 0.97 0.36 0.35
5.00 6.50 132.51 -645.05 -216.49 -0.39 0.37 0.75 0.99 0.96 0.98 0.57
16.00 21.53 -157.96 32.05 227.70 -0.63 -0.73 -0.60 0.11 0.53 0.78 0.16
14.00 48.62 -358.25 128.46 -587.95 0.01 0.87 0.50 0.49 0.38 0.99 0.46
8.00 18.21 -32.76 186.56 -252.86 -0.75 -0.18 -0.69 0.55 0.49 0.01 0.44
25.00 99.64 485.83 -175.87 -188.98 0.54 0.01 0.71 0.89 0.66 0.84 0.21
6.00 3.02 155.79 -457.78 -162.01 -0.69 0.24 -0.89 0.77 0.96 0.27 0.06
17.00 73.04 -204.75 580.65 5.98 -0.85 -0.32 -0.57 0.86 0.17 0.14 0.89
6.00 5.41 -366.52 -396.17 -187.58 0.19 -0.46 0.80 0.26 0.69 0.31 0.13
16.00 71.47 780.30 57.29 -41.22 0.61 0.97 0.25 0.73 0.78 0.50 0.77
13.00 27.96 -93.93 -38.92 503.75 -0.22 0.88 0.41 0.72 0.13 0.33 0.96
13.00 30.08 -283.82 -167.08 586.07 0.11 -0.10 -0.49 0.15 0.94 0.37 0.76
17.00 10.83 50.37 -723.52 -38.03 -0.21 -0.94 -0.90 0.83 0.33 0.54 0.13
11.00 3.64 -277.85 -376.28 -602.91 -0.31 -0.42 0.03 0.03 0.85 0.37 0.27
10.00 29.07 -578.04 307.20 -447.78 -0.91 -0.77 -0.81 0.46 0.54 0.28 0.26
11.00 10.31 131.83 -587.68 -497.01 0.90 0.56 -0.72 0.89 0.31 0.42 0.89
10.00 29.04 651.64 227.43 -233.99 0.62 0.47 -0.94 0.80 0.59 0.00 0.92
5.00 5.25 527.12 -539.33 -135.83 0.35 -0.09 -0.06 0.57 0.46 0.09 0.82
14.00 5.42 -56.01 108.25 -519.49 -0.67 0.74 0.35 0.96 0.61 0.09 0.09
11.00 16.34 93.20 676.28 -136.51 0.76 0.97 -0.48 0.41 0.07 0.62 0.80
5.00 1.86 -341.12 -206.87 -661.79 -0.60 -0.82 0.62 0.45 0.96 0.13 0.35
8.00 12.44 -446.02 528.50 301.93 -0.85 0.48 -0.50 0.79 0.94 0.66 0.99
8.00 8.16 -394.10 -25.58 453.52 -0.83 0.99 -0.99 0.48 0.13 0.55 0.79
17.00 55.86 17.07 38.46 419.93 0.46 0.65 -0.21 0.13 0.17 0.59 0.42
7.00 7.27 -45.12 333.73 12.26 -0.36 -0.99 -0.30 0.23 0.37 0.23 0.86
31.00 209.02 163.65 -13.28 -68.03 -0.23 -0.05 0.15 0.23 0.02 0.25 0.16
8.00 0.17 -98.55 -300.20 215.63 0.66 0.16 -0.23 0.92 0.79 0.70 0.26
13.00 51.84 108.21 -309.29 428.70 0.34 -0.16 -0.22 0.31 0.56 0.83 0.55
13.00 2.15 -109.25 -515.14 -117.04 -0.70 -0.00 -0.24 0.60 0.66 0.11 0.19
6.00 5.39 277.04 72.25 -229.48 0.22 -0.74 -0.54 0.64 0.52 0.46 0.22
9.00 2.08 236.73 3.23 357.62 0.78 -0.73 -0.11 0.51 0.12 0.51 0.94
8.00 4.85 682.01 -71.45 272.71 0.35 -0.94 0.39 0.48 0.32 0.63 0.97
7.00 1.80 340.30 -385.40 278.07 -0.03 0.57 0.16 0.51 0.44 0.58 0.57
6.00 1.08 -469.55 -259.62 -135.85 -0.23 0.11 -0.13 0.73 0.11 0.99 0.44
12.00 18.70 -592.42 -243.56 247.89 0.47 0.62 -0.94 0.59 0.94 0.50 0.66
12.00 18.16 656.55 -60.22 -174.81 0.50 -0.68 -0.78 0.97 0.50 0.77 0.58
23.00 112.01 -133.67 299.15 582.29 0.88 -0.55 0.13 0.38 0.01 0.04 0.10
10.00 3.55 -575.04 -226.57 -428.44 -0.13 -0.21 0.37 0.60 0.66 0.69 0.32
6.00 7.01 -99.87 350.41 469.23 0.24 -0.22 -0.40 0.01 0.83 0.09 0.90
30.00 115.61 286.83 91.13 -365.32 -0.46 -0.37 -0.64 0.09 0.11 0.09 0.45
17.00 44.56 -176.25 457.55 544.13 -0.32 -0.82 -0.14 0.30 0.92 0.09 0.43
7.00 2.77 373.00 -651.75 77.83 -0.12 -1.00 0.96 0.47 0.88 0.39 0.29
5.00 5.60 -615.74 -104.00 -303.04 -0.01 0.64 0.79 0.57 0.42 0.22 0.44
10.00 24.95 530.34 -382.85 -39.19 0.07 -0.08 0.21 0.96 0.32 0.70 0.28
5.00 0.97 554.04 -293.40 -147.25 -0.00 -0.40 0.66 0.21 0.66 0.54 0.36
7.00 2.71 8.97 -11.92 -757.05 -0.03 0.18 0.97 0.84 0.84 0.52 0.15
22.00 17.94 -200.55 272.40 -322.05 -0.49 -0.30 0.72 0.86 0.70 0.40 0.16
6.00 9.37 -71.12 3.07 -668.50 0.97 -0.78 0.53 0.49 0.98 0.39 0.64
10.00 0.66 -330.65 -410.38 95.37 0.29 -0.46 -0.65 0.44 0.00 0.76 0.96
14.00 18.53 -727.89 287.12 -135.28 0.77 0.26 0.30 0.90 0.43 0.15 0.74
9.00 11.40 576.66 -421.10 -343.99 0.67 -0.57 -0.93 0.59 0.68 0.96 0.44
9.00 16.01 -269.99 335.03 210.30 0.25 -0.03 -0.86 0.22 0.69 0.94 0.65
17.00 38.49 329.88 150.70 -456.98 -0.10 0.73 -0.86 0.10 0.32 0.16 0.43
6.00 7.80 241.80 330.32 -243.42 0.62 0.78 -0.36 0.27 0.79 0.78 0.64
15.00 64.30 593.90 412.87 4.62 0.79 0.04 -0.99 0.45 0.09 0.05 0.11
8.00 4.78 -48.51 544.58 -151.75 0.47 0.02 0.52 0.23 0.43 0.87 0.29
14.00 56.52 -148.86 -415.57 -58.66 0.34 0.49 0.54 0.11 0.71 0.87 0.53
13.00 18.84 46.62 118.03 -108.90 -0.39 -0.91 -0.73 0.47 0.00 0.77 0.58
36.00 207.17 249.29 -390.69 -437.34 0.41 0.24 0.16 0.80 0.42 0.54 0.79
12.00 9.56 447.73 -426.28 -177.00 -0.37 -0.67 0.37 0.86 0.24 0.01 0.51
15.00 51.32 144.39 -585.21 220.76 0.10 -0.70 0.56 0.89 0.32 0.95 0.59
7.00 11.89 -291.61 -12.12 221.95 0.84 -0.73 -0.46 0.63 0.65 0.12 0.54
9.00 8.31 -533.22 311.22 -84.58 -0.29 0.10 -0.26 0.28 0.51 0.30 0.11
8.00 18.77 -406.29 168.97 378.63 0.02 -0.00 0.49 0.73 0.39 0.97 0.90
13.00 4.06 -696.94 -75.92 -363.76 -0.92 0.66 0.43 0.41 0.58 0.27 0.00
16.00 51.90 -91.61 -183.72 388.79 -0.85 0.33 -0.34 0.67 0.16 0.76 0.49
14.00 34.85 328.84 -249.01 -587.56 -0.62 -0.39 0.95 0.04 0.45 0.38 0.88
8.00 16.11 -115.47 71.57 44.98 0.24 0.10 -0.10 0.55 0.09 0.48 0.05
14.00 24.22 -104.26 -575.54 471.64 -0.63 -0.58 0.37 0.87 0.52 0.74 0.67
11.00 31.23 -88.18 27.56 164.01 0.10 0.40 -0.61 0.00 0.30 0.92 0.29
24.00 54.36 -434.01 552.50 -210.60 -0.22 0.56 -0.10 0.40 0.20 0.25 0.37
17.00 31.38 -30.11 337.31 443.07 -0.63 -0.73 0.45 0.78 0.28 0.33 0.17
6.00 7.16 -202.50 609.04 289.23 -0.70 0.38 -0.14 0.56 0.11 0.80 0.12
12.00 43.79 -285.60 -238.33 230.02 -0.25 0.74 -0.97 0.28 0.16 0.60 0.89
6.00 5.24 155.95 123.95 -160.96 -0.10 0.20 0.17 0.67 0.83 0.18 0.99
16.00 14.68 -384.33 31.86 -288.02 -0.04 -0.99 -0.07 0.47 0.93 0.39 0.26
10.00 15.53 401.20 -53.75 114.84 -0.07 -0.98 -0.12 0.57 0.17 0.42 0.52
6.00 9.69 -456.58 -281.60 -165.64 0.69 -0.50 0.25 0.47 0.41 0.78 0.84
8.00 3.90 232.11 340.57 -293.49 -0.71 -0.55 0.69 0.59 0.37 0.85 0.76
6.00 10.00 421.36 507.32 -351.58 0.01 -0.19 0.76 0.47 0.66 0.97 0.94
11.00 3.64 -229.91 647.95 302.95 -0.77 -0.21 0.87 0.81 0.18 0.39 0.71
10.00 23.13 400.40 -593.78 247.73 0.90 0.76 -0.54 0.54 0.37 0.42 0.37
25.00 89.43 301.51 68.36 277.17 0.31 0.04 0.72 0.39 0.85 0.43 0.14
6.00 8.74 420.49 -134.20 -381.14 0.93 -0.57 -0.42 0.47 1.00 0.15 0.30
9.00 4.44 -330.04 -185.64 687.48 -0.01 0.25 -0.14 0.82 0.54 0.54 0.83
30.00 148.59 -66.84 -716.88 -213.55 -0.69 -0.04 0.89 0.09 0.11 0.75 0.82
17.00 20.93 58.36 417.85 -227.36 0.24 0.27 0.51 0.67 0.51 0.45 0.47
12.00 30.71 -150.84 -43.09 -782.84 -0.08 -0.73 -0.31 0.85 0.36 0.70 0.08
21.00 115.48 39.23 472.85 288.69 0.41 -0.65 -0.23 0.97 0.67 0.41 0.71
18.00 86.24 288.77 -471.79 -119.96 0.04 0.41 -0.44 0.36 0.99 0.54 0.87
17.00 20.50 39.93 -553.11 -323.72 -0.73 0.66 -0.40 0.16 0.39 0.37 0.60
19.00 49.53 -459.20 -1.35 -234.27 -0.43 -0.76 0.99 0.27 0.24 0.52 0.03
10.00 23.07 128.90 -620.25 -217.43 0.85 -0.74 -0.63 0.39 0.84 0.75 0.86
21.00 47.12 -33.58 290.39 -352.06 -0.47 0.73 -0.56 0.66 0.20 0.88 0.61
15.00 6.91 -703.88 209.61 78.60 -0.48 0.87 -0.07 0.92 0.82 0.73 0.17
7.00 12.86 -19.63 -218.94 -759.35 -0.08 0.21 -0.70 0.39 0.06 0.78 0.79
20.00 16.02 552.29 321.24 22.88 -0.20 0.32 0.08 0.11 0.15 0.82 1.00
31.00 221.87 290.28 340.39 360.76 0.43 0.14 0.58 0.45 0.30 0.13 0.57
10.00 22.43 96.08 -21.43 772.35 -0.58 0.45 -0.86 0.33 0.18 0.04 0.88
7.00 14.84 307.74 -178.00 -44.92 -0.97 0.58 0.34 0.82 0.24 0.93 0.80
24.00 159.09 98.48 17.84 -74.23 -0.83 -0.58 0.84 0.97 0.89 0.07 0.05
29.00 26.97 161.32 113.32 141.90 0.65 -0.49 0.06 0.77 0.90 0.89 0.94
16.00 9.71 -559.77 285.01 73.44 -0.41 0.46 -0.06 0.59 0.69 0.72 0.33
29.00 68.07 -266.19 -76.08 -216.29 0.06 -0.74 -0.43 0.44 0.42 0.05 0.71
12.00 36.32 111.03 -225.93 -282.23 0.24 -0.58 -0.84 0.37 0.03 0.03 0.49
13.00 6.44 327.14 -420.33 431.20 -0.32 -0.97 0.51 0.92 0.24 0.10 0.15
26.00 61.06 578.90 -427.57 -185.75 -0.69 0.98 0.27 0.85 0.06 0.09 0.75
18.00 63.55 90.31 409.50 479.70 0.76 -0.20 -0.04 0.17 0.67 0.58 0.63
18.00 11.17 593.40 -80.52 -499.55 -0.53 -0.74 0.93 0.49 0.31 0.54 0.95
5.00 5.05 569.42 77.19 262.74 0.60 0.79 -0.34 0.51 0.83 0.86 0.87
5.00 6.46 -39.90 144.02 378.22 -0.21 -0.16 -0.80 0.69 0.54 0.27 0.95
8.00 15.82 86.24 -105.58 456.27 -0.24 -0.94 -0.56 0.27 1.00 0.99 0.45
15.00 35.43 43.81 -501.76 -40.83 0.82 -0.91 0.15 0.25 0.28 0.81 0.21
5.00 3.79 88.26 -321.98 311.34 0.92 0.13 -0.97 0.68 0.19 0.23 0.28
15.00 9.11 178.38 -157.06 586.46 -0.90 -0.96 -0.64 0.19 0.60 0.05 0.92
10.00 16.32 -200.44 -267.33 -672.91 -0.11 0.07 0.89 0.67 0.50 0.60 0.16
20.00 83.13 -74.74 -0.38 -317.07 0.85 0.21 -0.33 0.59 0.34 0.34 0.96
20.00 49.42 479.37 250.43 503.07 -0.50 -0.69 0.04 0.25 0.77 0.78 0.40
5.00 6.36 -572.96 102.72 60.26 0.58 -0.06 -0.83 0.48 0.94 0.87 0.33
17.00 23.56 464.41 91.37 639.90 -0.79 -0.21 -0.99 0.99 0.78 0.56 0.07
11.00 27.63 -272.78 -257.41 -473.28 0.87 -0.57 -0.33 0.83 0.59 0.62 0.57
21.00 7.64 375.39 185.38 -398.02 -0.25 -0.86 -0.31 0.55 0.49 0.52 0.99
25.00 167.34 -738.14 -51.99 -209.77 0.61 -0.76 -0.01 0.81 0.06 0.06 0.41
12.00 41.76 -54.56 -296.32 208.28 -0.67 -0.75 -0.54 0.55 0.72 0.16 0.70
5.00 0.24 -588.57 379.80 229.07 0.47 -0.78 0.43 0.19 0.59 0.08 0.85
7.00 9.35 151.49 -583.38 337.84 -0.66 0.05 0.78 0.25 0.14 0.20 0.38
5.00 4.37 -376.58 -296.54 -7.35 -0.30 -0.98 0.15 0.48 0.20 0.34 0.38
5.00 4.71 -654.03 -391.78 62.60 0.39 0.88 0.59 0.59 0.66 0.93 0.05
12.00 33.58 339.06 -83.56 -30.12 0.86 0.51 0.76 0.25 0.94 0.41 0.89
5.00 5.64 55.92 302.50 385.88 -0.51 0.28 0.59 0.37 0.63 0.36 0.08
19.00 60.31 -635.02 -8.34 -328.51 0.02 0.05 -0.69 0.98 0.51 0.69 0.11
13.00 2.95 -271.74 -386.16 -289.01 -0.39 0.62 0.35 0.93 0.47 0.66 0.37
29.00 116.53 436.07 -526.86 -368.35 0.23 0.91 0.55 0.83 0.74 0.09 0.86
5.00 6.38 119.07 -49.44 -123.85 -0.89 0.79 -0.60 0.35 0.25 0.41 0.30
10.00 0.33 604.69 -215.78 57.18 -0.44 0.34 0.43 0.82 0.36 0.24 0.54
13.00 48.93 619.53 -349.71 -363.48 -0.20 0.18 0.67 0.55 0.87 0.01 0.08
35.00 274.77 -541.81 -156.98 333.91 -0.78 0.60 0.63 0.44 0.92 0.54 0.57
8.00 16.65 -301.55 317.32 49.59 -0.94 0.06 -0.28 0.14 0.84 0.52 0.51
18.00 37.12 349.47 106.77 695.71 -0.54 -0.33 -0.26 0.96 0.50 0.24 0.49
23.00 35.92 214.69 436.90 259.06 -0.09 -0.67 -0.39 0.10 0.90 0.92 0.42
12.00 10.44 187.23 -614.02 439.23 -0.15 -0.68 0.65 0.32 0.30 0.71 0.44
14.00 49.93 464.56 37.16 83.40 0.49 -0.59 0.93 0.41 0.18 0.66 0.00
16.00 73.91 589.35 -37.84 -272.29 0.33 0.80 0.75 0.56 0.63 0.43 0.18
8.00 2.36 116.14 139.26 730.52 0.77 0.20 0.11 1.00 0.01 0.32 0.00
7.00 4.66 -561.46 397.02 -8.62 0.05 0.61 -0.76 0.42 0.66 0.81 0.64
13.00 9.75 -256.42 102.03 660.72 -0.91 -0.67 0.12 0.79 0.41 0.08 0.03
6.00 4.49 206.69 -240.20 260.65 0.86 -0.23 0.46 0.39 0.45 0.61 0.96
12.00 5.95 12.03 -88.41 314.64 -0.59 0.34 -0.94 0.33 0.94 0.44 0.77
20.00 48.47 -303.85 126.60 136.78 0.88 0.61 -0.83 0.62 0.33 0.84 0.62
13.00 36.27 -725.89 318.11 -1.09 -0.10 0.28 0.35 0.39 0.58 0.82 0.73
15.00 14.67 -125.03 227.76 -427.46 -1.00 0.21 0.14 0.50 0.40 0.53 0.48
10.00 29.97 -56.70 -112.63 -609.35 -0.87 0.74 -0.38 0.59 0.16 0.57 0.12
35.00 175.03 -317.72 380.44 -530.51 -0.93 0.85 -0.69 0.34 0.91 0.90 0.27
14.00 49.10 360.40 21.18 -91.68 -0.82 -0.63 -1.00 0.94 0.04 0.79 0.08
7.00 5.80 210.61 413.24 -109.38 -0.51 0.04 -0.25 0.79 0.05 0.74 0.14
5.00 5.03 136.33 -527.17 108.70 -0.97 0.89 -0.12 0.81 0.15 0.84 0.54
9.00 18.49 158.07 198.10 -138.06 -0.06 0.33 0.68 0.86 0.73 0.23 0.61
6.00 2.68 304.37 262.31 318.27 0.42 -0.27 -0.45 0.70 0.72 0.50 0.11
10.00 7.09 -197.82 306.65 274.07 0.27 0.03 -0.80 0.83 0.89 0.50 0.07
8.00 11.51 275.26 -459.84 70.90 -0.57 0.92 -0.38 0.29 0.04 0.36 0.78
6.00 2.69 -238.45 453.39 -156.53 -0.93 -0.27 0.18 0.05 0.90 0.04 0.25
18.00 77.60 -389.91 487.89 417.16 0.88 0.71 -0.82 0.89 0.34 0.78 0.64
15.00 21.48 485.62 -117.61 -268.09 -0.12 -0.74 0.88 0.61 0.21 0.30 0.41
10.00 27.47 -29.90 712.34 359.35 -0.76 -0.29 0.13 0.53 0.28 0.56 0.65
5.00 6.13 -741.12 -205.87 217.69 -0.86 0.05 -0.30 0.71 0.87 0.25 0.03
19.00 11.13 90.38 -438.26 417.97 -0.51 0.78 0.75 0.56 0.70 0.53 0.31
5.00 7.66 143.61 457.87 121.91 0.32 0.89 -0.34 0.22 0.93 0.63 0.58
5.00 3.60 177.84 327.65 486.65 -0.71 0.88 -0.03 0.65 0.02 0.09 0.43
8.00 9.63 537.01 530.32 69.61 -0.54 0.13 0.48 0.68 0.00 0.10 0.95
5.00 1.20 -126.60 -271.44 -514.28 -0.35 0.04 -0.40 0.93 0.19 0.86 0.63
8.00 11.83 384.89 664.54 57.15 0.10 0.78 -0.53 0.30 0.19 0.84 0.94
21.00 71.36 126.46 215.86 -473.31 -0.04 0.54 -0.71 0.07 0.10 0.89 0.72
18.00 23.61 -109.63 -182.64 -721.33 -0.69 0.27 0.25 0.45 0.83 0.52 0.71
5.00 2.55 220.86 48.60 232.13 -0.03 0.12 -0.76 0.10 0.08 0.49 0.98
10.00 23.72 140.26 -226.30 -134.91 -0.74 -0.96 0.91 0.06 0.15 0.27 0.23
8.00 0.21 -204.12 131.65 609.95 -0.25 0.11 -0.91 0.83 0.25 0.55 0.81
16.00 16.97 -92.66 780.36 -119.68 -0.39 -0.51 -0.57 0.43 0.26 0.23 0.30
9.00 0.11 -397.54 -37.06 -502.95 0.51 -0.94 0.97 0.50 0.02 0.25 0.90
6.00 2.85 -438.73 -397.04 513.51 -0.32 -0.66 -0.83 0.10 0.00 0.17 0.38
20.00 109.31 -42.77 -46.10 220.52 -0.41 -0.57 -0.25 0.37 0.83 0.23 0.36
18.00 27.52 -442.69 370.65 -551.67 0.45 0.23 0.42 0.85 0.22 0.71 0.89
15.00 0.14 90.23 116.96 -146.30 -0.55 -0.52 -0.52 0.55 0.19 0.88 0.58
15.00 58.05 -600.13 -160.04 393.23 -0.29 -0.82 0.87 0.42 0.30 0.48 0.81
15.00 11.76 353.16 -418.57 565.66 -0.18 0.31 -0.02 0.73 0.70 0.52 0.71
21.00 96.21 -24.59 -332.94 -635.60 0.09 -0.82 0.56 0.24 0.30 0.70 0.26
8.00 17.91 438.72 442.78 202.40 -0.25 -0.24 -0.73 0.37 0.06 0.20 0.79
23.00 8.91 -305.54 368.19 25.79 -0.34 0.92 -0.88 0.39 0.36 0.16 0.62
18.00 41.02 547.02 -185.84 350.96 0.83 -0.41 -0.75 0.08 0.37 0.11 0.25
9.00 20.27 -347.52 -486.24 289.34 -0.28 -0.39 0.15 0.35 0.98 0.20 0.08
5.00 4.52 721.49 -108.26 321.01 -0.51 -0.52 0.34 0.65 0.48 0.34 0.73
18.00 40.44 -25.77 -682.38 -377.67 0.25 -0.46 0.23 0.02 0.95 0.54 0.04
12.00 22.01 96.62 -429.29 -532.74 -0.50 0.51 -0.92 0.36 0.42 0.43 0.06
18.00 30.29 98.86 -382.90 -348.34 -0.28 -0.68 -0.94 0.56 0.11 0.91 0.31
5.00 0.02 288.99 35.76 656.94 -0.79 0.99 -0.28 0.25 0.39 0.13 0.02
8.00 3.17 427.07 -524.78 65.44 0.39 0.76 0.75 0.14 0.93 0.60 0.21
7.00 0.21 476.98 259.94 -441.14 0.80 -0.98 0.35 0.70 0.71 0.76 0.27
11.00 35.02 -247.36 24.16 -407.68 0.66 -0.17 -0.86 0.78 0.97 0.70 0.01
5.00 3.72 -701.89 71.43 -123.32 0.76 -0.80 -0.17 0.39 0.30 0.78 0.01
18.00 4.27 183.26 -409.24 -593.53 -0.27 -0.46 0.67 0.00 0.68 0.53 0.75
21.00 29.80 20.78 -99.80 -611.70 0.46 0.58 -0.55 1.00 0.38 0.90 0.48
8.00 4.25 275.99 -675.85 -135.69 0.58 -0.37 -0.17 0.66 0.71 0.41 0.49
12.00 39.20 -211.62 208.37 -552.86 -0.75 0.65 -0.74 0.34 0.32 0.28 0.89
12.00 27.70 -112.96 518.41 428.48 -0.47 0.01 -0.11 0.16 0.46 0.25 0.14
5.00 0.63 103.81 -521.78 -215.15 -0.95 0.85 0.78 0.38 0.71 0.82 0.94
39.00 394.94 191.56 3.16 -636.56 -0.00 -0.97 -0.64 0.81 0.86 0.13 0.58
7.00 2.66 48.05 -28.75 -404.48 0.08 0.77 -0.89 0.34 0.22 0.30 0.84
12.00 1.09 -3.05 46.78 559.29 0.26 0.30 0.95 0.41 0.64 0.75 0.80
27.00 162.04 -36.78 -662.02 56.93 -0.87 0.60 0.90 0.46 0.07 0.06 0.70
34.00 98.60 192.85 257.87 -266.32 0.22 -0.09 0.93 0.75 0.31 0.64 0.47
18.00 23.02 -391.68 173.53 102.71 0.40 0.79 0.25 0.79 0.64 0.37 0.74
14.00 21.32 280.26 290.66 -665.40 -0.40 0.20 -0.11 0.85 0.30 0.98 0.41
7.00 7.74 -369.22 -130.74 -275.63 -0.74 -0.74 0.55 0.48 0.50 0.27 0.47
7.00 3.14 -55.17 -357.16 -109.58 -0.78 -0.62 -0.78 0.95 0.29 0.65 0.07
12.00 30.26 144.90 106.45 567.95 0.46 0.93 -0.41 0.55 0.15 0.86 0.48
32.00 125.40 -114.28 6.35 778.22 0.99 0.80 0.74 0.02 0.86 0.63 0.69
7.00 1.97 -256.49 514.97 -68.41 -0.08 -0.56 0.22 0.93 0.58 0.79 0.72
6.00 10.92 -668.99 125.60 293.19 0.76 -0.23 0.26 0.99 0.51 0.83 0.46
8.00 9.36 -504.51 89.55 419.02 0.35 0.12 -0.82 0.39 0.84 0.19 0.65
8.00 4.85 -163.45 168.09 -207.79 -0.93 -0.25 0.63 0.65 0.15 0.61 0.87
27.00 57.56 -160.32 -284.62 -121.86 -0.75 0.23 -0.35 0.25 0.36 0.67 0.97
20.00 110.03 -387.70 -138.01 557.05 0.75 -0.07 -0.11 0.46 0.45 0.20 0.88
13.00 48.97 560.33 -437.16 102.61 -0.24 -0.11 -0.07 0.20 0.90 0.05 0.28
25.00 66.01 -487.40 52.59 -595.22 0.43 -0.17 0.04 0.70 0.21 0.99 0.25
9.00 2.44 -283.73 543.45 -284.69 -0.99 -0.79 0.99 0.54 0.36 0.64 0.31
9.00 9.05 -346.89 246.25 -285.53 -0.00 0.85 -0.17 0.15 0.52 0.26 0.72
6.00 3.82 445.16 340.69 -259.02 -0.59 0.49 -0.38 0.73 0.05 0.13 0.28
6.00 1.31 590.04 -95.19 97.01 -0.15 -0.27 -0.16 0.36 0.92 0.47 0.72
17.00 4.94 492.89 63.30 -242.04 0.01 -0.33 0.80 0.38 0.27 0.97 0.20
9.00 1.54 315.56 98.39 631.58 -0.23 -0.40 0.29 0.72 0.34 0.29 0.54
9.00 11.25 94.23 -2.10 -185.62 -0.91 -0.31 -0.41 0.47 0.62 0.32 0.87
7.00 14.56 361.44 623.79 142.78 0.14 0.25 0.31 0.86 0.77 0.98 0.58
9.00 3.60 -321.81 -151.64 563.38 -0.70 -0.05 0.28 0.57 0.78 0.69 0.17
10.00 2.78 -561.32 -344.34 -219.39 -0.28 0.74 -0.10 0.42 0.93 0.42 0.86
6.00 4.51 -65.78 120.94 587.77 -0.48 -0.80 0.48 0.52 0.75 0.16 0.78
9.00 4.02 32.03 323.99 -580.66 -0.48 0.59 0.64 0.18 0.58 0.14 0.01
8.00 17.75 106.10 696.63 -63.74 -0.43 -0.07 -0.98 0.48 0.87 0.95 0.46
14.00 24.34 -199.16 125.45 -236.82 -0.43 -0.02 0.52 0.22 0.25 0.61 0.81
8.00 2.66 -336.12 243.43 -528.95 -0.79 -0.19 0.06 0.25 0.93 0.90 0.39
10.00 18.18 -488.52 386.87 -179.15 0.66 -0.41 0.01 0.71 0.01 0.49 0.25
17.00 19.33 147.91 45.54 -306.67 0.01 0.00 0.99 0.19 0.02 0.21 0.25
15.00 9.26 -139.28 129.93 634.80 -0.30 0.32 -0.21 0.92 0.83 0.21 0.85
29.00 109.33 237.68 454.17 -446.31 -0.37 0.18 -0.56 0.76 0.90 0.41 0.67
28.00 141.36 4.89 318.02 108.04 -0.67 -0.14 -0.76 0.49 0.05 0.96 0.07
6.00 3.77 9.72 140.99 -521.01 0.57 -0.51 0.11 0.28 0.80 0.68 0.17
20.00 5.80 -65.15 -418.71 346.53 0.41 0.76 0.34 0.34 0.14 0.41 0.40
14.00 53.87 -498.90 287.75 184.62 -0.00 -0.66 -0.54 0.51 0.86 0.88 0.53
9.00 10.45 -57.00 559.44 -120.04 -0.29 -0.92 0.89 0.60 0.28 0.74 0.58
6.00 2.41 277.67 -285.81 194.68 0.03 0.98 -0.44 0.63 0.29 0.70 0.07
10.00 6.09 -200.68 323.15 701.58 -0.74 -0.96 0.34 0.02 0.28 0.98 0.42
10.00 20.50 267.43 -447.27 198.07 -0.65 -0.14 0.52 0.53 0.06 0.90 0.75
11.00 11.37 -478.46 -101.83 -499.63 -0.35 -0.09 0.18 0.51 0.57 0.08 0.38
16.00 33.62 -59.02 319.03 462.55 0.49 0.10 -0.57 0.98 0.49 0.29 0.24
16.00 55.54 274.24 180.35 -620.97 -0.51 -0.70 -0.06 0.37 0.74 0.11 0.43
10.00 26.87 357.59 257.36 -490.90 0.65 -0.01 0.01 0.37 0.30 0.44 0.23
7.00 4.92 -635.25 -333.02 -239.92 0.59 -0.98 0.20 0.94 0.42 0.10 0.74
11.00 29.90 589.99 11.59 495.96 0.13 -0.43 0.87 0.09 0.91 1.00 0.86
12.00 10.77 407.42 -233.37 -576.77 0.18 -0.02 -0.03 0.74 0.66 0.59 0.30
6.00 4.64 229.59 158.29 -438.33 -0.64 0.84 -0.58 0.18 0.33 0.73 0.55
13.00 49.10 120.33 -316.89 -487.07 -0.95 -0.64 0.48 0.06 0.22 0.35 0.56
7.00 4.19 477.52 355.12 376.27 -0.03 -0.93 -0.92 0.97 0.27 0.77 0.36
36.00 337.10 -101.02 -54.28 343.68 -0.77 -0.49 0.23 0.66 0.29 0.37 0.18
12.00 23.69 -168.13 -270.25 610.90 -0.92 0.92 -0.14 0.12 0.34 0.97 0.95
11.00 4.33 9.94 335.22 282.63 0.78 0.44 0.63 0.64 0.06 0.26 0.10
19.00 58.75 387.00 -326.89 -609.99 -0.69 -0.77 -0.82 0.51 0.65 0.91 0.83
7.00 6.97 114.87 6.44 -594.89 -0.54 -0.55 0.44 0.85 0.69 0.44 0.74
14.00 42.88 -200.33 -54.45 208.17 0.68 -0.50 -0.40 0.61 0.95 0.95 0.44
16.00 36.35 240.59 248.65 -688.92 -0.80 0.10 0.46 0.96 0.52 0.13 0.86
16.00 31.25 -177.41 196.92 -178.33 -0.30 -0.10 0.76 0.98 0.78 0.95 0.00
6.00 5.45 -501.62 -262.62 340.01 0.83 0.91 0.99 0.72 0.40 0.94 0.18
5.00 4.41 -112.69 524.42 -271.18 0.95 0.84 0.23 0.68 0.60 0.45 0.93
20.00 119.44 -362.99 44.54 -506.80 0.69 0.07 0.85 0.89 0.68 0.85 0.06
6.00 10.50 277.84 71.61 -189.76 -0.40 -0.75 -0.84 0.31 0.63 0.78 0.96
14.00 10.50 392.90 31.48 -653.58 -0.74 -0.21 -0.09 0.41 0.69 0.14 0.66
11.00 17.45 504.70 -303.95 105.93 0.08 -0.63 -0.47 0.94 0.12 0.14 0.55
13.00 38.19 -368.44 34.04 -22.88 0.73 -0.87 0.17 0.18 0.07 0.24 0.77
11.00 32.17 680.13 127.90 26.60 0.71 -0.86 0.47 0.13 0.78 0.22 0.88
36.00 188.68 -118.42 -34.27 -150.38 -0.58 0.66 0.59 0.99 0.03 0.49 0.78
11.00 5.75 380.82 365.27 444.74 0.61 0.59 -0.11 0.44 0.11 0.78 0.00
11.00 20.70 -70.39 17.10 620.14 -0.46 -0.37 0.94 0.07 0.23 0.45 0.17
37.00 150.28 599.29 179.35 -354.38 0.61 0.66 -0.49 0.14 0.60 0.88 0.90
5.00 4.03 -227.62 491.32 -457.20 -0.81 0.43 0.36 0.72 0.95 0.87 0.18
14.00 15.91 318.61 148.28 -180.16 -0.78 -0.07 0.96 1.00 0.11 0.32 0.47
6.00 9.51 135.04 -734.04 120.32 -0.86 -0.86 0.31 0.94 0.31 0.59 0.10
5.00 5.74 175.37 397.34 315.09 -0.96 0.04 -0.91 0.58 0.13 0.51 0.16
8.00 5.33 -267.26 -626.77 220.68 -0.91 0.08 0.26 0.87 0.13 0.69 0.15
20.00 32.88 321.81 -366.36 -497.07 0.41 -0.53 0.45 0.91 0.29 0.89 0.31
23.00 76.41 727.41 90.74 -33.23 -0.80 0.54 0.29 0.15 0.70 0.58 0.17
14.00 36.00 -336.31 -62.97 193.47 -0.60 0.29 0.37 0.95 0.50 0.43 0.67
10.00 16.81 64.81 -742.58 -257.47 0.56 0.55 0.10 0.85 0.42 0.52 0.55
9.00 24.48 417.04 -215.67 -69.76 -0.82 -0.35 -0.26 0.39 0.01 0.75 0.46
17.00 75.94 -85.58 344.83 -397.41 -0.22 -0.76 0.54 0.63 0.64 0.85 0.71
23.00 112.36 -57.90 -747.56 72.71 -0.60 -0.76 0.57 0.57 0.54 0.53 0.97
10.00 24.04 431.69 -207.01 465.32 -0.72 0.96 0.35 0.79 0.34 0.62 0.03
32.00 181.28 -413.14 278.06 -480.01 -0.24 -0.94 0.50 0.46 0.42 0.02 0.55
39.00 187.83 701.41 -140.65 -12.31 0.56 0.51 0.49 0.70 0.32 0.84 0.62
15.00 14.89 -426.32 -96.79 108.82 -0.40 0.67 0.20 0.71 0.64 0.57 0.49
16.00 69.13 318.24 182.21 398.03 0.52 -0.09 0.73 0.18 0.69 0.72 0.97
19.00 76.46 -221.58 -621.33 -317.29 0.12 -0.51 -0.50 0.11 0.90 0.26 0.65
16.00 51.23 -131.92 -524.20 -144.21 0.11 0.82 -0.52 0.99 0.05 0.99 0.68
14.00 51.20 -191.98 653.47 233.37 0.09 -0.98 -0.74 0.33 0.23 0.81 0.95
8.00 16.40 -3.73 -782.33 -3.11 0.11 0.44 -0.68 0.20 0.78 0.11 0.06
7.00 1.87 263.11 619.86 -419.15 -0.33 0.34 0.10 0.70 0.05 0.41 0.84
36.00 296.39 144.56 -221.93 -525.46 -0.95 -0.76 -0.55 0.07 0.77 0.97 0.85
16.00 56.88 427.22 -169.62 -187.48 0.54 -0.94 0.74 0.56 0.41 0.89 0.18
18.00 53.31 72.73 233.90 393.43 0.54 -0.00 0.78 0.80 0.29 0.52 0.08
17.00 3.12 -177.31 70.79 774.47 -0.99 -0.42 -0.70 0.41 0.04 0.52 0.59
12.00 3.38 -534.00 103.59 -400.05 -0.55 -0.62 -0.64 0.85 1.00 0.71 0.79
6.00 3.00 -258.47 -611.81 139.44 -0.67 0.78 0.38 0.28 0.58 0.36 0.57
20.00 64.00 -740.69 -86.00 220.41 -0.60 -0.88 0.36 0.07 0.86 0.12 0.16
20.00 73.53 -577.84 404.99 289.73 -0.48 0.79 0.06 0.62 0.90 0.23 0.78
6.00 5.43 264.51 -183.08 -530.68 0.40 -0.42 -0.81 0.12 0.39 0.89 0.46
7.00 11.15 294.68 -638.02 -109.68 -0.27 0.45 0.29 0.83 0.55 0.10 0.43
24.00 117.50 -81.18 90.46 642.77 0.21 0.31 -0.31 0.55 0.51 0.63 0.86
11.00 32.60 -326.68 443.76 -163.91 0.04 0.92 -0.36 0.94 0.37 0.33 0.72
6.00 3.74 -560.51 555.78 -91.85 0.73 0.00 0.96 0.91 0.02 0.46 0.74
7.00 1.40 165.83 315.21 -501.63 -0.07 -0.12 -0.07 0.55 0.05 0.42 0.38
9.00 18.97 96.00 287.03 -416.81 0.35 0.27 -0.24 0.85 0.99 0.25 0.04
19.00 6.77 -191.48 92.47 339.20 -0.82 -0.40 0.69 0.18 0.46 0.95 0.41
16.00 58.59 28.37 433.47 559.10 0.29 -0.43 -0.50 0.95 0.61 0.78 0.88
39.00 242.10 363.62 -284.77 205.36 0.00 -0.52 -0.37 0.31 0.40 0.22 0.70
10.00 29.89 322.07 -17.44 -715.04 -0.68 0.54 -0.94 0.26 0.38 0.34 0.95
13.00 28.73 -481.82 214.05 460.65 0.79 -0.67 -0.70 0.84 0.98 0.56 0.91
14.00 47.13 577.47 322.45 -230.24 -0.81 -0.24 -0.95 0.58 0.88 0.63 0.92
8.00 4.87 205.75 -729.56 207.44 0.05 -0.80 0.40 0.70 0.29 0.22 0.64
18.00 97.77 237.64 558.69 259.30 -0.86 0.07 -0.44 0.21 0.94 0.53 0.04
29.00 210.29 696.29 -13.43 381.76 0.44 -0.18 0.22 1.00 0.96 0.62 0.34
17.00 70.48 668.36 -176.90 106.35 0.06 0.78 0.32 0.85 0.17 0.13 0.56
8.00 8.96 -621.50 268.46 235.00 0.87 -0.42 0.04 0.08 0.41 0.43 0.68
27.00 72.42 -731.28 88.66 113.87 0.58 -0.70 0.49 0.89 0.67 0.95 0.13
7.00 10.94 264.69 -454.00 559.90 0.10 -0.53 0.52 0.02 0.05 0.04 0.10
5.00 5.56 -292.36 -280.16 -560.50 -0.96 0.93 -0.97 0.13 0.85 0.08 0.93
12.00 16.36 324.92 338.65 -318.20 0.79 0.48 0.15 0.19 0.96 0.58 0.65
12.00 28.07 106.53 554.04 168.19 -0.23 0.97 0.56 0.33 0.65 0.52 0.37
15.00 8.74 67.03 330.72 330.74 -0.40 -0.61 0.02 0.52 0.22 0.74 0.31
27.00 43.68 -321.24 -269.46 -85.76 0.87 -0.28 -0.58 0.29 0.51 0.81 0.99
8.00 13.44 430.10 114.71 -36.53 0.90 -0.08 -0.81 0.92 0.50 0.72 0.73
10.00 28.16 -352.63 -695.46 92.70 0.81 0.74 0.80 0.84 0.07 0.36 0.70
10.00 25.88 343.59 661.68 81.16 0.42 0.94 0.53 0.75 0.71 0.45 0.81
6.00 3.57 79.96 175.45 502.80 0.76 -0.29 -0.81 0.57 0.65 0.43 0.62
15.00 52.98 432.34 49.65 -432.16 0.99 0.03 0.13 0.25 0.16 0.12 1.00
20.00 19.34 -535.17 546.86 -33.54 0.77 -0.94 0.52 0.69 0.13 0.14 0.08
13.00 36.00 233.37 623.69 -71.35 0.92 0.59 0.43 0.90 0.51 0.27 0.87
7.00 14.52 -388.22 458.98 -286.38 0.57 0.74 -0.30 0.61 0.64 0.09 0.46
14.00 8.78 -411.96 -131.02 167.01 0.94 0.31 0.59 0.85 0.33 0.49 0.20
7.00 1.22 84.56 638.03 -200.56 -0.89 -0.38 0.85 0.64 0.12 0.98 0.04
8.00 7.58 -237.42 -598.89 -27.94 -0.05 0.56 0.49 0.67 0.78 0.15 0.79
12.00 1.92 -609.70 339.93 184.27 0.81 0.57 0.34 0.42 0.44 0.32 0.08
23.00 145.50 -80.49 9.81 568.89 0.05 -0.88 -0.92 0.01 0.97 0.39 0.44
8.00 8.19 105.60 -33.62 604.59 0.92 -0.97 0.88 0.06 0.77 0.70 0.12
7.00 8.58 482.70 -556.39 -2.92 -0.92 0.22 0.52 0.17 0.18 0.62 0.10
18.00 13.75 -685.11 276.95 223.68 0.06 -0.44 0.75 0.40 0.90 0.74 0.58
5.00 6.59 389.03 398.18 364.66 -0.20 -0.93 0.32 0.91 0.88 0.23 0.26
14.00 26.13 637.67 411.56 -118.77 -0.56 0.20 0.89 0.58 0.24 0.41 0.92
12.00 19.92 -442.96 -650.96 123.82 0.37 -0.24 0.52 0.97 0.96 0.75 0.19
29.00 235.82 -598.32 -344.24 377.92 -0.86 0.73 0.54 0.47 0.59 0.48 0.85
6.00 2.53 413.43 543.75 -206.21 -0.86 -0.48 0.93 0.04 0.79 0.09 0.63
9.00 13.55 -114.92 110.53 -308.51 0.02 0.13 -0.11 0.08 0.28 0.74 0.78
9.00 20.39 80.46 410.19 514.27 0.36 -0.63 -0.34 0.57 0.20 0.50 0.22
11.00 17.17 421.01 -100.86 -39.07 -0.17 0.66 0.72 0.58 0.57 0.63 0.40
8.00 4.01 219.57 -543.93 391.78 -0.40 0.29 -0.98 0.85 0.72 0.39 0.48
6.00 9.22 418.63 -176.98 -429.05 -0.14 1.00 0.15 0.95 0.73 0.66 0.73
21.00 86.94 -646.52 -105.65 -298.06 -0.04 -0.09 -0.67 0.60 0.19 0.42 0.23
23.00 24.21 324.87 -597.27 -260.72 0.56 0.61 0.30 0.95 0.28 0.87 0.66
8.00 0.10 492.71 -380.04 307.49 0.71 -0.97 0.94 0.38 0.32 0.94 0.90
5.00 0.39 566.94 21.62 -306.17 -0.44 0.37 0.23 0.75 0.65 0.17 0.43
14.00 14.16 469.70 -236.64 328.09 -0.34 0.89 -0.14 0.90 0.71 0.71 0.31
20.00 104.48 -169.03 212.01 -465.83 -0.23 -0.66 -0.72 0.96 0.46 0.71 0.37
10.00 21.10 -209.45 543.87 -525.82 0.52 0.59 0.98 0.78 0.37 0.50 0.04
7.00 6.79 270.30 41.37 -615.51 -0.59 0.21 -0.57 0.04 0.85 0.71 0.61
37.00 199.31 206.33 -214.31 738.51 0.37 -0.06 -0.58 0.81 0.87 0.69 0.49
8.00 15.58 -85.69 684.00 -134.14 0.51 -0.44 0.21 0.28 0.02 0.32 0.88
13.00 16.81 -266.64 445.70 -92.12 -0.30 -0.82 -0.81 0.91 0.54 0.97 0.25
11.00 16.75 353.79 328.56 201.23 0.97 -0.83 -0.75 0.99 0.05 0.05 0.12
38.00 198.82 -476.70 -208.55 369.66 0.52 -0.69 0.36 0.10 0.41 0.54 0.30
20.00 86.17 -573.01 134.73 176.02 0.40 -0.19 0.72 0.11 0.33 0.17 0.64
5.00 7.22 -26.58 -416.04 55.12 -0.42 -0.78 0.11 0.95 0.05 0.14 0.83
11.00 23.17 -149.42 246.02 351.60 -0.82 0.58 -0.70 0.02 0.36 0.59 0.01
18.00 35.29 205.24 -546.79 87.92 0.27 -0.04 -0.49 0.31 0.95 0.32 0.40
39.00 307.55 173.06 562.56 -358.00 0.52 -0.76 -0.42 0.18 0.35 0.99 0.35
8.00 4.86 -362.36 345.38 372.60 0.24 -0.06 0.19 0.51 0.12 0.44 0.01
9.00 15.64 -110.85 -449.19 -184.46 -0.42 0.94 -0.55 0.73 0.68 0.23 0.28
12.00 43.14 -260.49 -143.16 -659.94 0.71 0.82 -0.51 0.60 0.26 0.90 0.96
11.00 11.53 -85.00 80.73 -206.36 -0.55 -0.33 -0.72 0.03 0.26 0.15 0.24
25.00 108.67 26.22 481.00 -18.13 -0.72 -0.56 0.47 0.23 0.61 0.51 0.11
15.00 0.47 130.60 -19.57 86.50 0.05 0.04 -0.77 0.21 0.45 0.65 0.99
20.00 68.36 -268.93 -360.36 525.55 -0.57 0.06 0.18 0.20 0.39 0.41 0.99
8.00 10.53 65.05 284.86 520.26 -0.81 0.58 -0.65 0.32 0.42 0.36 0.60
9.00 21.80 98.48 -408.66 -189.72 0.10 0.45 -0.26 0.04 0.08 1.00 0.07
10.00 12.69 -545.33 -261.60 521.93 0.43 -0.85 -0.08 0.72 0.75 0.72 0.03
5.00 2.38 201.31 -609.84 -409.55 0.13 0.88 -0.70 0.67 0.44 0.18 0.19
8.00 4.52 -577.39 129.65 -377.81 -0.18 -0.04 0.37 0.98 0.04 0.55 0.35
8.00 8.19 -281.18 128.95 367.38 -0.26 -0.16 0.64 0.35 0.50 0.93 0.87
5.00 2.91 -385.07 168.55 191.24 -0.33 -0.22 0.36 0.19 0.89 0.03 0.16
23.00 54.57 435.59 -62.33 -275.56 0.72 0.97 0.93 0.60 0.95 0.42 0.89
7.00 13.38 -539.11 -388.81 -275.66 0.46 0.35 -0.55 0.23 0.57 0.50 0.46
18.00 69.46 118.39 -189.78 -473.24 -0.19 -0.22 -0.71 0.47 0.18 0.36 0.06
5.00 0.90 -15.82 -251.17 -453.17 0.86 -0.86 -0.80 0.61 0.94 0.51 0.02
8.00 2.78 421.94 281.31 374.92 0.36 0.94 -0.07 0.11 0.60 0.59 0.12
18.00 60.91 532.66 38.57 401.72 0.35 -0.99 0.26 0.63 0.66 0.36 0.23
7.00 6.51 -63.31 342.05 -80.86 0.31 0.35 -0.59 0.34 0.88 0.76 0.80
12.00 20.53 173.36 482.67 133.72 -0.09 0.40 0.25 0.66 0.93 0.52 0.06
6.00 1.51 85.75 -217.09 -451.28 -0.29 0.45 -0.66 0.72 0.72 0.27 0.62
12.00 19.11 -575.39 62.03 -499.45 -0.02 0.62 0.83 0.68 0.16 0.96 0.30
6.00 5.34 375.42 -119.10 -417.27 -0.07 -0.32 -0.72 0.45 0.92 0.24 0.73
6.00 10.15 272.85 -404.14 231.51 0.82 0.41 0.22 0.59 0.96 0.20 0.54
12.00 18.73 -249.15 -707.15 218.47 0.75 0.22 0.57 0.33 0.22 0.50 0.63
7.00 8.21 185.02 320.10 -319.72 -0.37 -0.87 -0.04 0.58 0.16 0.19 0.16
22.00 119.64 380.41 404.94 -570.39 0.46 0.61 -0.93 0.96 0.17 0.85 0.22
7.00 1.49 238.55 313.72 -454.23 0.43 0.91 -0.21 0.09 0.39 0.72 0.16
9.00 10.53 172.93 -606.93 337.11 0.99 -0.90 -0.12 0.22 0.51 0.59 0.55
8.00 17.94 159.35 57.98 -621.55 -0.66 0.05 0.61 0.05 0.59 0.77 0.35
6.00 10.78 567.20 -35.91 50.54 -0.96 -0.12 0.91 0.75 0.15 0.02 0.83
6.00 10.84 84.49 474.29 197.08 -0.23 0.12 -0.45 0.45 0.09 0.93 0.95
17.00 16.56 -296.08 -260.96 81.17 -0.16 0.18 -0.07 0.79 0.87 0.82 0.63
7.00 10.59 -122.20 377.13 184.98 -0.83 0.51 -0.03 0.18 0.31 0.41 0.35
5.00 2.62 205.11 -171.53 -595.98 0.21 -0.76 -0.59 0.99 0.74 0.55 0.39
11.00 22.08 -468.17 509.95 77.33 -0.78 0.38 0.97 0.44 0.37 0.38 0.16
10.00 22.07 627.37 -40.87 104.91 0.00 -0.55 0.28 0.98 0.59 0.32 0.14
14.00 9.40 146.70 625.43 -401.30 0.07 -0.12 0.91 0.43 0.44 0.64 0.23
6.00 5.86 -520.45 -58.40 -506.38 -0.70 0.27 0.52 0.88 0.05 0.86 0.49
19.00 92.36 -376.03 79.53 366.04 0.41 -0.88 -0.24 0.97 0.72 0.93 0.13
8.00 4.00 -150.37 -25.38 289.55 -0.09 -0.57 -0.84 0.76 0.51 0.89 0.19
14.00 32.35 -321.44 -67.88 -25.63 -0.04 -0.51 0.84 0.52 0.32 0.42 0.19
12.00 17.43 576.18 -315.99 375.76 -0.50 0.74 -0.84 0.77 0.36 0.36 0.36
5.00 2.42 25.61 533.95 131.96 0.50 -0.48 -0.08 0.79 0.68 0.37 0.55
8.00 0.90 -264.54 158.73 106.25 0.04 0.71 -0.78 0.90 0.21 0.75 0.91
6.00 7.00 81.51 690.12 172.18 0.16 0.75 0.30 0.01 0.24 0.79 0.20
5.00 3.31 125.00 143.80 40.99 0.81 -0.12 0.39 0.98 0.15 0.24 0.13
24.00 39.49 -52.05 444.17 206.29 0.57 0.00 0.90 0.44 0.06 0.49 0.40
18.00 93.69 -530.27 305.16 -116.05 -0.01 -0.72 -0.82 0.39 0.95 0.70 0.84
30.00 264.89 -110.52 15.77 -432.19 -0.96 -0.09 0.17 0.26 0.64 0.63 0.70
12.00 34.52 554.83 267.48 129.05 -0.71 0.60 -0.05 0.90 0.11 0.44 0.58
10.00 27.37 74.12 387.92 646.34 -0.58 -0.07 0.48 0.46 0.61 0.98 0.45
36.00 179.88 -292.39 -310.09 -228.50 0.87 0.55 -0.77 0.09 0.40 0.67 0.04
24.00 39.98 -330.23 -506.86 -413.85 0.62 0.77 -0.32 0.94 0.99 0.61 0.75
8.00 14.80 20.68 565.04 -42.55 0.70 -0.06 0.40 0.93 0.71 0.53 0.21
9.00 19.37 237.36 292.30 42.11 0.92 0.15 -0.54 0.24 0.78 0.03 0.17
28.00 179.81 264.20 -317.34 236.53 0.62 -0.08 -0.51 0.75 0.73 0.62 0.01
6.00 2.90 642.92 260.86 27.56 0.80 -0.21 0.60 0.36 0.64 0.90 0.81
12.00 13.99 -681.46 85.18 354.77 0.25 -0.57 0.37 0.64 0.82 0.50 0.70
6.00 8.90 92.69 -320.53 379.72 0.12 -0.77 -0.54 0.04 0.40 0.93 1.00
9.00 22.67 -224.13 -75.57 300.59 -0.18 0.59 0.64 0.52 0.63 0.80 0.04
30.00 128.98 742.90 59.48 33.39 -0.40 0.73 -0.36 0.31 0.29 0.13 0.66
12.00 28.27 -784.93 -45.85 -60.89 0.92 -0.77 0.54 0.01 0.71 0.12 0.61
26.00 63.12 296.38 232.09 407.81 1.00 -0.71 0.98 0.47 0.04 0.34 0.20
6.00 4.59 -194.00 518.66 53.98 0.40 0.11 0.69 0.90 0.23 0.64 0.93
16.00 0.18 234.78 -296.18 -65.80 0.26 0.14 0.88 0.35 0.25 0.78 0.24
15.00 29.59 115.26 -220.44 -452.98 -0.84 -0.50 0.86 0.25 0.91 0.31 0.02
24.00 113.42 35.54 -394.95 74.94 -0.55 -0.34 -0.69 0.61 0.41 0.44 0.43
6.00 7.26 -96.23 21.49 -21.99 0.10 0.09 0.33 0.02 0.28 0.93 0.85
5.00 6.56 313.92 -423.83 -319.42 -0.98 0.04 0.62 0.71 0.53 0.82 0.52
11.00 19.28 165.86 -373.14 52.55 -0.32 -0.40 0.95 0.29 0.18 0.10 0.51
8.00 6.62 585.32 107.66 230.84 -0.63 0.11 0.98 0.74 0.91 0.87 0.21
5.00 1.59 153.81 -718.28 29.97 -0.79 -0.34 0.94 0.64 0.04 0.24 0.14
9.00 12.92 240.54 -644.28 -2.01 -0.22 0.92 0.35 0.80 0.34 0.09 0.43
28.00 233.56 -39.59 -330.25 118.94 0.11 0.32 -0.22 0.77 0.25 0.58 0.59
8.00 1.55 -118.28 687.30 -306.50 0.65 0.96 0.78 0.87 0.54 0.83 0.80
14.00 35.32 -722.75 30.37 283.82 -0.82 0.79 0.73 0.20 0.81 0.93 0.88
39.00 40.76 653.57 -222.24 -38.61 0.44 0.76 -0.41 0.40 0.44 0.28 0.62
8.00 12.15 281.34 -430.00 439.50 -0.05 0.84 0.22 0.48 0.50 0.17 0.33
14.00 58.72 522.10 64.84 -177.30 -0.75 0.35 -0.95 0.34 0.37 0.16 0.49
9.00 24.23 -324.71 -424.87 -577.21 0.34 0.04 0.59 0.54 0.46 0.92 0.47
13.00 32.08 -247.85 -466.89 143.20 0.23 0.81 -0.30 0.17 0.48 0.45 0.90
12.00 10.24 -371.98 54.80 -464.03 0.40 0.74 -0.61 0.85 0.51 0.02 0.65
29.00 46.69 -483.59 -322.63 103.91 0.43 0.78 -0.90 0.47 0.34 0.65 0.64
22.00 95.31 386.71 490.26 352.17 0.77 0.72 -0.78 0.46 0.94 0.40 0.97
9.00 4.42 614.86 192.28 27.21 0.28 -0.37 -0.22 0.80 0.80 0.11 0.11
11.00 31.41 -216.90 117.08 60.45 -0.17 0.18 0.52 0.94 0.83 0.46 0.85
12.00 30.16 -517.98 -351.06 164.25 0.18 0.59 -0.43 0.72 0.93 0.83 0.97
11.00 4.04 -48.83 -439.20 401.43 -0.49 0.43 0.50 0.72 0.26 0.56 0.59
9.00 13.75 163.21 -677.67 -190.37 -0.92 0.09 0.20 0.60 0.22 0.98 0.26
9.00 8.38 241.58 469.20 -193.56 0.56 -0.04 0.40 0.56 0.59 0.34 0.37
5.00 3.33 -139.41 -252.97 589.71 0.45 0.30 -0.49 0.22 0.54 0.87 0.31
13.00 17.31 -468.89 -618.86 -96.27 -0.38 0.46 0.47 0.58 0.49 0.41 0.79
7.00 2.98 404.92 156.76 -375.98 -0.06 -0.56 0.36 0.41 1.00 0.32 0.45
6.00 3.93 -201.38 -365.27 -112.56 -0.11 0.95 0.87 0.72 0.24 0.91 0.56
15.00 36.18 181.22 -626.92 -445.64 -0.95 -0.35 -0.72 0.71 0.56 0.26 0.28
12.00 2.40 446.59 -537.02 -204.93 0.52 0.08 -0.15 0.94 0.20 0.20 0.69
7.00 3.77 343.42 108.86 -109.62 -0.15 -0.27 0.19 0.84 0.61 0.38 0.44
22.00 79.03 -283.76 460.38 470.16 0.94 -1.00 -0.42 0.42 0.00 0.49 0.21
12.00 34.97 313.59 -126.79 -660.49 0.85 -0.14 -0.41 0.28 0.80 0.68 0.56
19.00 43.89 -357.97 -461.87 -55.63 0.73 -0.69 0.92 0.25 0.89 0.80 0.83
6.00 10.46 -454.55 64.46 70.61 0.03 0.68 0.90 0.14 0.83 0.33 0.20
11.00 17.78 -792.73 -44.19 17.72 0.89 0.80 -0.18 0.37 0.01 0.39 0.68
10.00 14.78 -515.94 -522.82 98.08 -0.42 0.95 0.83 0.73 0.09 0.95 0.01
9.00 8.69 511.86 354.56 409.20 -0.67 0.44 0.44 0.02 0.65 0.03 0.32
6.00 0.44 -50.55 127.12 -129.19 -0.94 -0.14 -0.29 0.60 0.49 0.98 0.70
8.00 2.40 -313.74 -455.30 510.99 -0.16 0.40 -0.06 0.28 0.21 0.15 0.25
9.00 7.17 514.99 -314.22 -362.10 0.24 -0.77 0.28 0.63 0.90 0.19 0.08
5.00 1.03 -509.11 -142.32 301.41 0.60 -0.20 0.27 0.80 0.81 0.62 0.46
5.00 3.26 -245.20 -226.55 -231.83 0.11 0.36 0.07 0.30 0.39 0.05 0.97
10.00 18.20 -54.27 -408.33 481.74 0.80 -0.08 0.63 0.84 0.44 0.03 0.36
12.00 16.78 57.86 517.43 190.86 0.05 0.69 0.60 0.86 0.05 0.89 0.55
7.00 4.96 574.69 -115.65 -371.02 0.14 -0.24 0.47 0.01 0.98 0.69 0.55
8.00 14.08 -508.79 -5.19 -11.98 0.37 -0.10 0.15 0.03 0.20 0.87 0.35
27.00 0.20 -1.04 -555.94 364.34 0.21 -0.01 -0.74 0.68 0.17 0.67 0.19
16.00 7.06 -424.52 -584.04 117.05 -0.81 -0.47 0.25 0.13 0.53 0.19 0.64
12.00 42.72 -563.15 108.76 143.06 -0.73 -0.46 -0.16 0.90 0.63 0.96 0.39
26.00 73.96 -551.77 -0.76 -6.01 -0.02 0.42 -0.52 0.97 0.67 0.92 0.06
9.00 20.91 -219.60 -337.62 654.95 0.85 0.21 0.96 0.61 0.64 0.84 0.63
5.00 5.45 -94.77 -205.74 493.24 0.24 -0.94 -0.32 0.55 0.77 0.20 0.07
6.00 0.48 452.29 -257.39 -603.02 0.00 0.36 0.07 0.94 0.87 0.89 0.61
11.00 14.09 -573.60 374.25 -317.50 -0.82 0.42 0.82 0.43 0.26 0.64 0.84
5.00 3.34 -67.65 -228.09 169.67 -0.34 -0.83 -0.42 0.58 0.09 0.26 0.26
5.00 2.73 23.14 24.03 -34.46 -0.81 0.76 0.67 0.95 0.59 0.55 0.68
19.00 71.17 -162.11 330.98 -343.03 -0.94 0.93 -0.24 0.92 0.69 0.84 0.66
16.00 42.79 377.46 -260.13 -178.53 -0.28 -0.30 -0.60 0.14 0.44 0.05 0.46
9.00 6.70 400.76 456.19 345.45 0.65 0.83 -0.17 0.07 0.39 0.74 0.76
21.00 14.09 -471.87 -464.23 242.26 -0.35 -0.30 -0.75 0.17 0.99 0.15 0.17
5.00 4.43 -342.08 -351.50 285.46 -0.15 0.31 0.90 0.68 0.10 0.16 0.06
6.00 6.71 71.53 -88.69 -373.80 0.76 0.76 0.40 0.65 0.32 0.41 0.81
9.00 7.48 -116.73 345.77 -340.11 0.07 0.31 0.93 0.78 0.32 0.45 0.14
24.00 136.88 317.00 589.49 -419.93 0.03 -0.57 -0.69 0.58 0.44 0.91 0.31
8.00 15.45 -538.04 -96.94 107.94 0.91 0.32 0.57 0.26 0.10 0.52 0.03
18.00 54.42 100.05 474.69 16.32 -0.27 -0.55 0.24 0.44 0.93 0.78 0.91
14.00 53.00 299.65 34.69 -617.82 0.72 0.57 -0.69 0.43 0.35 0.99 0.47
17.00 8.96 346.52 322.97 -167.98 -0.96 -0.55 -0.21 0.37 0.88 0.22 0.58
27.00 167.51 -277.82 457.15 397.44 -0.48 0.00 -0.94 0.08 0.35 0.98 0.11
8.00 7.60 -13.77 -256.52 752.44 -0.84 0.59 0.33 0.89 0.76 0.54 0.67
9.00 21.71 -114.71 -306.93 -103.93 0.47 0.34 0.41 0.63 0.40 0.04 0.30
24.00 138.24 137.74 -161.78 260.26 0.33 -0.56 -0.87 0.04 0.82 0.67 0.49
12.00 18.94 19.34 117.73 434.34 0.28 0.46 -0.17 0.43 0.30 0.71 0.45
15.00 64.64 -139.58 -16.81 441.17 -0.88 -0.63 0.27 0.09 0.68 0.51 0.54
5.00 0.34 102.99 -578.70 58.42 0.95 -0.11 0.81 0.91 0.89 0.16 0.75
5.00 7.36 -433.14 -159.96 -448.49 -0.59 0.80 -0.36 0.47 0.21 0.15 0.69
8.00 12.57 -400.06 306.05 314.34 0.69 0.38 0.45 0.49 1.00 0.19 0.94
18.00 52.80 192.21 -293.36 84.50 0.47 -0.01 0.81 0.87 0.43 0.33 0.20
10.00 10.35 577.11 -512.42 21.37 -0.86 -0.33 0.91 0.45 0.70 0.58 0.25
6.00 4.80 65.01 -41.41 -222.08 0.15 -0.54 -0.28 0.90 0.41 0.00 0.37
23.00 152.72 -231.04 13.90 27.95 0.30 0.05 0.23 0.73 0.77 0.11 0.52
9.00 6.42 -489.29 329.77 -389.74 -0.39 0.48 0.45 0.43 0.46 0.05 0.79
6.00 7.21 -176.67 -7.37 634.79 0.57 -0.33 0.78 0.16 0.68 0.61 0.89
9.00 4.57 -260.48 451.27 -50.97 -0.59 -0.94 -0.51 0.63 0.03 0.57 0.54
7.00 7.72 59.11 -307.12 152.89 0.54 0.49 0.80 0.46 0.38 0.11 0.20
6.00 6.19 -681.27 16.31 216.62 -1.00 0.03 -0.39 0.35 0.99 0.54 0.64
11.00 24.35 84.47 200.31 59.21 0.60 0.72 -0.41 0.52 0.67 0.16 0.86
15.00 54.39 165.73 282.82 -513.24 -0.77 -0.03 0.77 0.28 0.95 0.13 0.30
8.00 9.31 -18.24 -432.28 -74.12 -0.64 -0.47 0.76 0.98 0.11 0.34 0.99
24.00 64.62 -612.71 -72.31 369.29 -0.56 -0.69 0.97 0.31 0.38 0.99 0.67
5.00 0.21 291.42 -230.61 -81.29 0.29 0.47 -0.52 0.20 0.38 0.38 0.79
5.00 7.24 48.70 197.77 -647.09 -0.11 0.29 -0.13 0.76 0.38 0.93 0.29
32.00 285.73 -287.03 -89.58 -436.37 0.28 0.82 -0.47 0.12 0.94 0.14 0.94
21.00 84.76 380.51 416.38 305.01 0.96 0.98 0.79 0.97 0.29 0.12 0.66
5.00 0.58 -273.87 -71.12 331.06 -0.62 -0.90 0.75 0.27 0.46 0.47 0.67
7.00 0.87 634.31 -296.35 45.49 -0.20 0.80 0.21 0.98 0.79 0.12 0.51
9.00 16.62 19.10 68.04 652.96 0.29 -0.38 -0.90 0.48 0.50 0.95 0.75
6.00 9.68 478.16 192.59 -312.80 -0.86 0.08 0.76 0.73 0.83 0.10 0.10
6.00 1.90 -497.02 -547.00 -245.17 0.64 0.95 0.19 0.54 0.08 0.67 0.10
11.00 7.78 -29.58 -59.93 -648.90 -0.38 -0.25 -0.08 0.22 0.76 0.47 0.46
12.00 30.87 496.79 183.97 -410.00 -0.64 -0.45 0.87 0.09 0.99 0.50 0.98
9.00 20.51 83.21 -224.49 -575.59 -0.71 -0.76 -0.16 0.21 0.57 0.42 0.47
27.00 187.79 -189.09 136.83 273.38 0.91 -0.06 -0.56 0.11 0.72 0.62 0.15
23.00 38.23 606.57 417.70 -284.86 0.33 0.08 -0.95 0.07 0.79 0.60 0.00
7.00 11.57 119.57 -34.03 319.66 0.99 -0.08 -0.40 0.43 0.87 0.21 0.25
9.00 12.67 -334.42 -9.76 -343.72 -0.19 -0.87 -0.95 0.90 0.73 0.31 0.31
5.00 2.60 -146.00 192.48 720.25 0.03 -0.56 -0.60 0.87 0.08 0.10 0.97
13.00 0.61 512.36 411.29 198.79 -0.20 -0.28 -0.05 0.48 0.55 0.57 0.27
21.00 79.23 292.57 -336.47 111.00 0.57 0.79 0.05 0.79 0.38 0.47 0.69
12.00 2.66 416.42 467.99 36.61 0.89 0.23 0.54 0.19 0.63 0.03 0.51
21.00 123.11 64.90 -428.61 -404.50 -0.64 0.11 -0.64 0.91 0.28 0.33 0.87
27.00 76.77 -240.16 -278.82 174.02 -0.12 0.74 -0.80 0.12 0.61 0.20 0.71
15.00 25.24 295.83 446.16 -395.42 -0.11 -0.64 0.87 0.47 0.08 0.44 0.94
9.00 8.33 -392.31 212.44 655.02 -0.61 -0.33 -0.95 0.89 0.62 0.67 0.15
19.00 98.04 50.05 -151.03 437.59 -0.70 0.61 0.62 0.85 0.54 0.92 0.09
14.00 14.72 463.39 90.89 28.53 0.91 -0.03 -0.34 0.52 0.22 0.02 0.71
10.00 13.33 -369.13 -597.39 -26.33 0.79 -0.85 0.58 0.53 0.34 0.91 0.04
13.00 34.27 -285.47 166.96 -39.55 0.20 0.27 0.50 0.73 0.81 0.57 0.06
24.00 102.69 143.96 63.32 12.21 0.22 0.43 -0.91 0.35 0.65 0.27 0.44
12.00 41.07 261.58 46.14 55.20 -0.44 -0.52 -0.16 0.27 0.12 0.04 0.33
16.00 1.00 -388.43 -199.55 566.30 0.25 0.87 0.06 0.94 0.12 0.12 0.88
12.00 40.73 -664.57 41.98 279.46 0.83 -0.07 -0.03 0.01 0.23 0.44 0.41
7.00 0.53 -558.49 63.13 370.49 -0.78 -0.09 0.05 0.27 0.84 1.00 0.08
12.00 31.44 17.56 -353.83 118.29 0.93 -0.08 0.05 0.34 0.13 0.34 0.75
19.00 67.55 -294.31 -12.99 280.83 -0.36 0.71 -0.32 0.13 0.56 0.47 0.85
15.00 22.69 -491.05 -373.80 465.18 -0.47 0.20 0.51 0.13 0.72 0.07 0.69
9.00 14.48 181.85 -107.58 545.73 0.22 -0.22 0.64 0.09 0.42 0.27 0.07
28.00 126.60 -326.20 595.80 -336.66 -0.76 0.62 -0.16 0.78 0.29 0.68 0.25
5.00 1.54 107.71 46.68 -388.07 -0.77 -0.00 0.24 0.36 0.20 0.62 0.16
9.00 22.61 37.24 259.45 298.51 -0.23 -0.93 -0.67 0.61 0.59 0.80 0.42
6.00 9.40 -416.61 -29.16 -370.86 -0.09 -0.95 -0.07 0.93 0.59 0.72 0.70
11.00 35.21 170.67 274.19 128.59 -0.80 0.38 0.79 0.91 0.62 0.56 0.98
7.00 3.48 -375.72 -266.59 -571.83 -0.66 0.89 -0.19 0.00 0.44 0.09 0.92
27.00 170.16 -546.91 456.46 140.12 0.44 0.18 -0.25 0.69 0.24 0.33 0.03
7.00 8.89 -298.10 -622.77 -169.58 -0.23 -0.61 0.37 0.38 0.72 0.24 0.98
9.00 13.83 681.74 47.53 -344.99 -0.74 0.60 0.21 0.03 0.25 0.98 0.67
11.00 3.90 -114.49 33.69 -632.77 -0.49 -0.11 -0.39 0.03 0.26 0.34 0.73
14.00 23.63 739.80 -30.27 -290.94 -0.01 0.94 0.55 0.88 0.33 0.57 0.08
9.00 7.09 38.61 -249.57 176.98 0.67 0.01 0.76 0.30 0.88 0.41 0.72
8.00 8.56 330.81 129.11 -411.48 -0.66 0.74 -0.94 0.14 0.87 0.90 0.44
11.00 22.05 290.57 -545.74 349.36 -0.15 0.84 0.66 0.43 0.43 0.40 0.94
17.00 3.03 151.04 227.72 662.64 0.10 -0.38 -0.02 0.33 0.27 0.80 0.71
10.00 12.11 -18.34 -674.71 206.48 0.34 -0.67 0.32 0.03 0.29 0.58 0.10
5.00 3.26 -126.27 -327.05 128.36 0.95 -0.99 -0.31 0.32 0.47 0.15 0.70
8.00 10.98 -82.75 172.62 31.53 0.54 0.30 0.61 0.11 0.42 0.99 0.53
27.00 170.18 -187.88 636.84 77.64 0.59 0.82 -0.22 0.68 0.08 0.42 0.37
11.00 6.88 -374.66 398.35 466.63 0.69 -0.12 0.92 0.51 0.85 0.56 0.69
19.00 87.21 397.97 -38.81 167.00 -0.40 -0.55 -0.95 0.53 0.99 0.97 0.03
31.00 242.16 349.74 -503.10 -188.13 -0.88 -0.49 0.28 0.15 0.01 0.23 0.98
16.00 64.67 433.85 303.87 -117.51 0.97 -0.62 -0.52 0.39 0.14 0.20 0.83
15.00 43.63 -193.42 -710.97 299.57 -0.20 0.13 -0.42 0.35 0.87 0.97 0.90
5.00 6.22 146.69 373.71 166.90 -0.60 -0.01 -0.91 0.43 0.65 0.93 0.45
15.00 25.34 -510.80 336.08 32.25 -0.54 0.55 0.30 0.33 0.58 0.62 0.42
8.00 10.63 -176.04 -65.53 -708.78 0.13 0.16 -0.09 0.30 0.46 0.32 0.88
5.00 3.12 -74.02 -116.76 -205.00 0.56 0.80 0.88 0.78 0.61 0.70 0.67
7.00 8.89 252.54 -83.57 567.16 -0.92 0.63 0.30 0.39 0.09 0.82 0.90
15.00 61.03 -237.83 670.09 -357.59 -0.74 0.70 0.40 0.86 0.49 0.61 0.05
11.00 13.09 506.61 -177.14 -413.33 0.31 0.22 0.25 0.49 0.93 0.99 0.32
8.00 2.73 304.26 97.92 547.58 0.69 -0.47 0.15 0.69 0.61 0.97 1.00
6.00 2.77 -142.64 209.69 298.14 -0.36 -0.27 0.83 0.46 0.59 0.55 0.21
14.00 32.00 33.00 510.01 -432.44 -0.03 0.30 0.78 0.98 0.36 0.92 0.86
16.00 14.76 261.03 -496.72 558.13 0.83 0.70 0.12 0.36 0.59 0.96 0.35
27.00 119.66 58.80 213.33 572.16 -0.20 -0.37 -0.75 0.93 0.61 0.39 0.28
23.00 10.98 -341.02 -472.41 -281.65 -0.00 0.16 0.80 0.72 0.87 0.39 0.78
6.00 10.88 402.90 106.45 221.86 0.44 0.58 0.49 0.26 0.37 0.60 0.52
30.00 90.46 347.91 283.74 -308.20 -0.32 -0.63 -0.44 0.16 0.39 0.25 0.95
18.00 16.93 -539.83 231.59 -306.96 0.50 0.91 -0.13 0.50 0.52 0.60 0.88
5.00 3.83 -255.20 -398.89 -568.29 -0.90 -0.08 -0.71 0.44 0.33 0.97 0.64
24.00 132.56 153.11 286.27 606.73 -0.26 -0.85 0.49 0.24 0.42 0.90 0.72
32.00 245.90 -61.52 -738.82 256.40 -0.47 -0.04 -0.81 0.21 0.86 0.63 0.06
6.00 6.60 443.31 551.75 91.53 0.30 -0.01 0.10 0.90 0.07 0.86 0.17
13.00 17.56 382.11 514.19 -175.36 0.15 0.53 0.75 0.48 0.57 0.89 0.58
13.00 47.58 52.24 -59.56 733.97 -0.64 -0.40 -0.92 0.81 0.18 0.37 0.35
6.00 5.42 -152.54 -58.08 -612.07 -0.42 0.51 0.88 0.67 0.87 0.87 0.87
9.00 10.93 224.48 425.20 -334.48 0.63 0.20 0.13 0.39 0.25 0.91 0.66
6.00 0.28 -537.69 -465.32 103.14 0.96 0.07 0.94 0.50 0.02 0.69 0.87
6.00 1.31 350.74 -326.88 47.06 0.45 -0.00 -0.66 0.30 0.45 0.93 0.07
32.00 154.11 13.37 185.99 293.56 0.72 0.54 0.62 0.53 0.15 0.28 0.99
6.00 4.51 -7.70 -434.15 609.88 -0.60 -0.60 0.18 0.17 0.24 0.60 0.42
23.00 156.36 134.72 211.04 -645.86 0.29 0.98 0.40 0.09 0.50 0.80 0.86
16.00 38.23 -81.68 332.41 -97.09 0.36 0.07 -0.52 0.64 0.37 0.85 0.32
7.00 15.10 179.76 -279.20 -530.49 -0.10 0.76 0.39 0.72 0.59 0.45 0.87
11.00 23.39 -137.41 53.31 93.55 0.22 0.28 0.20 0.19 0.48 0.67 0.97
12.00 17.13 575.08 -427.63 5.87 -0.78 -0.83 -0.41 0.07 0.58 0.84 0.74
14.00 53.97 -181.50 -94.52 -383.31 -0.14 0.71 -0.79 0.35 0.53 0.49 0.89
22.00 87.40 328.77 -172.79 -402.99 0.59 0.97 -0.48 0.17 0.69 0.77 0.36
6.00 8.29 438.79 294.77 501.62 -0.66 -0.59 0.26 0.42 0.63 0.74 0.34
7.00 14.51 414.11 230.14 433.45 -0.44 0.66 0.02 0.60 0.02 0.96 0.92
14.00 16.43 17.00 529.31 165.65 0.18 -0.16 0.93 0.85 0.09 0.94 0.56
11.00 2.58 407.18 -179.87 -575.81 -0.17 0.67 -0.74 0.43 0.48 0.93 0.07
6.00 4.08 -220.84 -198.28 621.28 -0.32 0.69 0.86 0.16 0.22 0.76 0.58
9.00 9.01 -14.22 -85.71 791.28 0.67 -0.05 -0.18 0.54 0.65 0.40 0.60
12.00 6.69 279.92 49.88 568.02 -0.04 0.48 0.07 0.50 0.16 0.74 0.90
24.00 57.19 31.31 90.22 523.60 -0.86 0.51 0.37 0.47 0.16 0.70 0.30
16.00 8.24 -441.40 158.91 8.71 0.36 -0.11 -0.98 0.35 0.87 0.67 0.39
6.00 7.44 514.22 159.51 -62.96 -0.50 0.61 0.03 0.29 0.49 0.97 0.03
16.00 61.06 -51.81 -124.75 783.29 0.92 -0.41 -0.19 0.32 0.34 0.44 0.12
8.00 2.27 -226.26 746.22 -178.12 -0.29 0.72 -0.06 0.76 0.80 0.12 0.50
16.00 17.36 -624.22 -258.97 -196.04 -0.17 0.08 0.88 0.10 0.97 0.27 0.72
10.00 17.73 229.09 200.07 430.25 0.34 0.40 0.92 0.45 0.71 0.86 0.82
5.00 1.81 6.10 588.29 445.11 0.51 -0.14 -0.30 0.25 0.97 0.48 0.89
14.00 49.25 367.27 -387.47 137.88 0.01 -0.73 0.19 0.49 0.33 0.37 0.18
12.00 18.01 115.01 724.47 -101.71 -0.22 0.89 0.35 0.19 0.90 0.63 0.13
6.00 9.59 275.67 -469.64 257.53 -0.46 0.02 -0.48 0.17 0.17 0.33 0.69
11.00 7.73 109.37 -48.14 501.67 -0.44 -0.43 0.49 0.44 0.03 0.56 0.46
23.00 103.61 -67.49 683.72 289.41 -0.41 0.35 -0.16 0.18 0.85 0.42 0.83
18.00 95.28 -60.42 -170.05 774.18 -0.18 -0.38 0.40 0.25 0.35 0.88 0.48
5.00 7.07 -225.70 -659.24 -302.44 0.27 -0.33 -0.43 0.22 0.14 0.24 0.17
11.00 34.62 -357.18 -680.27 -70.49 0.23 0.71 -0.08 0.98 0.33 0.95 0.78
11.00 18.81 -138.41 -543.78 -486.11 0.22 0.43 -0.43 0.26 0.52 0.48 0.19
5.00 0.38 557.64 323.14 -209.33 0.30 -0.51 0.06 0.41 0.27 0.70 0.49
6.00 2.62 -551.99 -60.98 518.15 -0.51 0.20 0.28 0.89 0.44 0.91 0.64
5.00 1.49 -283.10 -144.58 143.55 -0.09 -0.48 0.23 0.84 0.90 0.20 0.87
13.00 36.22 -107.87 297.48 -108.69 -0.77 0.66 -0.22 0.91 0.03 0.18 0.17
17.00 68.14 -183.08 609.99 -4.01 -0.92 -0.32 -0.43 0.76 0.84 0.23 0.06
12.00 10.22 -477.49 -78.33 310.43 0.64 -0.07 -0.20 0.68 0.57 0.62 0.27
31.00 46.00 405.48 349.66 128.13 -0.27 -0.58 0.60 0.16 0.41 0.05 0.65
14.00 0.37 -202.84 429.24 188.46 -0.94 -0.29 0.37 0.78 0.02 0.61 0.81
19.00 54.18 -162.13 251.70 -551.65 -0.42 -0.56 -0.98 0.55 0.63 0.80 0.36
21.00 81.27 -104.82 162.85 -728.00 -0.12 -0.64 -0.57 0.13 0.34 0.72 0.09
6.00 8.54 -327.74 -91.68 -270.24 -0.70 -0.99 -0.93 0.38 0.66 0.11 0.19
22.00 107.77 -0.33 -176.63 437.88 -0.23 0.15 0.52 0.81 0.56 0.91 0.37
7.00 14.62 415.32 444.84 286.15 -0.59 0.67 -0.30 0.05 0.59 0.37 0.60
15.00 23.66 206.53 514.04 -297.11 -0.61 -0.41 -0.29 0.70 0.65 0.89 0.91
20.00 32.61 -334.11 -153.93 121.19 -0.37 -0.80 -0.12 0.08 0.19 0.58 0.30
12.00 37.19 88.21 -103.31 748.64 -0.06 -0.46 0.56 0.64 0.55 0.13 0.62
10.00 29.45 -342.49 7.53 -49.25 -0.59 0.39 0.71 0.15 0.62 0.83 0.46
11.00 36.72 -93.38 562.67 -115.27 0.63 -0.96 0.56 0.98 0.52 0.92 0.83
16.00 31.15 -144.92 -202.25 -564.40 0.59 -0.45 0.69 0.06 0.32 0.93 0.57
12.00 3.85 -99.94 -582.64 -154.60 0.29 0.41 -0.23 0.45 0.00 0.65 0.72
10.00 6.15 -534.67 -386.73 -202.23 0.38 0.78 0.55 0.50 0.71 0.65 0.59
23.00 69.72 -726.29 122.65 202.01 0.45 0.95 0.99 0.44 0.63 0.69 0.64
9.00 0.28 446.87 19.97 465.25 0.68 -0.38 -0.47 0.37 0.26 0.75 0.54
16.00 18.54 -458.31 145.12 553.60 0.41 0.53 -0.99 0.77 0.95 0.24 0.04
12.00 3.46 433.56 -76.75 -229.88 -0.59 0.03 -0.05 0.56 0.01 0.98 0.22
10.00 3.17 -61.34 -424.98 -335.49 0.81 0.69 0.65 0.73 0.51 0.05 0.76
14.00 17.02 355.04 58.74 -119.75 0.32 0.27 0.18 0.96 0.37 0.37 0.04
6.00 2.17 276.66 164.23 -658.91 -0.16 -0.99 0.85 0.42 0.75 0.69 0.72
15.00 12.47 -221.36 -506.07 -551.71 -0.02 0.75 0.14 0.80 0.48 0.36 0.99
6.00 6.65 -41.23 33.75 -652.96 -0.33 -0.10 0.20 0.07 0.84 0.80 0.03
11.00 8.48 123.11 -595.17 1.67 0.56 0.75 -0.15 0.90 0.80 0.87 0.83
16.00 4.70 86.13 196.87 -674.85 -0.29 -0.52 -0.06 0.42 0.94 0.48 0.59
16.00 73.13 75.11 -382.04 -384.10 -0.36 0.55 0.78 0.67 0.52 0.14 0.26
8.00 11.12 142.46 708.82 231.60 0.06 0.18 0.49 0.61 0.27 0.41 0.17
7.00 14.26 -168.21 765.41 -110.99 0.86 0.92 0.90 0.63 0.13 0.40 0.62
5.00 0.64 591.67 -314.18 290.98 0.36 -0.23 -0.82 0.42 0.26 0.78 0.70
7.00 3.95 -415.63 -54.21 314.50 0.54 0.90 -0.63 0.88 0.79 0.20 0.98
25.00 183.63 109.30 -383.69 152.81 0.21 -0.81 0.36 0.52 0.02 0.28 0.51
11.00 14.68 329.44 -109.36 -500.83 -0.78 0.10 -0.57 0.42 0.42 0.32 0.89
9.00 23.64 -496.34 -390.88 175.09 -0.89 0.52 -0.87 0.67 0.47 0.46 0.53
5.00 5.62 -388.62 -612.91 -48.46 0.30 -0.14 0.74 0.59 0.64 0.22 0.98
12.00 24.18 -596.62 154.03 392.81 0.65 0.95 0.47 0.98 0.57 0.45 0.36
14.00 56.38 650.00 -30.74 408.20 0.89 0.67 -0.66 0.28 0.89 0.33 0.66
5.00 2.40 118.00 -444.06 -280.21 -0.93 -0.49 0.49 0.27 0.74 0.54 0.91
12.00 8.81 45.14 -768.50 196.39 0.31 0.73 0.92 0.41 0.44 0.21 0.47
27.00 159.75 -53.06 -590.24 -351.62 0.23 -0.58 -0.24 0.99 0.92 0.54 0.76
8.00 18.55 -268.74 -266.08 -674.83 -0.46 0.36 -0.36 0.12 0.31 0.85 0.01
6.00 2.45 283.74 -141.02 -15.95 -0.76 0.59 -0.88 0.33 0.15 0.77 0.56
10.00 17.90 -491.48 -91.09 146.38 -0.61 -0.53 -0.15 0.07 0.68 0.28 0.69
8.00 16.81 -281.03 -377.99 -342.28 0.43 -0.28 -0.34 0.36 0.94 0.35 0.84
19.00 16.08 -206.88 260.87 668.97 0.13 0.09 0.06 0.08 0.21 0.15 0.82
18.00 60.61 12.63 -18.95 444.56 -0.39 -0.20 0.48 0.98 0.23 0.46 0.04
16.00 60.80 -80.90 -357.15 -467.05 -0.96 -0.42 -0.35 0.20 0.58 0.16 0.98
13.00 21.62 -484.12 505.02 281.96 0.28 -0.13 -0.74 0.20 0.06 0.00 0.18
8.00 2.56 232.42 -382.92 -557.97 -0.50 0.01 -0.52 0.11 0.47 0.95 0.54
14.00 17.03 18.37 -354.51 -76.22 0.36 -0.45 0.38 0.30 0.64 0.01 0.94
11.00 33.31 -514.08 -324.00 205.72 -0.37 0.99 0.71 0.87 0.41 0.99 0.55
5.00 5.95 -180.01 -344.04 -41.65 0.96 -0.49 0.48 0.60 0.88 0.92 0.31
14.00 41.85 -549.86 186.52 253.96 -0.96 0.08 -0.66 0.89 0.71 0.03 0.81
15.00 33.02 -624.64 204.02 -219.00 -0.95 -0.63 -0.47 0.57 0.58 0.07 0.73
14.00 6.67 -412.33 -628.74 -199.88 0.69 0.91 -0.40 0.84 0.12 0.80 0.70
7.00 6.60 282.09 -475.26 -389.03 -0.26 0.81 -0.16 0.72 0.04 0.92 0.91
13.00 50.99 -242.40 356.67 -669.02 -0.52 -0.55 -0.18 0.30 0.54 0.31 0.41
11.00 24.42 -431.17 -108.03 -439.52 0.87 0.70 0.88 0.64 0.43 0.26 0.16
7.00 13.55 97.51 166.83 24.74 -0.54 -0.62 -0.55 0.93 0.20 0.60 0.39
9.00 14.50 140.03 20.70 502.49 -0.38 -0.80 -0.04 0.23 0.69 0.21 0.81
5.00 7.34 142.12 -334.68 -308.76 0.50 -0.70 0.02 0.31 0.74 0.32 0.97
6.00 1.19 -383.79 -442.71 -333.76 -0.80 0.25 0.12 0.27 0.77 0.89 0.49
10.00 7.54 -457.09 -128.61 -384.97 0.94 -0.32 0.86 0.98 0.99 0.04 0.55
14.00 28.92 -348.39 -0.36 -133.13 -0.51 0.40 0.55 0.92 0.75 0.09 0.51
21.00 47.58 420.15 -549.26 -176.05 0.59 -0.39 0.28 0.86 0.38 0.88 0.00
8.00 3.97 -59.13 -585.26 -418.72 -0.82 -0.27 0.99 0.19 0.38 0.17 0.06
19.00 33.28 -749.79 -207.56 -36.48 0.58 -0.09 0.48 0.78 0.32 0.08 0.92
5.00 3.93 -179.13 432.60 581.35 0.28 0.72 -0.93 0.37 0.27 0.29 0.22
14.00 54.66 -75.57 645.50 -5.00 0.22 -0.85 -0.20 0.31 0.52 0.85 0.92
34.00 149.12 -470.60 594.07 169.29 0.60 0.95 0.17 0.90 0.51 0.00 1.00
18.00 76.96 -557.22 535.67 -73.93 0.32 -0.06 0.51 0.86 0.46 0.81 0.58
20.00 114.71 -69.21 -718.40 -297.94 0.05 0.78 -0.81 0.55 0.50 0.01 0.70
10.00 16.70 143.02 212.03 -152.26 0.44 -0.66 0.13 0.43 0.14 0.30 0.27
26.00 79.78 -528.07 -439.93 -370.11 -0.49 -0.35 -0.01 0.47 0.79 0.32 0.82
15.00 44.69 -160.64 -329.34 443.61 -0.37 -0.35 0.63 0.72 0.59 0.02 0.14
21.00 71.68 267.17 -463.93 -440.00 -0.56 -0.75 -0.84 0.03 0.84 0.27 0.52
8.00 5.42 -189.44 -474.12 -593.64 -0.35 -0.77 0.44 0.65 0.04 0.32 0.91
7.00 14.94 515.98 107.79 -406.10 -0.71 0.88 -0.20 0.29 0.76 0.29 0.24
13.00 15.07 -563.27 155.72 -218.49 0.26 0.87 -0.43 0.99 0.65 0.27 0.79
19.00 96.55 211.53 2.35 -345.62 -0.64 -0.78 0.06 0.48 0.33 0.39 0.17
13.00 28.16 180.72 97.00 191.33 0.13 0.45 -0.10 0.35 0.68 0.32 0.79
12.00 13.23 -61.78 115.54 -422.53 -0.21 -0.84 0.91 0.23 0.01 0.14 0.96
7.00 12.12 -541.51 -262.33 -80.19 -0.79 -0.82 -0.42 0.33 0.22 0.25 0.80
9.00 3.45 263.05 597.04 23.10 0.21 -0.95 -0.08 0.54 0.58 0.42 0.73
11.00 26.14 -79.25 408.39 -533.28 0.08 -0.01 0.59 0.50 0.59 0.60 0.33
7.00 7.01 -239.34 240.93 590.60 0.67 -0.34 0.60 0.73 0.35 0.81 0.15
8.00 12.10 -498.51 -161.67 463.54 0.40 -0.73 0.41 0.02 0.82 0.67 0.36
22.00 94.95 -150.71 83.74 380.73 -0.29 -0.76 0.29 0.86 0.47 0.26 0.18
9.00 5.01 -352.90 -31.23 -186.97 -0.11 0.23 0.19 0.95 0.33 0.08 0.73
12.00 1.99 -286.61 -528.91 -299.03 0.88 0.41 0.63 0.93 0.97 0.95 0.57
7.00 8.35 -317.82 -695.39 -182.31 0.44 -0.77 0.63 1.00 0.90 0.22 0.20
14.00 51.49 -59.79 -189.75 526.69 -0.83 -0.81 -0.34 0.74 0.72 0.51 0.51
11.00 14.93 494.67 -479.19 388.12 0.12 -0.21 -0.82 0.50 0.81 0.41 0.47
16.00 17.87 77.71 23.74 -382.42 -0.03 -0.13 -0.37 0.47 0.88 0.70 0.94
20.00 10.28 -728.30 58.92 47.73 0.23 0.74 -0.24 0.95 0.24 0.97 0.86
12.00 20.37 -54.21 354.91 -654.80 -0.34 -0.01 0.40 0.19 0.08 0.56 0.99
6.00 1.98 22.90 -40.92 -621.99 -0.80 -0.29 -0.78 0.20 0.15 0.71 0.16
16.00 53.06 -433.82 -136.98 459.31 0.76 0.81 -0.94 0.45 0.15 0.61 0.56
18.00 96.10 257.37 -79.89 -153.98 0.65 0.04 -0.50 0.58 0.07 0.20 0.97
14.00 21.14 361.91 669.50 122.85 -0.26 -0.70 -0.74 0.08 0.38 0.76 0.24
24.00 15.77 -16.99 -60.88 95.30 0.49 0.92 0.50 0.71 0.34 0.19 0.88
19.00 94.81 323.70 -439.07 382.72 -0.15 0.83 0.36 0.54 0.36 0.95 0.99
9.00 12.86 -139.98 274.73 -22.04 0.66 -0.35 -0.79 0.22 0.87 0.29 0.80
11.00 6.81 -118.28 -615.26 60.13 0.60 0.07 -0.69 0.99 0.97 0.29 0.60
9.00 2.41 507.05 191.83 27.48 0.16 0.70 -0.06 1.00 0.11 0.62 0.42
10.00 18.73 326.33 -480.67 -412.69 -0.16 0.73 0.54 0.42 0.54 0.67 0.17
11.00 15.06 117.04 -337.42 -329.01 -0.28 -0.13 -0.52 0.83 0.14 0.37 0.14
15.00 47.50 -191.77 259.03 318.12 0.48 -0.84 -0.12 0.16 0.28 0.59 0.35
13.00 14.59 378.03 518.28 -439.52 -0.19 -0.84 0.95 0.10 0.21 0.79 0.35
21.00 38.20 -560.80 -96.09 -286.11 -0.71 0.88 0.21 0.34 0.73 0.92 0.96
9.00 11.92 -1.04 487.16 -145.42 0.65 0.77 -0.57 0.44 0.39 1.00 0.31
25.00 124.50 333.06 -534.43 55.87 -0.24 -0.50 0.16 0.49 0.58 0.29 0.56
16.00 6.05 -390.58 478.75 10.01 -0.69 0.38 -0.08 0.79 0.75 0.95 0.22
8.00 11.35 -11.31 283.11 -641.56 -0.49 -0.62 0.66 0.13 0.97 0.04 0.77
8.00 9.08 -667.35 -109.62 -153.79 0.97 0.75 -0.31 0.44 0.97 0.68 0.07
7.00 14.10 74.19 -627.67 142.20 -0.02 0.71 0.26 0.49 0.37 0.21 0.10
5.00 1.98 539.77 -549.90 124.35 0.50 -0.84 -0.45 0.70 0.68 0.42 0.15
15.00 38.57 241.58 -453.02 -412.34 -0.67 -0.36 -0.77 0.78 0.46 0.77 0.42
9.00 10.48 -745.96 -117.83 178.95 0.14 0.67 -0.14 0.14 0.11 0.48 0.32
22.00 81.68 -681.17 -77.43 137.32 -0.47 0.63 0.25 0.12 0.57 0.26 0.22
24.00 79.33 241.67 -561.77 -56.00 0.63 -0.62 -0.95 0.10 0.17 0.01 0.13
8.00 12.01 62.68 -432.72 -290.62 0.06 0.20 -0.71 0.37 0.17 0.19 0.01
15.00 45.41 -667.05 -237.99 106.15 0.89 -0.17 0.39 0.08 0.83 0.40 0.29
5.00 7.64 429.81 424.27 99.91 -0.92 -0.55 -0.10 0.01 0.86 0.91 0.92
5.00 4.93 671.91 278.10 -274.14 0.32 0.38 0.36 0.22 0.58 0.71 0.64
36.00 220.45 -152.85 -272.35 316.76 -0.67 0.65 -0.25 0.59 0.34 0.45 0.01
9.00 14.41 -681.44 -43.98 365.32 0.77 -0.74 -0.67 0.38 0.62 0.60 0.55
13.00 39.38 -271.06 -463.72 -339.86 -0.11 -0.18 -0.80 0.16 0.40 0.86 0.13
6.00 7.97 320.93 513.37 507.38 0.44 0.48 0.06 0.44 0.62 0.56 0.85
11.00 35.74 694.47 155.55 78.07 0.69 -0.74 -0.09 0.22 0.69 0.97 0.27
15.00 54.36 274.19 -627.81 -101.22 -0.04 0.37 0.03 0.49 0.22 0.19 0.90
37.00 420.70 176.15 156.72 -220.74 -0.89 0.32 -0.70 0.33 0.36 0.10 0.83
17.00 2.23 -51.11 -367.65 76.53 -0.59 -0.04 0.27 0.44 0.30 0.50 0.27
10.00 25.81 128.46 -165.71 84.80 0.86 0.24 0.85 0.90 0.13 0.53 0.68
5.00 5.36 -120.03 483.70 404.49 -0.69 -0.32 0.16 0.64 0.97 0.84 0.65
17.00 57.55 -131.08 -63.24 -503.06 -0.81 -0.60 -0.04 0.29 0.96 0.40 0.50
6.00 10.80 465.33 37.57 -353.56 0.88 0.90 -0.69 0.11 0.43 0.34 0.89
8.00 4.63 451.34 -380.66 342.72 0.36 0.04 -0.07 0.18 0.52 0.53 0.24
7.00 10.04 12.27 231.20 -106.80 0.30 -0.09 -0.47 0.65 0.46 0.71 0.14
15.00 41.27 -197.61 557.66 -441.22 0.14 -0.21 0.00 0.79 0.96 0.19 0.19
7.00 12.11 -151.48 -217.88 372.81 0.17 -0.35 -0.61 0.70 0.85 0.50 0.45
6.00 1.91 -206.15 -178.53 347.97 0.24 -0.94 -0.13 0.91 0.98 0.01 0.83
16.00 26.64 289.04 599.19 193.19 0.37 0.21 0.52 0.64 0.56 0.78 0.14
7.00 12.47 60.64 -430.11 48.54 -0.36 0.76 0.88 0.64 0.91 0.76 0.81
6.00 10.68 617.89 137.52 -126.44 0.25 0.13 -0.89 0.43 0.67 0.41 0.88
14.00 33.06 275.13 -269.47 -306.15 0.86 0.04 0.53 0.34 0.70 0.96 0.37
9.00 3.27 231.23 486.73 -590.31 -0.77 -0.23 0.95 0.73 0.27 0.79 0.09
8.00 6.30 148.68 81.04 661.64 -0.61 0.37 -0.60 0.24 0.37 0.52 0.03
10.00 23.78 -279.69 602.42 391.63 0.93 0.31 0.95 0.29 0.93 0.18 0.49
12.00 16.79 -634.57 139.86 -67.68 -0.14 0.20 0.01 0.44 0.87 0.21 0.99
9.00 15.06 -653.99 10.68 -157.52 -0.62 0.55 -0.34 0.10 0.35 0.89 0.19
22.00 14.88 -110.77 285.54 -383.47 0.25 -0.86 0.00 0.54 0.70 0.42 0.51
30.00 166.27 273.48 -50.01 88.67 0.91 0.63 -0.87 0.30 0.73 0.44 0.20
8.00 3.17 283.72 -258.66 -557.92 -0.22 0.29 -0.74 0.21 0.27 0.99 0.94
37.00 323.12 -579.00 -237.47 441.03 -0.53 0.74 -0.37 0.93 0.04 0.42 0.42
9.00 0.43 -231.33 363.30 444.02 -0.70 -0.49 0.68 0.25 0.09 0.48 0.83
5.00 5.78 -405.14 -302.07 -399.27 0.06 0.40 -0.20 0.57 0.22 0.47 0.14
10.00 14.89 -191.44 246.55 278.48 0.87 -0.01 -0.04 0.79 0.76 0.51 0.62
12.00 14.27 186.89 401.36 42.60 0.78 0.60 0.79 0.46 0.27 0.08 0.87
23.00 25.17 513.50 360.05 35.27 1.00 -0.25 -0.62 0.88 0.79 0.53 0.71
7.00 10.03 -280.87 -200.93 -247.30 0.03 -0.97 0.35 0.78 0.85 0.12 0.81
6.00 8.35 641.87 -104.87 68.18 0.49 0.65 0.91 0.28 0.78 0.73 0.43
17.00 2.20 286.39 -597.24 231.62 0.64 0.60 0.06 0.69 0.85 0.81 0.99
5.00 3.24 556.36 1.54 -557.31 -0.43 0.04 0.65 0.06 0.47 0.56 0.67
15.00 64.76 -180.56 180.53 149.14 -0.42 -0.68 -0.56 0.41 0.09 0.62 0.89
8.00 13.57 -77.46 356.11 -543.09 0.51 0.80 0.47 0.60 0.45 0.56 0.29
10.00 16.76 484.41 242.88 -94.28 0.06 0.53 0.45 0.75 0.23 0.76 0.27
9.00 2.06 -481.15 25.86 -353.62 0.14 -0.55 0.11 0.43 0.56 0.59 0.64
8.00 17.70 -137.39 -633.35 94.27 0.31 -0.77 -0.03 0.00 0.66 0.80 0.44
8.00 15.41 8.60 271.98 -94.23 0.44 -0.06 -0.33 0.49 0.98 0.73 0.67
21.00 118.39 -107.61 -200.78 -453.22 -0.20 -0.09 -0.22 0.15 0.13 0.06 0.12
5.00 2.21 96.78 -145.75 133.04 0.45 0.90 0.17 0.71 0.33 0.93 0.63
7.00 6.95 78.73 261.20 430.32 -0.75 0.48 -0.23 0.54 0.50 0.77 0.35
8.00 18.47 92.95 474.99 -81.86 0.43 -0.66 -0.45 0.33 0.94 0.09 0.02
11.00 34.47 580.81 144.68 -131.34 -0.19 0.80 0.08 0.18 0.63 0.32 0.02
5.00 4.52 -364.38 117.58 -10.44 -0.03 0.33 0.20 0.78 0.76 0.84 0.93
16.00 25.16 299.98 -376.60 -346.65 0.83 0.42 -0.71 0.69 0.56 0.27 0.34
5.00 6.61 -310.89 77.13 -196.85 -0.22 -0.41 0.91 0.53 0.76 0.74 0.45
14.00 7.89 22.88 -255.56 469.05 -0.40 0.61 -0.95 0.93 0.80 0.16 0.89
5.00 6.99 -259.43 -552.12 -481.99 -0.85 0.46 0.98 0.89 0.28 0.57 0.34
9.00 13.42 355.46 -299.63 -315.27 0.62 -0.02 0.28 0.36 0.70 0.50 0.83
24.00 39.06 3.85 428.69 455.52 -0.18 0.24 0.70 0.36 0.15 0.02 0.62
24.00 27.91 -439.47 -10.91 -60.92 0.72 0.90 -0.77 0.80 0.06 0.01 0.29
6.00 3.81 693.23 -343.72 94.69 -0.78 0.53 -0.50 0.27 0.89 0.48 0.49
8.00 18.87 -45.78 -548.81 -422.50 0.72 -0.36 -0.85 0.99 0.04 0.25 0.71
15.00 50.40 -377.57 -129.54 -534.94 0.01 0.65 0.08 0.53 0.03 0.29 0.91
6.00 0.15 348.06 719.98 -8.53 0.62 -0.38 0.90 0.10 0.68 0.76 0.66
16.00 70.46 229.60 -429.68 -295.52 0.15 -0.95 0.40 0.81 0.84 0.58 0.45
16.00 5.04 257.97 -206.89 -682.85 0.61 -0.13 -0.00 0.64 0.71 0.76 0.03
7.00 9.41 227.66 396.98 68.34 -0.15 -0.41 0.93 0.59 0.86 0.57 0.65
15.00 64.69 -176.90 10.69 -196.78 -0.29 0.11 0.52 0.85 0.55 0.66 0.23
14.00 51.41 -652.53 -133.51 -1.60 0.02 -0.97 0.41 0.56 0.13 0.82 0.69
17.00 76.64 -395.88 175.81 -193.14 -0.07 0.90 0.80 0.78 0.63 0.86 0.25
12.00 11.27 -240.93 -419.03 187.76 -0.18 -0.78 -0.35 0.08 0.11 0.51 0.99
7.00 12.82 1.78 28.04 514.02 -0.50 -0.86 -0.08 0.86 0.23 0.01 0.93
7.00 2.56 171.80 523.76 -45.39 0.73 0.65 0.77 0.66 0.84 0.64 0.32
34.00 66.22 -2.55 715.40 311.04 -0.93 0.17 -0.54 0.23 0.74 0.54 0.90