9.82 50
35.00 0.90 134.59 -131.78 57.33 -1.50 0.58 2.10 0.63 0.67 0.65 0.77
6.00 0.94 -53.40 -53.61 -44.25 1.33 -0.70 0.30 0.05 0.26 0.79 0.44
24.00 1.20 -152.65 19.39 -73.00 2.25 -0.98 2.40 0.95 0.62 0.80 0.68
28.00 1.09 -117.71 40.07 53.26 -0.55 -1.17 -1.60 0.31 0.08 0.04 0.54
15.00 0.82 21.62 31.48 -147.99 -1.55 2.42 1.42 0.10 0.15 0.01 0.79
14.00 0.25 87.05 128.81 122.22 1.20 0.28 -0.50 0.34 0.88 0.13 0.59
11.00 1.30 144.09 -92.14 86.54 -0.05 -1.05 -0.95 0.27 0.24 0.72 0.10
31.00 0.70 -69.41 -85.78 150.57 -1.52 -1.10 2.05 0.79 0.54 0.32 0.91
34.00 0.30 -68.62 155.92 -18.19 2.07 0.62 -1.85 0.12 0.78 0.03 0.33
22.00 1.13 -135.02 -12.84 113.00 2.35 1.20 -1.38 0.43 0.37 0.98 0.50
27.00 0.93 -104.50 59.79 -117.86 0.80 1.57 1.02 0.34 0.23 0.73 0.60
24.00 1.41 -20.51 -133.85 -140.47 1.80 -2.07 -1.80 0.75 0.53 0.19 0.35
7.00 1.03 -126.75 -23.82 60.57 1.42 0.88 -1.65 0.56 0.76 0.67 0.48
8.00 0.53 -123.32 84.05 45.07 2.27 -2.27 1.98 0.29 0.96 0.38 0.73
15.00 1.13 31.18 -172.16 -18.55 0.12 1.00 -1.95 0.14 0.13 0.88 0.45
6.00 0.20 -15.70 66.55 57.07 0.22 -1.30 -1.45 0.99 0.88 0.95 0.84
13.00 0.92 8.16 -59.70 -185.69 -2.12 -2.07 0.78 0.44 0.75 0.91 0.68
24.00 1.00 -65.61 -42.62 -156.96 2.07 0.22 2.48 0.77 0.11 0.80 0.30
16.00 0.79 -35.06 68.11 37.97 2.48 -2.27 -1.72 0.87 0.65 0.70 0.06
15.00 0.04 -124.05 -105.90 -62.59 -0.62 2.17 -1.15 0.99 0.34 0.31 0.75
9.00 0.68 64.92 -87.92 -109.72 -0.30 -1.02 2.15 0.19 0.41 0.33 0.22
34.00 1.20 -20.83 154.28 -116.41 -1.85 -2.45 -0.28 0.21 0.38 0.53 0.60
30.00 0.26 63.50 181.45 26.44 1.80 -2.42 -0.60 0.74 0.85 0.37 0.24
14.00 1.13 123.79 116.72 64.96 -1.85 -2.00 -1.07 0.75 0.49 0.01 0.15
9.00 1.15 -193.01 29.76 -12.26 2.38 -0.22 1.88 0.69 0.06 0.07 0.78
36.00 0.55 46.24 -13.22 13.50 -1.55 1.30 0.90 0.62 0.18 0.05 0.65
6.00 1.34 -143.96 -49.53 -45.48 0.98 -0.90 -0.85 0.42 0.74 0.70 0.04
21.00 0.97 190.67 16.60 -51.97 0.03 -1.52 0.80 0.58 0.16 0.23 0.45
8.00 1.27 -46.54 44.41 141.17 0.22 -2.23 0.28 0.21 0.23 0.35 0.22
7.00 1.01 -85.06 -83.75 7.77 -0.65 -1.50 0.00 0.26 0.87 0.63 0.72
20.00 1.20 -140.55 115.24 -61.46 -0.12 -1.20 0.75 0.68 0.12 0.53 0.98
36.00 1.36 126.08 53.30 -112.47 0.45 0.10 1.33 0.36 0.84 0.11 0.05
23.00 0.23 121.27 124.85 -42.11 -1.57 -1.05 2.03 0.57 0.48 0.17 0.78
16.00 1.12 -9.19 -78.22 74.09 -1.75 1.70 1.75 0.30 0.41 0.49 0.60
9.00 0.93 181.59 -40.05 54.34 0.90 -0.53 2.20 0.71 0.21 0.94 0.59
26.00 0.64 -130.19 -27.84 -123.52 -1.42 2.27 1.50 0.25 0.08 0.52 0.06
33.00 0.78 -112.45 139.81 65.37 0.78 1.42 -0.25 0.07 0.30 0.55 0.05
39.00 0.89 114.59 -82.03 -68.32 1.33 -0.55 -0.12 0.03 0.80 0.86 0.51
16.00 0.53 60.94 112.59 -79.21 -1.45 -0.33 -1.80 0.06 0.82 0.82 0.85
32.00 0.12 -50.56 -12.68 42.34 1.77 -1.20 0.80 0.87 0.78 0.69 0.51
24.00 1.13 73.21 -163.96 -42.44 -0.00 -0.83 -0.12 0.03 0.26 0.74 0.38
19.00 0.62 -122.70 -58.84 -21.13 1.77 2.42 0.90 0.22 0.67 0.10 0.29
8.00 0.11 157.94 51.80 -25.31 1.15 -0.60 -2.03 0.69 0.50 0.39 0.22
23.00 1.34 -17.50 84.98 -55.80 1.57 -0.22 -0.43 0.70 0.56 0.38 0.26
28.00 0.17 -6.59 -67.09 -35.20 1.23 1.15 -1.57 0.49 0.22 0.84 0.29
7.00 0.54 -9.38 35.12 -132.20 -0.68 -1.90 -1.33 0.97 0.63 0.01 0.73
28.00 0.01 -41.87 -172.22 44.04 2.48 -1.05 -2.38 0.09 0.91 0.93 0.11
13.00 1.39 -74.43 -148.80 4.42 -1.33 1.40 -0.95 0.69 0.59 0.93 0.13
33.00 0.04 54.43 -28.87 177.48 1.82 2.40 -2.15 0.02 0.79 0.38 0.16
28.00 1.34 38.68 51.80 144.16 0.43 1.02 -0.68 0.12 0.33 0.43 0.32
