8.52 800
24.00 197.48 -528.67 -243.17 -55.01 0.94 -0.53 -0.87 0.57 0.89 0.32 0.07
18.00 32.98 -510.92 301.01 -52.13 0.34 0.45 -0.41 0.17 0.64 0.42 0.06
16.00 59.36 -371.65 649.38 -240.83 -0.73 0.99 -0.08 0.24 0.85 0.41 0.92
11.00 31.41 362.91 -160.64 -330.33 0.02 0.48 -0.28 0.04 0.14 0.63 0.41
10.00 2.98 -374.45 -55.30 640.57 0.80 -0.94 0.23 0.70 0.07 0.44 0.08
15.00 17.39 -17.11 -355.58 -436.79 0.01 -0.22 0.60 0.65 0.66 0.11 0.31
18.00 109.94 -19.75 -153.31 640.07 -0.15 -0.75 0.01 0.87 0.70 0.87 0.04
17.00 98.08 -165.46 -315.40 -530.39 0.74 0.97 -0.27 0.97 0.38 0.48 0.17
11.00 42.72 192.19 -555.22 -468.82 -0.09 -0.44 -0.92 0.43 0.62 0.13 0.42
30.00 255.47 61.94 -112.17 612.31 -0.27 0.88 -0.24 0.01 0.80 0.30 0.55
11.00 5.00 283.21 -700.98 -47.38 0.73 0.54 -0.71 0.04 0.87 0.49 0.99
7.00 14.24 -298.65 430.17 -530.32 0.57 -0.74 0.43 0.36 0.54 0.78 0.02
22.00 103.93 213.02 -12.31 329.94 0.10 0.26 0.68 0.36 0.83 0.71 0.58
25.00 187.03 -127.69 41.13 414.69 -0.09 0.40 0.68 0.42 0.40 0.88 0.07
9.00 26.20 21.71 230.73 449.99 -0.09 0.12 0.31 0.17 0.96 0.50 0.45
5.00 4.46 29.92 420.61 41.02 0.89 -0.73 -0.86 0.35 0.43 0.82 0.77
15.00 48.29 451.95 -253.08 275.24 -0.48 0.22 0.80 0.44 0.37 0.95 0.05
8.00 7.55 481.97 -89.79 -590.71 0.70 0.40 -0.33 0.14 0.07 0.95 0.47
19.00 9.38 518.46 262.11 355.29 0.26 -0.24 0.98 0.27 0.52 0.36 0.06
11.00 10.02 273.04 -278.01 666.95 -0.12 0.24 -0.55 0.55 0.91 0.58 0.70
12.00 2.88 439.64 -99.74 -346.04 -0.01 -0.10 -0.96 0.47 0.11 0.31 0.66
7.00 5.27 157.03 -494.75 -242.08 0.78 0.32 -0.66 0.91 0.67 0.56 0.56
6.00 3.85 108.17 -451.13 -294.81 0.94 -0.29 -0.06 0.19 0.17 0.80 0.45
6.00 5.16 -387.27 317.66 362.39 -0.06 0.56 0.77 0.00 0.93 0.02 0.68
35.00 186.06 18.62 443.49 -604.19 -0.16 0.60 -0.20 0.95 0.95 0.11 0.61
5.00 8.62 -259.43 -552.12 -481.99 0.81 0.37 -0.68 0.94 0.75 0.38 0.21
8.00 15.76 208.94 -508.70 -165.10 0.34 0.03 -0.08 0.85 0.88 0.05 0.07
5.00 5.79 -321.52 162.31 -411.40 0.86 0.61 0.68 0.77 0.00 0.54 0.07
11.00 40.97 -127.40 575.67 27.78 -0.77 -0.13 -0.19 0.83 0.44 0.86 0.98
10.00 27.04 107.97 -383.91 41.12 0.29 -0.36 -0.73 0.27 0.59 0.82 0.97
12.00 44.35 448.57 436.23 -79.26 -0.20 -0.57 -0.56 0.53 0.26 0.57 0.95
7.00 8.32 -155.63 -213.83 485.31 -0.40 0.97 -0.95 0.10 0.75 0.05 0.76
15.00 39.61 690.67 371.51 -27.97 0.88 -0.26 0.60 0.57 0.89 0.41 0.91
7.00 0.79 114.25 451.65 -556.38 -0.69 0.59 -0.14 0.60 0.86 0.57 0.56
27.00 52.67 -169.76 265.30 -410.69 -0.49 0.78 0.53 0.65 0.82 0.92 0.93
38.00 82.23 19.43 -406.36 -646.96 -0.73 -0.43 0.75 0.96 0.09 0.16 0.23
7.00 17.21 -26.92 -359.40 -680.72 -0.30 0.06 -0.67 0.29 0.22 0.08 0.98
9.00 27.42 314.81 473.51 -344.59 0.67 -0.95 -0.71 0.64 0.17 0.44 0.90
7.00 13.67 21.85 -352.01 -550.63 -0.11 0.77 -0.71 0.34 0.54 0.17 0.39
10.00 33.83 42.63 131.51 572.15 -0.88 -0.72 -0.78 0.29 0.02 0.36 0.05
11.00 11.53 133.84 -153.82 -578.03 -0.32 -0.05 0.80 0.01 0.66 0.44 0.84
10.00 33.13 107.95 774.30 -168.42 -0.25 -0.03 -0.51 0.47 0.47 0.51 0.03
7.00 13.32 321.64 327.86 486.56 0.48 0.49 -0.01 0.15 0.95 0.98 0.75
13.00 31.90 158.23 343.92 -451.86 -0.76 -0.34 0.85 0.68 1.00 0.27 0.51
7.00 8.89 -87.60 -145.04 -7.38 0.37 -0.73 -0.57 0.80 0.69 0.01 0.83
8.00 2.34 -237.45 73.76 -136.99 -0.59 -0.55 0.17 0.69 0.79 0.77 0.17
10.00 22.43 278.18 208.28 -241.29 0.85 0.38 0.05 0.26 0.61 1.00 0.10
17.00 59.90 321.32 -599.76 -396.66 0.90 0.45 -0.37 0.79 0.80 0.40 0.02
9.00 16.07 -133.63 -297.42 529.68 -0.13 0.42 0.67 0.97 0.70 0.24 0.43
8.00 5.15 74.49 -51.54 -731.13 -0.42 -0.10 0.11 0.84 0.30 0.55 0.49
5.00 4.77 -624.06 -208.94 383.29 -0.64 -0.79 0.90 0.31 0.91 0.64 0.69
5.00 1.41 103.75 2.44 -711.52 -0.93 -0.57 0.63 0.49 0.63 0.29 0.02
5.00 4.30 -215.76 -360.67 149.31 -0.87 0.17 -0.85 0.93 0.94 0.04 0.71
19.00 71.29 -12.04 119.78 779.65 -0.40 0.14 0.81 0.04 0.53 0.07 0.75
8.00 11.79 -118.61 -129.41 -233.68 0.41 -0.72 -0.58 0.66 0.52 0.58 0.91
27.00 113.47 -228.18 -237.29 -401.55 0.36 -0.82 -0.76 0.33 0.50 0.44 0.34
31.00 130.52 -215.25 -742.60 -151.30 -0.98 0.44 -0.93 0.11 0.20 0.41 0.64
16.00 42.23 417.11 165.42 -347.03 0.80 -0.48 -0.60 0.38 0.42 0.84 0.28
8.00 0.60 -158.78 -65.66 -276.17 0.24 0.16 -0.64 0.06 0.86 0.33 0.33
19.00 26.40 -169.56 373.17 -413.49 0.87 0.36 -0.59 0.53 0.48 0.61 0.06
9.00 10.03 666.21 15.62 110.67 -0.01 -0.18 0.43 0.81 0.56 0.06 0.96
9.00 4.24 -99.55 20.26 -546.94 -0.66 -0.58 -0.27 0.69 0.41 0.46 0.57
6.00 12.23 -105.66 -303.84 -612.90 0.01 0.74 0.40 0.42 0.85 0.10 0.62
5.00 1.75 381.67 -400.20 -26.28 0.75 -0.87 0.32 0.77 0.19 0.02 0.10
16.00 70.63 391.55 -166.60 458.71 0.53 0.49 0.18 0.76 0.57 0.29 0.14
9.00 16.18 -417.17 -640.96 -136.20 0.54 0.00 -0.39 0.50 0.77 0.73 0.65
19.00 36.06 -579.26 376.64 -54.45 -0.12 -0.18 0.69 0.15 0.70 0.14 0.74
9.00 26.69 -569.93 201.73 375.20 -0.32 -0.79 -0.71 0.95 0.34 0.83 0.53
9.00 20.78 -182.98 430.80 242.72 0.04 -0.60 0.00 0.49 0.99 0.52 0.16
10.00 22.70 -494.94 -50.51 -293.00 0.56 0.54 -0.24 0.05 0.02 0.23 0.37
28.00 82.13 315.89 330.16 82.08 0.23 -0.02 -0.87 1.00 0.33 0.45 0.49
12.00 17.51 -61.78 115.54 -422.53 0.68 -0.50 -0.88 0.73 0.12 0.57 0.04
7.00 10.35 522.10 275.64 53.85 -0.11 0.24 -0.12 0.32 0.76 0.90 0.58
23.00 68.35 -719.19 226.51 206.48 0.79 0.76 0.19 0.88 0.58 0.76 0.52
11.00 24.55 -585.12 -202.33 390.75 0.49 0.67 -0.11 0.25 0.03 0.64 0.22
9.00 8.92 80.21 782.46 -31.74 -0.74 0.69 0.02 0.58 0.26 0.21 0.40
8.00 8.33 38.98 519.42 321.34 -0.23 -0.34 -0.36 0.91 0.48 0.95 0.80
5.00 6.82 -244.88 -607.57 133.78 0.28 -0.92 -0.99 0.95 0.17 0.19 0.26
8.00 14.09 -36.62 -168.18 -332.02 0.45 0.72 0.72 0.21 0.33 0.52 0.88
38.00 37.07 -476.70 -208.55 369.66 0.76 -0.07 -0.72 0.68 0.09 0.66 0.47
34.00 382.27 -104.99 255.19 -578.53 -0.07 0.12 0.48 0.88 0.75 0.09 0.06
9.00 6.10 432.38 411.63 -254.98 0.97 0.01 -0.58 0.48 0.31 0.23 0.54
15.00 62.94 331.51 80.74 404.35 0.12 0.72 -0.97 0.05 0.39 0.56 0.02
19.00 23.80 -620.88 -84.55 325.12 -0.36 -0.46 -0.30 0.06 0.54 0.18 0.98
7.00 13.90 -72.14 -138.50 621.62 0.32 -0.26 -0.57 0.98 0.26 0.07 0.71
6.00 2.22 -493.67 -142.29 502.40 0.61 0.95 -0.01 0.79 0.68 0.36 0.43
7.00 11.81 -369.47 568.88 391.80 -0.10 -0.75 0.01 0.32 0.37 0.63 0.85
5.00 7.86 631.95 -372.59 146.39 -0.54 -0.39 -0.32 0.38 0.26 0.50 0.29
6.00 2.70 128.74 -655.29 -376.49 -0.42 -0.51 -0.77 0.74 0.87 0.19 0.72
10.00 19.39 498.57 -517.91 244.44 -0.74 -0.97 0.01 0.37 0.70 0.76 0.91
5.00 6.31 -103.49 611.70 396.92 -1.00 -0.69 -0.32 0.10 0.19 0.30 0.70
11.00 21.73 -577.37 -350.62 130.34 0.74 0.60 -0.36 0.70 0.72 0.15 0.95
7.00 8.64 39.01 367.92 274.59 -0.27 -0.22 -0.98 0.07 0.40 0.69 0.39
8.00 13.77 -332.42 -20.10 115.29 0.90 0.75 0.33 0.74 0.36 0.11 0.84
39.00 50.04 -436.30 331.81 -110.56 0.58 0.63 0.88 0.33 0.42 0.07 0.39
13.00 11.14 149.95 -98.36 445.47 0.61 0.25 -0.13 0.24 0.98 0.85 0.08
7.00 6.00 -278.22 291.02 -44.85 0.83 -0.53 -0.07 0.13 0.41 0.11 0.28
12.00 35.58 97.79 217.46 648.04 0.10 -0.06 0.54 0.44 0.65 0.77 0.81
18.00 73.19 593.44 501.70 -109.12 -0.70 0.04 0.75 0.30 0.48 0.01 0.67
23.00 90.85 -20.17 212.45 21.62 0.65 -0.93 0.33 0.10 0.47 0.65 0.81
8.00 13.28 -31.38 157.75 -757.60 -0.00 -0.58 0.22 0.91 0.32 0.90 0.82
7.00 9.56 -156.49 -96.03 674.89 -0.16 0.56 -0.03 0.63 0.88 0.67 0.69
6.00 5.49 414.46 -199.09 574.96 0.19 -0.72 -0.69 0.88 0.60 0.11 0.29
13.00 33.34 -91.19 -169.50 -134.19 -0.13 0.04 -0.74 0.84 0.86 0.31 0.41
15.00 55.57 54.21 -131.21 -161.31 -0.71 0.45 0.38 0.94 0.29 0.19 0.76
11.00 16.21 -76.46 -361.36 9.34 0.49 -0.39 0.20 0.76 0.60 0.79 0.92
6.00 5.29 459.64 -605.52 -121.04 -0.42 0.27 0.12 0.89 0.47 0.69 0.31
10.00 32.17 406.06 118.88 155.62 0.71 -0.77 0.69 0.86 0.59 0.19 0.54
8.00 13.12 118.27 -48.26 -78.95 -0.41 0.10 0.89 0.26 0.05 0.76 0.65
21.00 62.95 -438.45 -130.15 132.80 -0.21 -0.27 0.97 0.54 0.69 0.28 0.91
7.00 15.48 308.71 -159.72 -355.52 -0.69 -0.63 -0.45 0.23 0.17 0.21 0.30
13.00 51.65 382.13 531.06 -400.17 -0.87 0.66 0.23 0.08 0.03 0.24 0.84
11.00 6.32 144.59 -536.10 -476.30 0.93 -0.40 0.64 0.44 0.56 0.39 0.86
9.00 19.18 -243.97 -368.92 556.08 -0.65 -0.82 -0.75 0.77 0.42 0.97 0.21
28.00 270.49 -578.32 162.11 -145.30 -0.06 0.42 0.16 0.94 0.51 0.64 0.50
7.00 6.32 -20.87 -530.54 41.35 -0.88 0.37 0.65 0.16 0.99 0.60 0.44
11.00 35.91 -669.19 -153.10 -255.28 -0.16 0.58 0.46 0.02 0.15 0.03 0.45
33.00 244.65 -369.83 234.01 300.48 -0.89 -0.69 -0.47 0.58 0.44 0.74 0.79
5.00 3.63 -337.67 -210.45 629.45 0.62 0.20 -0.66 0.15 0.07 0.88 0.12
11.00 8.68 -203.07 -477.51 195.12 -0.53 -0.15 -0.21 0.80 0.42 0.55 0.97
11.00 42.16 296.46 647.80 176.97 0.08 0.68 -0.99 0.47 0.45 0.01 0.20
10.00 4.43 -52.63 -269.07 -201.95 -0.35 0.90 0.54 0.28 0.30 0.32 0.90
9.00 12.75 -600.38 -332.00 224.62 -0.26 0.53 -0.28 0.24 0.54 0.50 0.18
16.00 54.64 268.89 -294.52 -341.96 0.58 0.94 0.31 0.34 0.82 0.57 0.75
7.00 15.30 619.97 -369.32 -310.80 0.69 -0.23 -0.67 0.04 0.30 0.56 0.36
6.00 2.88 277.04 72.25 -229.48 -0.34 0.14 0.37 0.68 0.06 0.42 0.18
5.00 4.01 344.18 336.42 601.74 0.12 -0.32 0.90 0.64 0.14 0.23 0.57
28.00 153.37 475.56 414.90 135.45 0.72 0.59 0.36 0.92 0.55 0.81 0.98
17.00 13.31 128.17 -562.34 407.47 -0.67 0.50 -0.75 0.26 0.26 0.43 0.54
9.00 17.56 539.14 -138.20 549.83 -0.47 -0.26 -0.61 0.86 0.64 0.69 0.83
13.00 21.49 337.91 562.56 416.34 0.37 0.74 -0.60 0.19 0.66 0.55 0.71
27.00 97.37 98.01 -508.33 452.84 0.20 -0.67 -0.79 0.32 0.19 0.41 0.11
5.00 1.97 -315.86 -265.87 -37.00 0.28 -0.46 0.17 0.91 0.02 0.66 0.04
8.00 12.58 264.68 -173.44 -374.28 0.77 0.12 -0.43 0.78 0.86 0.53 0.31
21.00 147.39 -337.12 -269.54 485.72 -0.39 -0.60 -0.61 0.66 0.10 0.51 0.52
20.00 26.88 312.32 -386.93 263.40 -0.50 -0.84 -0.86 0.11 0.66 0.56 0.11
9.00 28.24 33.21 182.09 585.90 -0.57 -0.05 0.15 0.28 0.29 0.83 0.21
13.00 50.22 -206.14 709.68 -224.46 0.32 -0.05 -0.82 0.40 0.01 0.02 0.98
6.00 11.82 45.07 547.29 -383.00 0.75 0.01 -0.90 0.50 0.43 0.78 0.98
17.00 14.52 -11.47 281.81 441.29 -0.93 -0.44 0.96 0.60 0.52 0.75 0.92
32.00 351.42 14.33 239.26 -745.45 0.70 -0.64 0.62 0.77 0.14 0.89 0.71
12.00 27.35 274.77 -541.00 38.55 -0.10 -0.27 0.70 0.74 0.55 0.01 0.14
8.00 0.73 -268.78 -125.44 -257.47 -0.76 -0.13 0.94 0.40 0.57 0.67 0.09
12.00 18.74 -112.96 518.41 428.48 0.24 0.49 0.18 0.17 0.02 0.07 0.73
5.00 8.37 543.36 -102.29 104.08 -0.09 0.37 0.95 0.23 0.37 0.77 0.67
7.00 9.31 127.50 400.99 474.03 0.89 -0.06 -0.29 0.28 0.28 0.19 1.00
36.00 194.08 506.87 234.80 565.07 -0.20 -0.65 -0.50 0.22 0.02 0.96 0.10
10.00 31.71 140.38 -154.74 -171.13 -0.43 0.60 0.05 0.44 0.53 0.30 0.56
15.00 9.75 -293.06 -14.47 728.90 0.46 -0.40 0.83 0.70 0.51 0.98 0.37
7.00 0.69 30.43 -542.32 331.84 -0.28 -0.66 0.04 0.93 0.44 0.56 0.74
5.00 8.45 393.87 66.88 -593.86 -0.53 -0.68 -0.27 0.68 0.17 0.29 0.34
6.00 1.98 284.15 184.49 18.62 0.76 0.02 -0.02 0.46 0.23 0.72 0.60
6.00 11.09 557.31 -278.19 239.23 0.39 -0.68 0.44 0.83 0.76 0.21 0.33
6.00 10.90 190.41 142.17 -421.46 -0.08 -0.71 -0.31 0.99 0.84 0.76 0.39
5.00 2.71 -288.28 334.00 -537.35 -0.41 -0.88 -0.99 0.30 0.23 0.35 0.66
12.00 38.93 -154.84 -238.27 -359.97 0.80 0.11 0.60 0.03 0.33 0.76 0.77
13.00 51.71 -82.90 155.66 184.31 0.11 -0.62 0.10 0.49 0.97 0.96 0.49
6.00 0.67 -473.49 338.64 -164.14 0.32 -0.84 -0.35 0.39 0.46 0.15 0.02
19.00 97.36 -139.40 -665.17 -33.97 -0.92 0.58 -0.24 0.46 0.05 0.03 0.49
12.00 22.43 -392.50 379.83 279.24 0.46 -0.15 -0.49 0.97 0.42 0.11 0.39
7.00 10.21 28.39 400.62 8.18 -0.59 0.64 -0.78 0.08 0.67 0.35 0.93
13.00 2.11 -351.20 553.95 175.17 0.05 -0.96 -0.40 0.73 0.45 0.73 0.77
29.00 126.77 -154.04 254.70 39.21 0.10 -0.73 0.81 0.38 0.16 0.43 0.19
5.00 7.66 -48.72 -660.13 -400.09 -0.10 -0.47 0.06 0.15 0.95 0.16 0.35
9.00 15.53 321.32 328.35 -596.17 0.79 -0.77 -0.81 0.74 0.44 0.13 0.15
9.00 15.55 -710.22 17.23 13.16 0.79 0.35 0.07 0.26 0.32 0.86 0.68
19.00 60.25 151.89 264.48 563.37 -0.52 -0.25 0.14 0.05 0.39 0.41 0.16
13.00 4.70 -87.85 -418.56 484.61 0.91 0.90 0.07 0.11 0.61 0.17 0.22
7.00 6.55 -547.05 -349.74 -207.20 -0.04 -0.13 -0.53 0.10 0.87 0.67 0.44
5.00 0.77 -673.46 103.43 341.40 -0.93 -0.52 0.47 0.96 0.69 0.05 0.77
14.00 62.28 -348.39 -0.36 -133.13 -0.37 0.96 0.24 0.28 0.52 0.18 0.99
9.00 15.21 193.71 131.76 569.18 0.04 0.98 -0.02 0.75 0.34 0.31 0.31
5.00 6.11 146.72 358.74 493.12 0.57 -0.48 0.48 0.94 0.07 0.21 0.20
9.00 12.44 -234.49 -279.87 270.42 -0.48 0.16 -0.76 0.50 0.05 0.05 0.78
18.00 113.76 -456.39 245.89 -73.20 -0.57 0.39 -0.66 0.68 0.42 0.45 0.63
6.00 4.00 -281.25 412.46 -528.53 0.57 -0.01 -0.63 0.32 0.91 0.31 0.99
10.00 23.45 528.12 403.54 -141.47 -0.77 -0.77 0.31 0.56 0.20 0.52 0.63
6.00 8.70 673.81 148.01 351.97 0.73 -0.01 0.55 0.90 0.53 0.71 0.68
5.00 7.82 359.13 -607.44 340.39 -0.27 0.97 -0.45 0.61 0.08 0.79 0.68
12.00 50.74 -361.59 -17.26 -492.95 -0.33 -0.30 -0.98 0.71 0.80 0.99 0.82
7.00 7.50 74.19 -627.67 142.20 0.85 -0.18 0.57 0.45 0.83 0.49 0.68
6.00 5.00 -41.23 33.75 -652.96 -0.36 -0.47 0.36 0.39 0.80 0.52 0.65
5.00 4.07 -1.68 283.99 -412.18 0.32 0.65 0.65 0.95 0.89 0.61 0.49
5.00 5.89 487.97 484.91 -206.69 -0.72 -0.48 -0.05 0.79 0.00 0.13 0.67
12.00 44.84 -368.54 -635.59 -316.21 0.33 0.97 0.68 0.55 0.60 0.22 0.83
9.00 15.83 -299.28 -9.07 -155.84 -0.55 0.85 0.81 0.85 0.19 0.55 0.37
6.00 10.69 596.29 207.31 465.44 0.22 0.56 0.39 0.33 0.51 0.01 0.38
9.00 1.66 -156.75 196.09 659.74 -0.39 -0.78 0.46 0.91 0.40 0.09 0.89
22.00 32.29 389.26 -552.26 108.72 -0.58 0.04 0.96 0.21 0.37 0.67 0.52
6.00 8.72 -67.91 729.34 -26.85 0.85 -0.49 -0.68 0.45 0.14 0.64 0.51
11.00 19.29 618.24 -487.99 -29.53 -0.54 -0.36 0.50 0.24 0.77 0.96 0.30
20.00 26.95 27.93 330.82 -370.95 0.47 0.84 -0.95 0.72 0.19 0.23 0.33
19.00 98.61 -239.19 145.44 73.57 0.69 -0.69 0.93 0.03 0.86 0.19 0.70
39.00 334.33 -616.38 301.04 -23.78 0.35 -0.75 0.13 0.73 0.17 0.18 0.87
6.00 5.58 144.73 -16.06 -640.08 -0.71 0.80 -0.35 0.06 0.69 0.45 0.53
6.00 5.46 221.91 441.74 -510.13 -0.53 0.44 0.41 0.76 0.52 0.22 0.06
11.00 29.92 -83.59 -21.47 -229.46 -0.48 0.65 -0.87 0.65 0.14 0.71 0.62
6.00 0.27 -308.85 -150.57 312.31 0.33 0.57 -0.80 0.87 0.25 0.02 0.23
26.00 36.85 52.72 4.30 -268.28 0.74 -0.29 0.29 0.22 0.65 0.09 0.03
13.00 26.77 -135.38 -650.67 231.17 0.50 -0.86 0.28 0.63 0.76 0.63 0.15
13.00 18.70 -598.40 -418.39 292.02 0.79 0.35 -0.37 0.02 0.00 0.62 0.79
11.00 28.26 297.75 -525.25 482.29 0.14 -0.66 0.37 0.82 0.08 0.17 0.26
9.00 24.05 -2.36 -484.17 618.48 0.79 -0.27 0.57 0.96 0.85 0.70 0.76
15.00 31.40 608.86 -118.08 231.68 0.99 0.41 0.99 0.64 0.96 0.86 0.11
9.00 4.48 451.44 -195.86 -343.71 0.20 -0.09 -0.80 0.77 0.92 0.85 0.57
14.00 51.29 20.99 -151.45 757.12 -0.59 -0.61 -0.30 0.75 0.56 0.14 0.95
19.00 84.62 46.94 -63.10 633.69 -0.08 -0.80 0.66 0.18 0.47 0.69 0.45
21.00 9.60 290.19 373.10 -30.33 -0.96 -0.35 -0.53 0.38 0.78 0.06 0.11
5.00 6.11 -353.25 -58.54 -182.82 0.95 -0.78 0.57 0.42 0.78 0.62 0.37
12.00 15.80 127.76 104.75 395.98 0.54 -0.07 0.39 0.76 0.17 0.98 0.35
9.00 11.32 -552.83 -56.68 91.77 0.91 -0.58 -0.96 0.30 0.32 0.41 0.12
13.00 13.29 -208.58 60.08 -765.66 0.54 -0.69 -0.67 0.07 0.17 0.54 0.31
15.00 46.92 417.11 384.12 -538.38 0.66 -0.87 -0.32 0.14 0.61 0.25 0.07
10.00 3.64 -166.30 -621.10 -445.79 -0.29 0.15 -0.96 0.44 0.82 0.39 0.27
19.00 0.44 -727.92 31.75 -80.41 -0.03 0.52 -0.74 0.72 0.87 0.31 0.82
9.00 23.23 33.22 -91.59 189.95 0.36 0.06 0.55 0.33 0.14 0.04 0.57
22.00 19.47 -3.24 546.73 64.36 0.40 0.27 0.88 0.74 0.58 0.23 0.17
5.00 2.59 -493.63 -87.36 185.26 0.08 -0.59 0.91 0.52 0.93 0.00 1.00
26.00 81.99 38.61 -696.33 295.87 -0.05 0.74 0.78 0.37 0.04 0.13 0.21
12.00 50.84 650.60 -228.45 76.14 0.10 0.31 -0.79 0.50 0.72 0.10 0.05
8.00 10.76 -200.92 -197.64 -684.11 -0.23 -0.49 0.44 0.98 0.77 0.03 0.50
10.00 13.24 -149.70 -379.95 -545.15 -0.80 0.38 0.95 0.38 0.44 0.83 0.82
6.00 10.57 210.59 289.03 -423.64 -0.94 -0.98 -0.59 0.51 0.65 0.48 0.59
33.00 299.83 -263.79 -106.18 -332.67 0.36 0.90 -0.71 0.32 0.61 0.96 0.24
5.00 1.37 333.88 -361.90 57.99 -0.71 0.63 0.48 0.13 0.49 0.95 0.42
15.00 78.24 264.46 -147.01 223.88 -0.30 0.78 -0.11 0.33 0.43 0.29 0.76
12.00 35.50 -138.69 -318.68 -337.02 -0.88 -0.37 -0.17 0.94 0.52 0.45 0.47
8.00 17.20 -222.51 -69.29 389.79 0.25 -0.07 0.09 0.02 0.77 0.37 0.23
21.00 60.40 141.20 -783.71 -33.14 0.05 -0.89 0.00 0.94 0.58 0.25 0.86
10.00 23.62 -61.34 -424.98 -335.49 0.65 0.80 -0.34 0.84 0.81 0.81 0.37
7.00 2.51 371.10 -558.51 314.81 -0.92 -0.61 -0.10 0.73 0.19 0.68 0.74
11.00 19.29 340.16 637.37 25.13 0.89 -0.72 -0.53 0.27 0.96 0.66 0.69
14.00 47.89 384.89 -591.77 -159.33 -0.73 0.65 0.45 0.37 0.94 0.05 0.68
16.00 23.32 -7.60 514.97 -169.48 -0.61 -0.12 0.80 0.73 0.42 0.92 0.55
8.00 2.06 -259.01 -307.38 247.88 -0.52 -0.47 0.28 0.32 0.38 0.27 0.34
6.00 11.23 388.92 175.12 -63.99 -0.19 0.24 -0.97 0.44 0.51 0.23 0.11
18.00 3.88 485.97 614.67 77.44 -0.97 0.33 0.51 0.59 0.64 0.24 0.15
18.00 9.01 405.23 -667.39 29.16 0.65 -0.20 -0.72 0.92 0.69 0.94 0.08
6.00 6.95 338.49 344.40 -86.70 -0.22 -0.58 -0.43 0.59 0.98 0.66 0.49
5.00 5.41 760.30 90.78 207.38 -0.09 -0.16 -0.39 0.50 0.02 0.24 0.71
25.00 84.94 664.81 411.56 146.98 0.19 -0.52 0.27 0.42 0.59 0.93 0.39
14.00 27.10 93.10 -187.74 -45.76 -0.23 -0.29 -0.91 0.74 0.63 0.99 0.25
10.00 30.38 456.13 201.07 199.50 -0.56 0.62 0.37 0.90 0.77 0.80 0.65
11.00 22.46 -376.46 -71.12 191.78 0.79 0.67 0.04 0.03 0.49 0.49 0.50
19.00 7.40 -232.71 -153.92 412.23 0.58 -0.88 0.54 0.25 0.98 0.23 0.95
17.00 61.70 271.74 477.94 465.66 0.68 0.03 0.60 0.12 0.57 0.39 0.55
18.00 10.36 -476.78 -199.34 33.01 -0.85 -0.27 -0.14 0.31 0.74 0.15 0.34
15.00 67.30 129.40 -97.46 -616.50 -0.62 -0.82 -0.95 0.13 0.38 0.87 0.63
18.00 100.54 -542.84 231.67 118.68 -0.89 -0.04 -0.91 0.43 0.67 0.95 0.02
5.00 3.04 -141.95 -371.77 -665.53 0.62 0.14 -0.51 0.62 0.30 0.36 0.57
9.00 9.56 315.15 35.39 -656.10 0.09 0.67 -0.12 0.56 0.60 0.28 0.24
22.00 153.66 456.94 271.56 257.54 0.33 -0.36 0.31 0.13 0.40 0.04 0.39
14.00 40.75 245.10 108.55 321.43 -0.63 -0.71 -0.38 0.10 0.25 0.75 0.23
18.00 25.93 124.07 418.91 -45.78 0.61 0.77 -0.39 0.36 0.28 0.59 0.18
7.00 11.85 -581.50 46.25 196.20 -0.99 0.06 -0.10 0.20 0.77 0.61 0.94
8.00 11.91 467.02 -204.35 556.73 -0.40 0.24 -0.45 0.66 0.84 0.98 0.00
16.00 21.34 20.44 -564.70 -249.75 -0.26 -0.93 0.80 0.70 0.33 0.79 0.80
6.00 5.33 413.43 543.75 -206.21 -0.70 -0.67 0.00 0.41 0.25 0.82 0.56
13.00 9.23 411.58 466.86 -490.55 0.94 -0.38 -0.89 0.21 0.54 0.05 0.71
8.00 22.43 155.88 -607.98 -339.40 0.82 0.05 0.16 0.42 0.23 0.02 0.15
6.00 11.28 117.70 48.50 -208.73 -0.66 0.25 0.25 0.48 0.18 0.10 0.49
13.00 44.87 108.44 432.24 654.15 0.69 -0.06 -0.68 0.22 0.80 0.55 0.57
17.00 16.62 180.27 -639.46 -55.20 0.26 0.17 0.35 0.88 0.03 0.61 0.75
11.00 22.66 -253.97 425.97 -52.75 0.35 -0.81 0.27 0.38 0.59 0.13 0.96
5.00 4.95 53.22 303.26 -591.52 0.52 -0.55 -0.01 0.85 0.21 0.06 0.98
28.00 68.10 -425.60 662.47 82.56 -0.94 -0.32 -0.45 0.49 0.60 0.99 0.09
14.00 64.72 222.96 260.72 -316.42 0.78 -0.05 -0.60 0.78 0.00 0.61 0.49
14.00 37.38 -141.13 -373.37 -111.95 -0.68 -0.79 -0.57 0.51 0.74 0.66 0.89
15.00 14.79 135.56 -394.22 189.86 0.23 -0.56 -0.80 0.16 0.14 0.53 0.37
30.00 267.68 -206.71 71.71 430.77 0.60 0.31 -0.55 0.88 0.32 0.30 0.72
10.00 22.39 373.27 -115.98 -243.32 -0.89 0.27 0.24 0.89 0.06 0.27 0.29
9.00 0.90 338.12 92.54 -313.95 0.35 0.20 -0.75 0.63 0.93 0.83 0.63
29.00 54.59 -325.13 446.41 49.03 0.90 -0.49 0.25 0.93 0.55 0.61 0.38
15.00 78.73 -60.83 73.02 -23.66 0.31 0.82 -0.50 0.05 0.43 0.74 0.66
23.00 7.23 -194.82 -327.79 152.18 0.73 -0.99 -0.44 0.41 0.65 0.91 0.20
7.00 9.64 313.01 -173.16 -279.91 -0.33 0.34 0.41 0.38 0.44 0.62 0.53
36.00 74.16 366.87 245.10 -420.79 0.84 0.54 -0.60 0.60 0.37 0.56 0.75
10.00 11.45 -188.57 183.21 -593.13 -0.98 -0.10 0.24 0.51 0.68 0.77 0.90
23.00 56.37 345.04 -352.15 435.53 -0.54 0.07 -0.65 0.76 0.02 0.09 0.65
19.00 123.30 701.70 114.82 261.76 -0.12 -0.72 -0.97 0.72 0.46 0.55 0.15
39.00 53.58 -369.24 139.34 153.24 -0.56 0.72 -0.11 0.95 0.15 0.18 0.84
11.00 37.47 357.35 340.33 150.47 -0.31 -0.81 0.02 0.65 0.55 0.95 0.16
27.00 142.41 11.72 -512.21 -540.67 0.03 -0.80 -0.09 0.03 0.66 0.53 0.27
9.00 24.76 -128.15 -591.25 22.99 -0.46 0.69 -1.00 0.58 0.03 0.83 0.92
9.00 9.86 -349.69 12.15 327.79 0.54 -0.41 -0.69 0.83 0.71 0.68 0.60
5.00 8.18 461.28 -374.96 -78.27 0.26 0.62 -0.34 0.19 0.35 0.12 0.10
21.00 143.36 664.24 218.02 -339.26 0.35 0.24 -0.84 0.13 0.39 0.29 0.96
14.00 32.39 98.23 175.16 738.49 -0.23 -0.36 -0.03 0.18 0.30 0.17 0.85
7.00 12.64 -101.47 267.37 -499.87 -0.32 0.29 0.72 0.82 0.34 0.64 0.34
6.00 7.08 -159.35 48.78 -313.99 0.45 0.83 -0.96 0.67 0.31 0.50 0.50
6.00 11.40 -410.46 -79.92 202.93 0.40 0.18 -0.39 0.83 0.86 0.87 0.25
11.00 29.16 -494.26 -459.68 39.08 0.81 -1.00 -0.23 0.21 0.27 0.09 0.74
15.00 64.90 486.49 -156.89 -418.98 0.55 0.11 -0.01 0.08 0.88 0.89 0.01
15.00 41.05 -99.95 147.12 -354.99 -0.17 1.00 0.81 0.36 0.58 0.27 0.82
9.00 25.57 310.94 356.21 324.06 -0.53 0.55 0.90 0.65 0.04 0.18 0.65
20.00 47.44 -387.70 -138.01 557.05 0.18 -0.47 -0.62 0.83 0.30 0.28 0.68
7.00 4.63 -275.43 -200.95 250.40 0.53 -0.07 0.16 0.65 0.11 0.56 0.49
10.00 11.62 -451.45 -31.60 138.77 0.09 -0.01 -0.08 0.14 0.95 0.04 0.08
6.00 4.92 47.20 -171.63 -405.95 -0.67 -0.44 0.83 0.96 0.97 0.24 0.76
5.00 8.63 -290.11 -474.10 -101.53 -0.42 0.00 -0.92 0.36 0.33 0.81 0.03
10.00 22.24 660.98 -179.50 205.85 -0.62 0.16 -0.00 0.20 0.49 0.92 0.38
8.00 14.41 -78.95 -355.46 482.31 0.52 -0.62 -0.71 0.20 0.28 0.75 0.37
7.00 0.07 245.38 654.01 27.13 -0.85 -0.19 0.58 0.03 0.60 0.22 0.49
9.00 22.46 -434.23 -308.16 21.17 -0.61 -0.89 -0.92 0.27 0.80 0.51 0.42
9.00 17.33 76.03 -509.61 162.09 -0.43 0.14 0.60 0.63 0.69 0.69 0.51
6.00 8.96 661.25 -57.43 -216.11 0.45 -0.41 0.77 0.85 0.93 0.49 0.80
9.00 26.93 -223.85 73.20 682.40 -0.01 -0.99 0.62 0.81 0.82 0.19 0.52
34.00 398.41 275.64 -123.75 336.18 -0.93 -0.75 -0.75 0.08 0.19 0.19 0.31
11.00 4.28 353.79 328.56 201.23 -0.34 -0.57 -0.25 0.72 0.46 0.81 0.70
12.00 40.35 -526.92 -517.62 -53.84 -0.98 0.43 0.64 0.34 0.55 0.71 0.47
5.00 1.41 19.51 -524.24 270.18 0.47 -0.78 -0.44 0.91 0.10 0.94 0.81
5.00 1.27 -283.10 -144.58 143.55 0.53 0.56 0.44 0.01 0.83 0.07 0.71
10.00 1.59 -464.89 -35.08 -575.17 0.79 0.81 0.72 0.31 0.87 0.87 0.89
18.00 67.09 95.03 -220.74 -249.79 0.40 0.67 0.85 0.50 0.72 0.07 0.37
9.00 27.47 32.03 323.99 -580.66 -0.96 -0.04 -0.60 0.92 0.67 1.00 0.17
28.00 60.45 -103.46 640.92 -247.11 -0.85 -0.77 0.14 0.80 0.63 0.02 0.41
14.00 46.11 147.24 146.22 275.18 -0.19 0.49 -0.07 0.62 0.82 0.13 0.01
15.00 19.69 -607.09 -306.71 94.69 0.58 0.58 0.57 0.23 0.38 0.43 0.58
20.00 87.83 -512.74 -191.34 459.57 -0.73 0.60 -0.79 0.82 0.31 0.01 0.61
11.00 33.70 73.68 -595.27 -525.50 0.57 -0.54 -0.74 0.52 0.84 0.71 0.58
18.00 62.05 -324.75 94.99 111.08 -0.06 -0.96 0.96 0.23 0.01 0.46 0.21
17.00 19.63 675.73 -401.18 63.52 0.07 0.55 -0.80 0.12 0.65 0.04 0.81
5.00 1.64 542.09 -245.88 77.48 0.96 0.93 -0.16 0.40 0.40 0.11 0.05
11.00 28.88 -457.82 -97.06 179.84 -0.22 0.38 0.55 0.13 0.20 0.90 0.32
11.00 37.36 188.73 4.53 720.98 -0.20 0.18 0.84 0.50 0.87 0.79 0.04
8.00 1.97 -466.17 -64.55 362.41 0.81 -0.92 0.38 0.52 0.10 0.85 0.52
13.00 12.59 -574.85 -111.01 80.57 -0.25 -0.23 -0.79 0.92 0.23 0.76 0.30
6.00 6.22 88.93 512.01 -160.37 0.86 0.75 0.24 0.87 0.29 0.94 0.47
18.00 5.26 146.20 55.14 681.29 0.10 0.91 0.26 0.88 0.12 0.79 0.85
9.00 9.24 501.24 420.21 -97.35 0.66 -0.50 0.82 0.08 0.68 0.10 0.85
21.00 144.75 101.12 -556.58 -476.25 0.69 -0.38 -0.83 0.14 0.55 0.28 0.66
21.00 8.04 -721.78 -144.76 -51.33 -0.99 0.83 -0.62 0.76 0.53 0.82 0.78
5.00 8.15 -791.15 90.25 -62.93 0.96 -0.23 0.71 0.74 0.27 0.58 0.86
16.00 49.33 253.86 55.06 -677.81 -0.94 -0.75 0.58 0.26 0.07 0.12 0.43
5.00 2.43 490.63 426.05 -14.11 -0.18 -0.23 -0.01 0.67 0.81 0.78 0.78
9.00 10.87 603.57 112.79 167.26 0.35 0.60 0.62 0.53 0.74 0.17 0.85
12.00 37.61 462.98 11.37 -582.01 0.08 -0.90 0.97 0.47 0.91 0.71 0.71
17.00 19.44 199.90 446.21 -139.01 -0.49 0.09 -0.25 0.11 0.88 0.02 0.24
10.00 22.19 -269.10 461.94 -576.77 0.21 -0.09 0.02 0.14 0.67 0.48 0.47
24.00 154.91 -263.94 692.42 -275.70 -0.60 0.23 -0.05 0.87 0.90 0.07 0.78
6.00 10.14 550.67 181.98 -186.85 0.69 0.62 0.45 0.24 0.56 0.09 0.04
6.00 10.72 262.10 230.63 188.91 0.68 -0.77 -0.92 0.83 0.32 0.86 0.50
12.00 48.35 359.07 314.61 51.48 0.46 0.07 0.92 0.57 0.15 0.82 0.69
15.00 13.55 265.86 171.92 105.84 -0.11 -0.21 -0.99 0.95 0.84 0.07 0.19
5.00 5.80 -572.96 102.72 60.26 -0.40 0.21 -0.72 0.21 0.12 0.44 0.63
11.00 27.05 583.62 -276.71 169.72 0.99 0.99 -0.40 0.26 0.65 0.81 0.18
7.00 9.12 -190.71 420.45 -463.55 -0.38 -0.02 -0.27 0.08 0.72 0.73 0.34
13.00 57.44 516.82 -381.45 -224.02 0.01 -0.59 -0.81 0.50 0.02 0.06 0.16
6.00 6.50 -79.95 540.05 458.12 0.27 0.36 -0.43 0.20 0.05 0.36 0.96
5.00 2.68 -233.83 -488.63 547.83 -0.19 0.29 -0.08 0.90 0.70 0.06 0.86
9.00 3.70 -224.13 -75.57 300.59 -0.63 -0.13 0.60 0.47 0.27 0.84 0.37
21.00 126.10 -550.16 -348.79 200.36 -0.22 0.20 -0.45 0.15 0.80 0.80 0.85
13.00 56.60 96.29 630.06 -51.75 -0.46 0.33 0.87 0.78 0.56 0.39 0.46
25.00 107.72 -476.36 -6.07 326.56 -0.73 -0.29 0.98 0.63 0.96 0.97 0.47
14.00 33.36 -140.68 2.13 712.88 0.20 -0.82 -0.94 0.62 0.51 0.21 0.42
12.00 18.20 -170.50 -554.55 450.20 0.98 -0.97 0.07 0.35 0.48 0.35 0.10
7.00 10.50 298.21 -21.10 728.00 0.19 0.14 -0.35 0.90 0.69 0.32 0.08
26.00 98.01 230.54 -469.28 -154.91 -0.50 0.07 0.22 0.08 0.03 0.35 0.85
32.00 38.73 8.16 96.90 -314.93 0.11 -0.05 0.07 0.00 0.36 0.26 0.41
35.00 153.75 217.32 142.91 522.68 -0.06 -0.25 0.07 0.82 0.27 0.39 0.65
5.00 0.24 213.30 628.90 51.73 -0.08 -0.98 -0.69 0.26 0.48 0.90 0.06
17.00 6.37 24.91 298.48 253.14 -0.67 0.38 0.70 0.89 0.77 0.66 0.48
7.00 10.82 632.46 364.83 173.01 -0.25 -0.50 0.21 0.09 0.78 0.57 0.14
8.00 2.70 240.64 386.56 265.29 0.41 0.35 0.62 0.97 0.85 0.46 0.18
6.00 7.49 424.65 99.11 -508.86 -0.44 -0.55 0.57 0.04 0.10 0.07 0.27
13.00 53.33 -362.82 502.97 -416.58 -0.68 -0.48 0.41 0.02 0.70 0.13 0.80
6.00 11.35 443.31 551.75 91.53 0.82 0.02 -0.38 0.36 0.01 0.52 0.66
23.00 76.58 155.35 1.29 682.25 0.48 -0.84 0.74 0.97 0.06 0.11 0.04
10.00 9.53 66.83 -266.86 390.51 0.54 0.36 0.29 0.69 0.70 0.97 0.32
8.00 2.07 -539.14 -327.94 357.23 0.21 -0.44 -0.70 0.48 0.22 0.58 0.30
7.00 10.36 -384.88 274.64 642.85 -0.26 -0.77 -0.63 0.47 0.51 0.91 0.21
6.00 5.75 -494.51 150.15 392.87 0.84 -0.66 -0.39 0.13 0.25 0.43 0.29
14.00 13.99 -536.88 327.38 183.96 0.61 -0.18 0.55 0.49 0.59 0.18 0.44
14.00 47.69 -217.04 372.66 -147.94 0.36 0.43 -0.57 0.67 0.08 0.86 0.24
13.00 19.55 181.18 206.97 -315.64 -0.92 0.89 -0.36 1.00 0.75 0.73 0.56
8.00 5.71 3.18 -192.46 494.93 0.00 -0.39 0.43 0.69 0.01 0.45 0.93
11.00 22.22 -412.99 581.32 309.07 -0.77 -0.27 0.89 0.31 0.29 0.65 0.06
15.00 46.21 28.23 -603.72 95.19 -0.64 -0.25 0.07 0.96 0.65 0.82 0.89
18.00 13.07 -642.93 43.48 -35.57 -0.91 0.08 -0.26 0.52 0.25 0.11 0.45
10.00 26.28 -70.01 -131.39 201.48 -0.09 0.59 -0.56 0.12 0.80 0.08 0.09
14.00 63.97 -494.74 -269.90 84.78 0.99 0.21 -0.38 0.29 0.36 0.48 0.20
9.00 10.16 -661.81 -31.72 222.72 0.16 -0.20 0.47 0.96 0.72 0.47 0.26
5.00 0.92 500.51 448.25 373.61 -0.98 -0.71 0.84 0.08 0.17 0.37 0.55
15.00 5.56 -511.34 -64.69 308.28 0.70 0.21 0.35 0.55 0.85 0.57 0.26
7.00 11.44 305.82 208.74 -295.55 0.74 0.26 -0.51 0.78 0.74 0.43 0.84
17.00 69.57 17.07 38.46 419.93 -0.50 -0.81 0.10 0.60 0.57 0.48 0.52
11.00 3.35 -494.54 -243.09 -309.39 -0.21 0.68 0.11 0.32 0.78 0.22 0.07
5.00 4.88 -97.63 86.73 586.96 -0.52 -0.55 0.82 0.96 0.93 0.15 0.34
8.00 5.23 392.10 619.22 289.20 0.93 -0.82 0.91 0.02 0.50 0.79 0.50
11.00 5.50 -240.43 51.89 -6.35 0.68 -0.96 0.60 0.77 0.57 0.19 0.41
19.00 94.83 232.45 -250.57 -641.22 -0.55 0.98 0.92 0.54 0.59 0.16 0.81
9.00 24.30 -663.91 384.89 -184.35 0.93 -0.46 -0.93 0.31 0.38 0.16 0.52
8.00 9.25 221.49 589.07 -131.89 0.17 0.69 -0.28 0.09 0.35 0.63 0.37
28.00 222.86 263.17 460.54 -65.41 0.22 0.51 -0.39 0.16 0.49 0.94 0.26
33.00 254.82 285.95 392.58 83.91 -0.41 -0.54 -0.20 0.06 0.45 0.13 0.78
13.00 20.60 54.48 709.12 264.65 -0.18 0.04 -0.63 0.86 0.58 0.36 0.91
21.00 34.02 44.14 -709.45 -363.94 0.70 -0.74 0.14 0.63 0.18 0.24 0.09
14.00 25.03 541.67 461.79 -21.49 -0.48 0.82 -0.35 0.95 0.23 0.06 0.35
33.00 109.32 148.41 -563.26 -541.66 0.48 0.77 0.97 0.28 0.09 0.08 0.02
10.00 11.21 298.12 184.06 -223.10 -0.09 -0.98 -0.95 0.81 0.03 0.15 0.75
8.00 7.14 -645.74 46.31 25.73 0.86 0.03 -0.74 0.25 0.22 0.29 0.71
21.00 48.54 -105.08 -563.38 364.23 -0.81 0.52 0.57 0.47 0.14 0.87 0.85
7.00 16.35 -416.43 184.33 -546.67 0.81 0.54 -0.84 0.92 0.20 0.32 0.66
5.00 3.53 262.25 377.65 -470.99 0.35 -0.48 -0.45 0.80 0.19 0.64 0.80
8.00 15.57 -175.04 445.36 595.58 -0.50 0.96 0.24 0.34 0.06 0.17 0.35
28.00 89.07 60.01 -129.94 -259.07 0.52 -0.12 -0.56 0.26 0.18 0.50 0.45
14.00 65.20 223.96 594.03 18.64 -0.07 0.13 0.88 0.71 0.39 0.44 0.32
5.00 6.25 260.66 -342.41 -127.13 -1.00 -0.54 0.47 0.17 0.63 0.49 0.87
18.00 37.76 -235.82 193.19 -520.88 0.04 0.02 0.78 0.34 0.31 0.50 0.60
5.00 0.78 630.31 226.91 -36.51 -0.46 0.78 -0.54 0.42 0.30 0.45 0.48
14.00 38.66 703.95 -209.33 110.82 0.77 -0.67 -0.67 0.34 0.02 0.53 0.35
16.00 58.93 -131.31 -75.45 146.91 0.62 0.27 -0.64 0.78 0.08 0.50 0.72
6.00 1.53 -101.62 587.54 -308.34 -0.68 -0.52 0.82 0.58 0.13 0.25 0.75
13.00 36.25 74.20 -203.62 -654.16 -0.89 0.62 0.84 0.29 0.85 0.73 0.63
12.00 21.12 -426.61 533.08 160.90 0.49 0.62 -0.35 0.17 0.60 0.43 0.44
13.00 21.91 -201.66 -454.07 181.07 0.04 0.02 -0.84 0.98 0.86 0.91 0.86
9.00 25.47 473.93 -329.99 453.48 -0.59 0.78 0.70 0.14 0.10 0.07 0.06
7.00 7.27 75.01 -581.33 -454.07 0.42 -0.60 -0.79 0.57 0.51 0.67 0.17
7.00 1.65 297.78 -111.00 -361.01 -0.54 0.70 -0.72 0.86 0.98 0.03 0.55
18.00 92.17 625.98 303.72 223.87 -0.01 -0.15 0.77 0.58 0.80 0.21 0.32
29.00 110.84 -67.12 224.09 -488.98 -0.34 -0.28 -0.39 0.30 0.28 0.12 0.64
6.00 1.01 -638.98 -68.59 242.08 -0.12 0.71 0.97 0.26 0.63 0.93 0.36
7.00 11.78 48.38 213.60 -478.55 -0.98 -0.09 0.66 0.51 0.34 0.14 0.23
11.00 1.06 150.52 -188.07 106.45 -0.72 0.32 -0.77 0.72 0.69 0.43 0.56
10.00 22.87 157.56 -298.56 366.28 -0.70 -0.64 -0.23 0.50 0.77 0.57 0.92
19.00 104.35 207.21 292.25 37.25 0.83 -0.18 -0.52 0.53 0.94 0.03 0.87
6.00 5.44 277.67 -285.81 194.68 0.81 -0.46 -0.31 0.96 0.18 0.77 0.24
34.00 16.91 -35.71 285.42 -512.95 -0.96 -0.68 -0.43 0.51 0.13 0.78 0.03
34.00 321.46 192.85 257.87 -266.32 0.54 0.09 0.93 0.68 0.44 0.57 0.93
12.00 32.14 105.06 -552.44 -518.48 0.97 0.39 0.80 0.56 0.35 0.23 0.27
23.00 29.40 244.89 -533.42 -147.92 0.83 -0.63 -0.61 0.38 0.50 0.13 0.58
13.00 17.93 -124.00 431.45 -641.48 -0.62 -0.56 0.36 0.84 0.17 0.96 0.09
15.00 61.96 476.36 14.76 140.89 0.13 0.29 -0.68 0.46 0.06 0.14 0.31
13.00 41.91 92.01 -69.46 6.94 0.03 0.01 0.33 0.48 0.32 0.25 0.23
11.00 16.03 46.01 -500.93 -575.92 -0.63 -0.47 -0.01 0.76 0.25 0.88 0.35
16.00 2.53 279.87 -104.01 660.95 0.46 -0.73 -0.91 0.29 0.13 0.32 0.55
6.00 6.43 353.27 -13.06 -610.18 0.80 -0.28 0.99 0.34 0.24 0.10 0.84
11.00 7.99 477.88 -490.46 -335.15 0.22 0.94 -0.35 0.09 0.87 0.97 0.83
12.00 34.60 476.62 -470.73 152.69 0.13 0.86 -0.91 0.13 0.12 0.06 0.94
10.00 4.20 -315.85 38.04 -354.32 -0.05 -0.34 -0.95 1.00 0.82 0.62 0.36
13.00 5.73 -319.47 480.45 -309.46 -0.96 -0.09 -0.25 0.63 0.65 0.89 0.36
18.00 54.63 -672.35 58.29 -429.24 0.53 0.37 0.21 0.23 0.51 0.01 0.41
7.00 13.44 186.75 -297.88 58.26 -0.33 0.57 -0.39 0.67 0.79 0.93 0.39
9.00 1.29 105.79 -194.99 544.67 -0.56 0.70 -1.00 0.98 0.63 0.59 0.48
10.00 8.07 -156.61 -360.63 -567.36 -0.35 -0.75 -0.88 0.31 0.64 0.46 0.71
24.00 96.03 -280.76 524.51 462.77 0.91 0.98 0.25 0.63 0.43 0.30 0.19
6.00 4.78 -415.50 -70.81 -667.99 0.78 0.24 0.59 0.64 0.26 0.49 0.27
11.00 11.94 -112.06 103.48 31.19 0.57 -0.13 0.30 0.51 0.60 0.76 0.17
17.00 45.10 243.90 -203.97 183.61 -0.52 0.67 0.75 0.86 0.41 0.72 0.58
9.00 16.11 393.19 451.27 -93.14 -0.53 0.17 -0.99 0.33 0.73 0.85 0.14
6.00 1.80 -255.31 116.82 -741.15 0.64 -0.94 -0.06 0.67 0.35 0.69 0.39
14.00 56.15 420.26 43.43 35.89 0.02 0.62 -0.38 0.16 0.76 0.77 0.31
11.00 22.02 -161.99 612.90 -302.17 0.78 -0.37 0.11 0.53 0.55 0.81 0.94
9.00 15.82 154.20 291.31 -378.09 0.27 -0.52 0.89 0.32 0.44 0.89 0.48
17.00 47.24 452.03 454.03 78.49 0.48 0.78 0.05 0.30 0.58 0.64 0.87
6.00 2.32 482.45 13.91 -508.72 -0.39 -0.33 -0.92 0.19 0.92 0.31 0.30
10.00 8.31 -433.30 16.47 493.63 0.26 -0.07 0.07 0.03 0.89 0.06 0.74
5.00 2.54 136.33 -527.17 108.70 -0.15 -0.48 0.37 0.38 0.01 0.55 0.35
7.00 4.58 508.30 390.56 -471.88 -0.39 -0.86 -0.10 0.08 0.78 0.67 0.97
23.00 95.24 -25.44 -305.68 -308.17 -0.67 -0.21 0.94 0.00 0.88 0.52 0.35
30.00 9.87 544.57 532.19 211.17 -0.86 -0.54 0.11 0.82 0.52 0.09 0.42
26.00 56.74 503.58 -68.39 242.67 -0.05 0.60 0.57 0.30 0.79 0.92 0.52
6.00 6.72 -784.23 -68.01 67.08 0.71 -0.88 0.80 0.76 0.03 0.34 0.92
9.00 15.87 -376.63 -259.13 -168.41 0.21 -0.81 0.41 0.73 0.58 0.24 0.74
7.00 16.50 -136.87 488.23 -230.60 0.61 -0.50 -0.98 0.07 0.33 0.93 0.95
8.00 19.70 -40.09 -531.69 -319.96 -0.94 0.34 -0.39 0.55 0.37 0.20 0.90
7.00 4.06 -27.58 231.97 369.00 0.87 -0.88 0.25 0.13 0.03 0.95 0.32
5.00 3.98 450.70 -514.04 309.56 0.02 0.80 -0.28 0.02 0.61 0.55 0.68
10.00 33.28 -88.40 -224.24 682.15 -0.88 0.12 0.48 0.60 0.38 0.81 0.72
15.00 67.77 276.95 326.71 133.59 0.15 -0.62 0.04 0.06 0.57 0.41 0.06
14.00 57.74 55.07 -367.90 158.85 0.21 0.73 0.19 0.37 0.84 0.61 0.83
9.00 24.19 430.34 -322.21 285.66 0.55 0.99 -0.26 0.67 0.92 0.41 0.35
7.00 7.44 355.88 158.61 -206.28 0.32 0.17 -0.50 0.78 0.74 0.56 0.97
14.00 4.46 -349.56 -228.31 208.03 -0.95 -0.99 -0.00 0.09 0.80 0.33 0.51
19.00 111.63 526.52 -33.39 -585.81 0.21 0.88 -0.69 0.71 0.15 0.58 0.01
9.00 14.52 -366.17 457.34 51.76 0.90 0.80 0.32 0.68 0.98 0.30 0.40
8.00 9.60 -500.85 428.74 181.18 0.52 -0.45 -0.37 0.12 0.08 0.31 0.04
5.00 1.79 -399.82 -176.58 54.80 0.38 -0.04 -0.59 0.85 0.53 0.38 0.89
10.00 10.84 489.27 -21.63 -218.38 -0.54 -0.60 0.28 0.37 0.33 0.60 0.83
8.00 2.94 -529.27 33.05 475.32 0.12 0.81 -0.90 0.10 0.13 0.16 0.69
7.00 15.24 87.23 44.84 450.45 -0.71 -0.57 -0.06 0.73 0.88 0.49 0.62
9.00 1.74 -591.25 -353.18 -372.81 0.45 0.78 0.61 0.34 0.85 0.44 0.24
17.00 0.42 446.15 -379.17 -176.66 -0.70 -0.51 0.67 0.18 0.80 1.00 0.78
10.00 13.51 316.13 292.05 -565.22 -0.70 -0.90 -0.89 0.24 0.27 0.99 0.06
8.00 9.26 168.98 -295.60 -570.91 -0.28 -0.40 0.97 0.05 0.79 0.40 0.92
7.00 12.06 -253.58 432.76 -147.34 0.19 0.33 0.55 0.99 0.22 0.29 0.93
12.00 39.56 220.66 496.52 -248.60 0.08 0.13 0.48 0.15 0.93 0.02 0.73
15.00 28.40 -15.05 111.16 -17.63 0.98 -0.07 -0.69 0.40 0.29 0.61 0.84
13.00 2.53 465.42 2.27 114.96 -0.40 0.23 0.16 0.76 0.53 0.10 0.69
7.00 15.44 93.03 -93.65 -506.36 0.47 -0.64 -0.18 0.42 0.95 0.69 0.36
17.00 21.33 14.11 649.87 455.03 0.33 -0.97 0.32 0.13 0.38 0.37 0.09
30.00 10.82 -391.50 377.88 -529.58 0.23 -0.81 -0.40 0.14 0.96 0.28 0.73
36.00 415.65 -229.34 -436.51 -451.72 -0.54 0.32 0.70 0.69 0.06 0.81 0.13
26.00 38.66 389.19 280.26 -509.37 0.02 -0.27 0.13 0.89 0.73 0.98 0.41
8.00 6.92 -88.09 -211.63 -698.23 0.74 0.91 0.80 0.72 0.08 0.16 0.80
5.00 6.41 -573.65 231.20 371.54 -0.03 -0.82 -0.42 0.63 0.08 0.35 0.80
6.00 12.61 -568.40 -510.70 -122.64 0.78 0.88 -0.73 0.13 0.38 0.45 0.76
6.00 8.92 218.53 -64.78 -245.74 -0.95 -0.62 -0.57 0.49 0.45 0.64 0.67
14.00 49.42 -561.88 -394.15 197.40 0.58 -0.39 0.60 0.88 0.29 0.85 0.63
29.00 278.26 670.27 -417.76 -8.42 -0.33 -0.56 -0.78 0.73 0.61 0.21 0.80
5.00 0.04 377.48 -452.91 377.44 -0.99 0.21 0.23 0.30 0.50 0.03 0.45
8.00 13.95 -275.38 275.88 -497.50 0.84 0.04 -0.65 0.22 0.20 0.65 0.96
6.00 5.16 189.83 -51.53 -673.40 -0.42 0.90 0.37 0.95 0.04 0.37 0.36
8.00 9.92 303.21 -220.25 130.70 0.50 0.98 0.65 0.24 0.43 0.19 0.22
7.00 2.67 176.46 224.74 -331.56 0.76 -0.74 0.53 0.67 0.50 0.44 0.38
32.00 248.57 440.91 -285.11 206.31 -0.54 0.96 -0.86 0.36 0.12 0.95 0.87
23.00 14.63 -212.34 -146.54 -644.99 0.70 0.48 0.08 0.45 0.26 0.88 0.87
14.00 54.64 202.08 26.75 65.45 -0.93 0.76 -0.78 0.96 0.80 0.36 0.73
26.00 182.78 167.77 288.40 -671.87 0.28 -0.46 -0.63 0.98 0.98 0.11 0.05
7.00 5.13 161.71 -1.72 -691.64 -0.92 0.33 -0.38 0.78 0.53 0.74 0.94
16.00 81.59 -92.66 780.36 -119.68 0.94 -0.27 -0.86 0.53 0.94 0.82 0.72
7.00 5.89 508.63 -6.96 -570.27 -0.79 -0.90 -0.07 0.04 0.91 0.19 0.31
28.00 262.99 -205.59 -598.53 113.83 -0.51 -0.84 -0.64 0.39 0.13 0.60 0.83
12.00 13.42 -200.01 -414.91 68.84 -0.47 0.91 -0.50 0.42 0.88 0.76 0.69
9.00 18.16 -39.98 -270.62 85.88 -0.87 -0.36 0.65 0.71 0.49 0.82 0.14
7.00 14.87 -294.43 -221.20 -687.48 0.84 -0.28 -0.10 0.86 0.09 0.51 0.86
11.00 18.73 591.81 360.00 -240.54 -0.65 0.24 0.36 0.66 0.14 0.69 0.68
12.00 19.42 -3.05 46.78 559.29 0.48 0.61 0.50 0.98 0.15 0.31 0.55
10.00 19.46 -124.13 -466.50 324.42 0.28 0.90 -0.09 0.67 0.21 0.75 0.35
23.00 96.92 -109.37 -413.68 -43.18 -0.22 -0.36 0.68 0.19 0.52 0.53 0.06
8.00 22.14 -418.11 -0.94 283.88 -0.77 -0.91 0.84 0.15 1.00 0.12 0.33
15.00 46.92 -1.50 -699.95 75.85 0.34 0.78 -0.28 0.68 0.52 0.80 0.04
19.00 75.77 -672.29 26.61 5.17 0.31 -0.94 0.82 0.47 0.91 0.25 0.76
18.00 71.24 310.94 -347.56 503.42 0.83 -0.21 -0.96 0.93 0.66 0.42 0.11
12.00 20.37 -279.12 266.04 677.71 -0.91 -0.87 -0.78 0.74 0.92 0.58 0.14
13.00 35.33 -287.10 404.28 353.83 -0.61 -0.26 -0.87 0.28 0.41 0.83 0.77
6.00 12.04 593.72 74.41 65.17 -0.48 0.60 -0.59 0.36 0.14 0.26 0.27
9.00 5.62 -35.71 123.34 -359.43 0.53 -0.27 0.71 0.42 0.52 0.61 0.61
26.00 181.06 743.46 -115.74 -151.77 -0.16 -0.61 0.48 0.93 0.76 0.83 0.83
10.00 19.34 228.45 -425.33 -362.97 0.66 -0.66 -0.23 0.11 0.73 0.41 0.14
18.00 11.66 -527.20 -151.81 -146.86 0.73 -0.36 0.46 0.46 0.84 0.30 0.26
5.00 3.45 -634.54 -229.04 81.17 -0.42 0.40 -0.95 0.18 0.97 0.83 0.84
18.00 101.81 332.02 -188.85 -601.77 0.13 0.73 0.51 0.67 0.46 0.99 0.14
22.00 13.39 69.40 181.93 -529.94 0.64 0.41 0.62 0.76 0.28 0.72 0.50
21.00 75.27 -47.27 -383.96 -257.28 -0.53 0.47 0.30 0.84 0.41 0.07 0.23
9.00 26.25 -87.11 441.95 -336.85 0.41 0.44 0.94 0.08 0.78 0.62 0.30
17.00 87.91 -303.46 656.06 -5.14 -0.54 0.29 -0.64 0.44 0.68 0.34 0.77
15.00 46.90 250.38 193.98 -248.57 0.44 0.92 -0.69 0.39 0.54 0.89 0.25
11.00 33.21 -763.09 -49.39 -174.69 0.73 -0.63 -0.32 0.88 0.16 0.35 0.49
8.00 4.05 384.89 664.54 57.15 0.75 -0.55 0.59 0.62 0.69 0.97 0.64
17.00 89.30 215.94 -707.94 -221.28 -0.23 -0.33 -0.47 0.10 0.44 0.86 0.17
5.00 7.65 -653.75 -232.93 47.65 0.04 -0.69 -0.26 0.72 0.39 0.74 0.97
16.00 15.00 -95.79 391.49 -149.44 0.64 -0.04 0.63 0.02 0.00 0.28 0.29
39.00 170.23 62.39 -745.87 -93.72 -0.40 0.47 -0.97 0.63 0.18 0.19 0.48
15.00 20.92 -47.35 533.42 448.57 0.46 0.90 -0.14 0.09 0.51 0.86 0.22
8.00 21.60 -361.65 -407.03 551.88 -0.91 0.92 0.88 0.12 0.98 0.95 0.14
9.00 20.07 -16.78 -757.69 202.82 -0.98 -0.63 0.17 0.16 0.98 0.60 0.13
32.00 314.72 316.72 -235.07 -679.68 -0.89 0.63 0.43 0.63 0.48 0.27 0.98
11.00 41.70 -580.69 298.11 -157.46 0.42 0.33 -0.38 0.98 0.20 0.73 0.41
11.00 16.29 -219.18 -115.49 -80.72 -0.39 0.37 0.34 0.14 0.60 0.28 0.90
5.00 1.24 -510.34 -115.02 -254.07 -0.98 -0.43 0.94 0.88 0.34 1.00 0.82
6.00 9.03 -704.12 220.24 235.73 0.49 0.19 -0.05 0.76 0.32 0.90 0.94
6.00 11.86 108.44 595.95 -2.52 0.80 0.07 -0.85 0.76 0.73 0.94 0.80
13.00 49.76 611.51 -378.34 -339.21 -0.74 0.53 1.00 0.14 0.17 0.58 0.37
18.00 97.78 513.86 -164.33 -43.67 -0.66 -0.87 0.47 0.55 0.59 0.22 0.00
10.00 4.37 -29.05 78.42 -629.97 0.52 0.05 0.34 0.64 0.44 0.30 0.06
19.00 97.53 367.71 -160.24 -19.35 -0.28 0.53 -0.49 0.06 0.65 0.22 0.96
7.00 16.04 418.84 -125.18 -437.92 0.68 0.00 0.32 0.11 0.82 0.76 0.99
26.00 117.15 388.24 205.84 -157.64 -0.60 -0.34 -0.64 0.76 0.75 0.73 0.30
21.00 14.99 51.33 762.91 -159.65 -0.08 -0.16 0.91 0.32 0.23 0.24 0.99
15.00 19.49 -191.77 259.03 318.12 -0.17 -0.15 -0.56 0.38 0.32 0.01 0.24
28.00 98.79 -713.06 317.95 126.16 -0.65 0.14 0.62 0.82 0.52 0.10 0.38
10.00 11.46 413.85 247.68 -444.30 0.75 -0.16 0.68 0.39 0.78 0.60 0.57
13.00 9.68 -202.50 672.37 340.60 -0.92 0.26 -0.33 0.72 0.50 0.37 0.48
6.00 1.92 -125.78 41.63 636.16 0.24 0.93 0.55 0.71 0.35 0.97 0.44
18.00 22.84 -91.61 188.05 -759.87 -0.65 0.97 0.67 0.70 0.60 0.66 0.87
13.00 22.76 -455.84 -265.98 -589.19 -0.51 -0.69 -0.87 0.53 0.90 0.71 0.02
5.00 2.82 19.60 -424.25 496.42 -0.33 0.17 -0.28 0.32 0.34 0.28 0.82
16.00 16.82 -261.22 -75.44 -601.98 0.52 0.72 -0.64 0.73 0.16 0.19 0.27
15.00 32.21 40.77 530.70 403.55 -0.39 0.96 -0.50 0.35 0.27 0.85 0.35
24.00 47.36 -317.23 67.11 265.30 -0.27 -0.78 -0.30 0.50 0.45 0.75 0.22
29.00 57.77 431.39 394.72 509.74 0.63 0.58 0.90 0.59 0.57 0.64 0.58
18.00 41.61 -251.79 362.16 76.31 -0.28 0.63 0.24 0.95 0.54 0.30 0.72
18.00 89.80 172.53 336.18 161.42 0.39 -0.80 0.91 0.46 0.32 0.25 0.45
16.00 21.28 -177.29 719.47 224.33 0.14 -0.96 0.52 0.84 0.47 0.68 0.40
9.00 25.90 255.43 407.97 -150.38 0.71 -0.14 -0.60 0.52 0.23 0.83 0.55
7.00 0.83 -578.12 291.42 49.32 0.69 -0.76 -0.04 0.46 0.67 0.19 0.40
9.00 17.09 -145.25 532.32 564.98 0.60 0.72 0.59 0.01 0.72 0.82 0.64
30.00 8.91 -217.64 256.99 722.55 -0.85 0.23 -0.59 0.52 0.55 0.31 0.20
12.00 42.82 639.68 -177.14 174.56 -0.43 0.99 0.92 0.30 0.80 0.97 0.10
7.00 12.71 24.55 -717.80 181.70 -0.00 -0.47 0.06 0.28 0.79 0.62 0.44
8.00 1.64 -434.06 -128.07 -172.56 0.12 0.72 -0.58 0.77 0.56 0.78 0.94
5.00 0.12 362.24 618.08 -174.45 -0.98 -0.78 0.12 0.18 0.30 0.25 1.00
9.00 3.05 249.99 506.43 355.12 -0.35 -0.86 0.64 0.10 0.48 0.71 0.80
15.00 36.17 459.24 327.54 -169.67 0.27 -0.91 0.02 0.45 0.80 0.82 0.85
6.00 7.54 508.66 9.34 222.47 -0.83 -0.96 -0.70 0.03 0.73 0.05 0.53
24.00 95.03 197.98 673.88 -105.84 -0.95 -0.41 -0.35 0.06 0.83 0.97 0.20
20.00 55.89 603.28 -102.51 340.31 0.44 -0.84 -0.12 0.32 0.14 0.50 0.64
8.00 11.05 -419.52 139.13 -666.17 -0.78 0.84 0.58 0.14 0.57 0.36 0.75
12.00 22.32 -206.97 189.61 -249.94 0.94 -0.90 0.05 0.44 0.84 0.60 0.91
9.00 13.24 -299.96 60.40 -550.83 -0.41 0.32 0.22 0.80 0.74 0.61 0.00
39.00 240.46 -335.57 605.34 272.06 -0.97 0.67 -0.02 0.73 0.32 0.95 0.22
12.00 43.08 -472.32 -445.38 -378.45 0.02 -0.02 0.26 0.10 0.67 0.34 0.75
24.00 50.19 -225.46 689.63 -181.11 0.24 -0.46 0.79 0.50 0.68 0.19 0.75
28.00 247.56 -59.74 459.67 642.26 0.54 -0.57 0.27 0.32 0.38 0.79 0.04
11.00 24.73 118.54 441.22 387.55 0.31 -0.59 -0.80 0.80 0.55 0.66 0.37
17.00 94.47 323.93 545.99 -196.74 -0.98 0.10 -0.72 0.99 0.31 0.16 0.61
26.00 178.15 15.12 311.19 686.12 -0.47 0.07 -0.69 0.14 0.33 0.04 0.25
20.00 51.73 2.83 488.13 -510.96 0.82 -0.31 0.30 0.90 0.39 0.63 0.35
37.00 66.40 102.99 302.99 563.27 0.77 0.77 0.88 0.26 1.00 0.83 0.41
21.00 103.75 64.90 -428.61 -404.50 -0.49 -0.93 -0.57 0.49 0.34 0.46 0.66
11.00 0.05 -547.94 83.62 -302.15 0.12 -0.94 0.78 0.65 0.87 0.17 0.31
5.00 7.27 -31.33 422.30 96.75 0.17 0.06 0.81 0.47 0.46 0.14 0.70
12.00 46.05 -129.84 63.02 -373.91 0.18 -0.35 0.27 0.96 0.22 0.98 0.34
15.00 46.79 -88.88 -130.70 -559.06 0.45 -0.80 -0.08 0.21 0.52 0.92 0.30
5.00 2.72 -46.80 697.27 -98.45 -0.24 -0.25 0.48 0.12 0.37 0.79 0.51
13.00 22.28 -180.06 -382.50 -547.59 0.75 -1.00 -0.48 0.36 0.17 0.82 0.42
9.00 23.23 44.33 309.77 140.87 0.93 -0.73 -0.33 0.87 0.80 0.63 0.26
7.00 10.21 -16.89 599.50 -75.94 0.38 0.76 0.53 0.10 0.75 0.45 0.29
8.00 0.41 -245.73 337.47 321.66 -0.09 -0.80 0.29 0.47 0.11 0.09 0.68
7.00 1.14 220.44 -457.08 462.30 0.37 0.72 0.06 0.96 0.71 0.26 0.78
5.00 2.47 -268.49 685.65 -224.98 0.82 0.33 -0.42 0.33 0.58 0.42 0.56
6.00 2.81 108.48 -550.94 320.70 -0.32 -0.68 0.21 0.79 0.35 0.48 0.05
15.00 31.74 585.80 192.64 341.56 -0.38 0.50 0.24 0.54 0.86 0.07 0.45
7.00 11.36 126.94 19.06 326.52 -0.49 0.78 0.31 0.16 0.97 0.63 0.87
6.00 8.75 -435.17 -239.26 -512.13 -0.75 0.01 -0.97 0.44 0.56 0.79 0.94
13.00 38.43 -133.24 29.01 -127.36 -0.24 0.37 -0.33 0.51 0.26 0.27 0.54
14.00 26.02 -80.55 235.93 185.99 0.43 -0.91 -0.82 0.11 0.08 0.46 0.69
25.00 25.51 -676.05 4.50 -423.58 0.14 -0.07 -0.45 0.94 0.77 0.16 0.55
14.00 30.62 302.80 706.84 -214.13 0.14 -0.59 0.93 0.86 0.63 0.47 0.92
17.00 42.24 -493.56 -40.15 286.77 -0.20 -0.46 -0.67 0.25 0.01 0.86 0.57
5.00 8.59 172.37 364.63 385.48 -0.12 0.01 -0.42 0.24 0.96 0.10 0.19
25.00 155.22 409.49 406.61 -91.61 -0.98 0.19 -0.70 0.56 0.67 0.52 0.85
11.00 14.83 -353.93 -33.87 623.52 -0.64 -0.65 -0.77 0.65 0.97 0.41 0.32
12.00 12.57 33.93 163.99 -549.90 0.56 0.52 -0.36 0.60 0.03 0.78 0.64
7.00 2.49 -168.21 765.41 -110.99 -0.09 -0.16 0.19 0.35 0.64 0.01 0.68
36.00 173.68 -216.36 -655.52 323.88 0.45 0.56 -0.22 0.06 0.06 0.39 0.21
12.00 47.39 -407.05 283.90 -57.64 -0.34 -0.45 -0.93 0.19 0.68 0.36 0.60
21.00 123.77 -323.85 182.87 526.00 -0.18 -0.75 0.91 0.66 0.08 0.38 0.46
10.00 30.52 -166.48 -399.14 49.54 0.97 0.38 -0.74 0.93 0.72 0.37 0.91
39.00 3.04 378.21 -54.01 -645.10 -0.05 -0.66 -0.14 0.57 0.77 0.56 0.22
27.00 201.91 -26.24 274.94 -685.57 0.02 -0.60 0.17 0.18 0.12 0.35 0.44
16.00 21.51 386.89 -455.74 -342.66 0.91 0.79 -0.88 0.60 0.27 0.83 0.45
7.00 2.41 387.01 338.90 -200.89 0.54 0.27 0.66 0.08 0.86 0.90 0.94
7.00 8.22 -233.03 -158.98 -298.41 0.49 0.07 0.53 0.49 0.42 0.86 0.64
35.00 305.90 675.36 310.24 -91.84 -0.65 0.12 0.46 0.89 0.21 0.41 0.50
17.00 58.98 169.07 -393.96 -317.63 0.43 0.28 -0.87 0.43 0.04 0.87 0.09
9.00 12.58 -617.50 283.85 138.22 0.07 -0.84 -0.03 0.34 0.81 0.29 0.01
30.00 189.43 -6.71 -392.39 685.96 -0.92 -0.95 0.42 0.33 0.71 0.95 0.08
11.00 32.67 517.63 275.50 201.98 -0.49 -0.38 -0.58 0.81 0.60 0.95 0.41
23.00 158.04 -191.69 -539.71 -557.31 0.84 0.98 0.42 0.30 0.99 0.81 0.68
14.00 10.49 -80.87 274.61 -24.48 0.30 0.70 -0.64 0.43 0.86 0.93 0.22
6.00 1.54 -681.27 16.31 216.62 -0.57 0.92 -0.86 0.63 0.80 0.01 0.76
6.00 6.95 396.64 -127.10 551.04 0.92 -0.42 0.09 0.86 0.02 0.50 0.39
15.00 67.64 413.24 -99.37 -608.54 -0.05 -0.73 -0.04 0.30 0.30 0.66 0.54
18.00 40.49 -265.76 -225.00 623.37 -0.24 -0.55 -0.00 0.29 0.40 0.54 0.63
7.00 7.16 -238.34 -303.47 115.90 0.09 -0.81 0.32 0.64 0.19 0.85 0.09
21.00 126.22 -263.57 640.16 -307.73 0.84 -0.63 0.06 0.24 0.47 0.74 0.24
33.00 370.54 461.28 -296.20 -260.00 -0.49 -0.94 0.11 0.17 0.12 0.80 0.22
27.00 203.46 -107.49 -629.88 -83.36 0.75 -0.17 -0.68 0.12 0.02 0.02 0.20
13.00 50.66 -473.71 -198.57 -110.90 -0.30 -0.71 0.59 0.07 0.83 0.63 0.53
9.00 3.59 -532.05 -475.64 11.88 -0.92 0.30 0.17 0.44 0.56 0.82 0.51
7.00 12.43 -55.96 -383.52 596.73 -0.88 -0.26 0.00 0.48 0.28 0.41 0.96
10.00 32.84 458.30 -402.54 -191.10 0.68 -0.86 -0.06 0.46 0.75 0.45 0.10
6.00 4.59 -436.36 -337.15 -462.14 -0.80 0.19 -0.76 0.31 0.61 0.66 0.31
6.00 10.16 209.62 -124.49 -255.88 -0.61 0.25 0.36 0.40 0.00 0.77 0.73
16.00 32.13 -512.16 104.83 -55.26 0.01 0.99 0.87 0.26 0.49 0.89 0.27
37.00 154.01 147.06 -586.63 472.52 -0.33 -0.37 0.43 0.66 0.01 0.89 0.72
19.00 41.17 416.03 -220.26 530.66 -0.36 0.61 0.49 0.74 0.49 0.66 0.30
9.00 25.66 -214.53 -723.36 250.09 0.99 -0.72 -0.03 0.41 0.48 0.90 0.69
19.00 57.45 -97.89 441.32 -285.41 0.24 0.04 0.43 0.17 0.40 0.71 0.38
17.00 92.07 -534.93 -33.46 405.70 0.98 -0.55 -0.64 0.42 0.05 0.84 0.94
12.00 21.52 430.00 -345.46 78.43 -0.41 0.62 -0.35 0.46 0.27 0.46 0.93
13.00 37.86 177.29 530.98 -268.44 0.58 0.36 0.18 0.91 0.91 0.06 0.24
32.00 216.50 -583.13 -469.03 113.13 -0.17 -0.11 0.58 0.40 0.74 0.73 0.30
5.00 7.74 58.00 -268.75 -270.98 0.05 0.74 0.27 0.90 0.21 0.22 0.91
31.00 140.55 434.46 420.79 33.71 0.05 -0.89 1.00 0.24 0.30 0.51 0.27
22.00 79.34 -221.26 -634.72 -179.25 0.41 0.47 0.31 0.94 0.63 0.92 0.98
15.00 18.58 487.38 -8.03 -493.99 0.27 0.46 -0.71 0.31 0.30 0.51 0.29
26.00 136.15 653.76 -135.08 -170.77 -0.91 0.81 0.32 0.15 0.03 0.87 0.70
16.00 37.28 -624.22 -258.97 -196.04 -0.54 -0.13 -0.76 0.18 0.63 0.06 0.06
12.00 36.33 -693.88 92.23 -137.08 0.99 -0.34 -0.04 0.06 0.62 0.38 0.07
10.00 23.71 80.71 -359.29 72.38 0.09 -0.18 0.49 0.65 0.89 0.32 0.04
5.00 8.42 -98.68 -410.13 133.51 0.63 0.08 -0.41 0.33 0.71 0.59 0.73
5.00 2.19 618.41 -357.84 274.80 0.87 0.07 0.62 0.03 0.50 0.04 0.02
12.00 3.39 -467.78 -26.19 -115.47 0.17 0.65 0.10 0.98 0.84 0.96 0.40
8.00 0.63 306.84 267.21 -543.68 -0.11 -0.69 -0.40 0.63 0.73 0.73 0.34
10.00 1.14 449.51 -283.31 427.65 0.81 0.29 -0.83 0.74 0.94 0.79 0.86
7.00 4.45 -38.82 -466.79 -300.22 -0.22 -0.25 -0.74 0.64 0.62 0.30 0.27
9.00 23.81 217.11 -61.00 459.34 0.77 -0.23 -0.66 0.69 0.55 0.95 0.42
14.00 49.54 -236.73 -322.11 -433.19 -0.44 -0.93 0.38 0.26 0.33 0.31 0.89
6.00 3.96 219.38 -143.49 -118.08 0.57 -0.28 0.23 0.60 0.87 0.63 0.57
8.00 8.68 156.67 -653.87 -427.82 0.95 0.38 0.79 0.98 0.29 0.77 0.56
16.00 20.96 -576.31 527.90 -169.58 -0.40 0.93 -0.36 0.91 0.16 0.31 0.84
37.00 65.74 599.29 179.35 -354.38 0.18 0.14 -0.08 0.29 0.72 0.46 0.29
13.00 52.76 -256.42 102.03 660.72 0.89 0.09 -0.82 0.42 0.82 0.41 0.08
14.00 21.82 -432.87 -568.05 -18.05 0.82 -0.79 -0.27 0.96 0.73 0.98 0.78
17.00 97.29 183.59 -363.51 -581.24 -0.14 0.86 0.73 0.96 0.52 0.03 0.92
10.00 17.36 613.27 473.67 142.99 0.96 0.69 -0.21 0.12 0.25 0.11 0.80
6.00 6.64 221.99 426.23 107.89 -0.56 0.59 0.18 0.03 0.25 0.04 0.12
16.00 38.07 293.29 237.95 473.56 -0.08 -0.23 -0.72 0.71 0.16 0.63 0.42
8.00 5.92 -219.33 -522.13 -173.20 -0.46 -0.46 0.28 0.49 0.60 0.39 0.24
8.00 19.70 262.06 -365.39 375.00 -0.60 0.02 -0.42 0.26 0.58 0.28 0.95
17.00 40.85 -108.77 -350.65 503.88 -0.38 0.44 -0.50 0.59 0.99 0.37 0.30
7.00 1.32 174.18 -679.90 74.77 0.35 0.51 0.91 0.04 0.11 0.56 0.20
8.00 22.33 421.53 -77.76 -670.24 0.09 0.38 0.30 0.80 0.32 0.45 0.60
9.00 26.63 435.45 207.40 -412.88 0.82 -0.15 0.36 0.74 0.65 0.56 0.08
7.00 2.07 493.74 -384.70 -202.27 0.52 0.87 -0.12 0.65 0.04 0.04 0.07
6.00 1.34 455.29 374.35 432.34 -0.42 -0.59 0.07 0.38 0.00 0.59 0.94
13.00 2.41 214.94 618.26 362.07 0.09 0.97 -0.03 0.45 0.98 0.26 0.05
9.00 3.89 372.87 481.57 -352.01 0.26 0.71 0.65 0.66 0.42 0.87 0.34
31.00 135.45 -622.12 -372.81 227.47 0.97 0.76 0.35 0.91 0.96 0.00 0.44
10.00 25.45 128.24 -269.63 340.44 -0.81 -0.84 0.26 0.90 0.12 0.73 0.30
31.00 336.58 -499.94 82.46 477.51 -0.04 -0.75 -0.97 0.39 0.14 0.88 0.91
12.00 35.34 328.63 -427.13 131.99 -0.79 0.84 -0.49 0.13 0.37 0.90 0.24
10.00 28.67 -542.75 57.76 484.40 0.27 -0.78 0.48 0.45 0.29 0.05 0.86
5.00 3.96 -196.96 444.78 209.90 -0.78 -0.06 0.07 0.09 0.28 0.47 0.65
22.00 5.90 258.18 -129.43 736.03 -0.46 0.40 0.68 0.61 0.53 0.38 0.70
5.00 8.25 -383.37 667.96 204.24 -0.84 -0.85 -0.52 0.78 0.83 0.10 0.95
8.00 5.67 35.76 -100.13 661.23 -0.23 0.83 -0.18 0.42 0.66 0.40 0.17
6.00 2.17 127.83 -536.88 409.84 0.01 -0.74 -0.85 0.52 0.67 0.35 0.94
8.00 17.03 303.80 572.27 94.91 -0.94 0.76 -0.01 0.15 0.05 0.59 0.96
5.00 3.25 524.08 -215.95 253.93 -0.75 0.24 0.37 0.27 0.44 0.79 0.62
7.00 12.82 -14.06 82.87 274.93 0.81 0.04 0.17 0.43 0.44 0.60 0.86
5.00 4.86 44.44 -45.31 83.02 0.95 0.57 0.44 0.07 0.57 0.19 0.49
11.00 20.88 -538.26 -67.22 242.75 -0.14 0.01 0.87 0.36 0.29 0.48 0.01
9.00 8.27 -109.63 454.32 357.00 -0.96 0.73 -0.30 0.77 0.41 0.22 0.61
6.00 0.82 263.70 717.94 167.05 0.32 -0.52 -0.82 0.44 0.91 0.73 0.32
5.00 2.34 -613.04 432.89 176.27 -0.19 -0.71 0.84 0.90 0.44 0.87 0.57
7.00 0.82 -82.65 -658.84 250.42 -0.92 -0.21 0.62 0.81 0.43 0.24 0.41
30.00 111.92 448.86 -6.36 -357.61 -0.08 -0.21 -0.30 0.71 0.29 0.04 0.52
5.00 0.03 -119.27 -589.68 -165.16 -0.42 0.84 0.52 0.93 0.17 0.71 0.43
6.00 12.71 334.02 271.57 622.89 0.27 -0.20 -0.74 0.41 0.67 0.02 0.78
6.00 3.72 335.99 -299.16 -450.49 -0.32 0.37 -0.92 0.10 0.27 0.99 0.42
6.00 2.07 -261.04 46.79 -529.36 -0.09 0.80 -0.37 0.05 0.97 0.63 0.13
5.00 0.93 -480.55 115.70 -411.58 0.48 0.14 -0.47 0.67 0.34 0.39 0.78
11.00 27.39 -562.87 402.61 -84.06 0.83 -0.41 -0.99 0.56 0.67 0.99 0.11
6.00 6.72 248.73 426.84 -306.59 0.63 -0.68 -0.31 0.53 0.04 0.87 0.52
21.00 30.65 -327.75 -57.75 -498.76 -0.71 0.52 0.51 0.28 0.32 0.11 0.27
25.00 181.40 -84.70 -617.23 187.67 0.38 -0.89 -0.71 0.56 0.10 0.18 0.49
6.00 5.85 69.68 -324.36 333.65 0.72 0.93 -0.04 0.70 0.73 0.22 0.46
14.00 48.68 -166.89 -681.87 -78.33 0.47 -0.09 0.31 0.29 0.63 0.82 0.25
16.00 85.86 -227.44 -443.91 271.65 0.43 0.48 0.21 0.14 0.20 0.11 0.65
10.00 2.54 -11.31 -193.33 395.49 -0.66 0.08 0.96 0.85 0.74 0.56 0.19
7.00 15.30 184.57 512.81 54.79 0.49 0.10 -0.18 0.27 0.47 0.13 0.26
25.00 193.30 -533.76 150.03 -186.99 0.88 -0.83 -0.17 0.26 0.54 0.05 0.45
11.00 30.37 107.98 -206.75 -765.15 0.41 0.59 0.59 0.07 0.42 0.19 0.32
13.00 45.80 36.53 -561.00 -85.57 0.32 0.84 0.49 0.06 0.46 0.63 0.09
9.00 23.48 70.32 541.68 -459.40 -0.15 -0.32 -0.89 0.82 0.48 0.94 0.57
9.00 22.81 -28.57 114.07 -654.02 0.95 0.97 0.68 0.64 0.88 0.22 0.02
15.00 74.34 12.46 -30.29 -70.91 -0.47 -0.47 0.82 0.73 0.85 0.60 0.54
5.00 0.54 216.71 -236.93 -473.46 0.53 -0.73 0.09 0.15 0.20 0.36 0.52
20.00 107.89 -486.06 -101.66 -391.73 0.76 -0.27 0.21 0.39 0.61 0.88 0.33
5.00 0.67 160.46 -431.21 -651.73 0.68 -0.01 -0.43 0.40 0.64 0.73 0.10
21.00 137.00 354.23 409.15 55.71 0.19 0.02 -0.67 0.84 0.55 0.01 0.23
10.00 21.07 10.83 -51.43 606.88 -0.09 0.03 -0.83 0.22 0.39 0.25 0.76
9.00 23.08 446.34 -607.76 132.72 -0.37 -0.59 -0.68 0.73 0.51 0.29 0.98
17.00 72.22 313.77 258.21 -648.91 -0.11 0.17 0.19 0.84 0.35 0.60 0.48
9.00 12.69 65.87 688.84 -320.74 -0.37 0.82 -0.03 0.49 0.65 0.19 0.05
10.00 6.89 326.69 -480.76 -297.97 0.93 -0.15 0.19 0.14 0.95 0.50 0.73
10.00 18.69 -228.09 -416.29 402.62 -0.97 -0.96 0.89 0.24 0.88 0.67 0.75
27.00 82.89 115.15 67.76 -677.39 -0.20 -0.70 0.22 0.07 0.04 0.29 0.03
27.00 45.90 -189.09 136.83 273.38 0.09 -0.50 -0.58 0.50 0.32 0.99 0.16
10.00 15.37 -515.94 -522.82 98.08 0.36 0.86 -0.88 0.18 0.97 0.86 0.98
25.00 80.90 131.29 -493.90 257.79 0.59 -0.62 -0.44 0.60 0.38 0.20 0.96
10.00 12.66 498.79 -148.39 -380.31 -0.76 0.04 -0.35 0.23 0.51 0.05 0.86
20.00 79.16 -740.69 -86.00 220.41 0.82 0.45 0.37 0.26 0.46 0.56 0.16
11.00 33.03 -254.78 -343.63 281.79 0.85 -0.39 -0.57 0.23 0.77 0.03 0.29
5.00 0.65 -464.41 137.63 -46.62 0.87 0.47 0.90 0.29 0.81 0.84 0.26
6.00 6.83 -228.18 -177.34 425.85 0.58 0.41 -0.63 0.83 0.46 0.42 0.55
5.00 7.60 206.48 188.31 214.59 -0.26 0.35 -0.05 0.36 0.17 0.22 0.76
20.00 105.67 -393.88 441.05 532.49 -0.33 0.55 0.35 0.60 0.37 0.25 0.64
16.00 65.65 274.19 -14.97 -382.77 -0.90 -0.52 0.74 0.38 0.12 0.77 0.32
37.00 299.12 -173.42 -208.49 187.43 0.52 0.05 0.09 0.15 0.02 0.15 0.43
16.00 22.28 -562.95 -291.51 -171.39 0.76 0.84 0.65 0.90 0.32 0.65 0.12
33.00 100.43 618.16 -443.73 52.88 0.97 0.61 -0.76 0.72 0.84 0.70 0.24
6.00 3.40 -195.30 509.56 428.83 0.44 -0.93 0.43 0.18 0.04 0.95 0.06
29.00 251.30 621.87 206.74 381.57 -0.79 -0.29 0.02 0.31 0.58 0.92 0.46
9.00 11.47 330.40 473.38 147.50 -0.21 0.23 -0.83 0.46 0.03 0.23 0.95
7.00 2.19 -528.65 65.96 367.17 0.22 -0.05 -0.08 0.94 0.88 0.41 0.58
20.00 55.70 -135.30 18.03 83.10 0.60 0.75 0.99 0.06 0.03 0.95 0.02
13.00 16.43 -281.97 663.56 313.73 -0.90 0.33 -0.26 0.55 0.25 0.08 0.91
9.00 10.67 -324.71 -424.87 -577.21 0.66 0.58 -0.28 0.31 0.84 0.38 0.92
7.00 2.20 -62.31 -595.03 322.83 0.24 -0.71 0.62 0.01 0.91 0.15 0.67
24.00 118.42 -42.89 -296.65 519.12 0.31 -0.35 -0.40 0.16 0.80 0.83 0.19
9.00 27.68 -278.39 -257.09 250.69 0.05 -0.20 -0.59 0.25 0.36 0.72 0.27
13.00 45.14 -532.29 -431.51 218.92 0.68 -0.28 -0.08 0.42 0.06 0.49 0.66
16.00 56.14 746.14 -5.13 -27.69 0.55 -0.58 0.37 0.12 0.86 0.84 0.75
7.00 0.55 221.68 -222.46 291.72 0.51 0.92 -0.57 0.70 0.23 0.59 0.08
8.00 20.21 -176.04 -65.53 -708.78 0.99 -0.59 0.40 0.28 0.37 0.74 0.26
26.00 148.14 609.98 283.67 -196.01 -0.11 -0.54 -0.47 0.23 0.93 0.72 0.05
24.00 127.55 -291.81 333.35 -255.32 0.99 0.82 -0.43 0.99 0.11 0.05 0.12
5.00 3.84 288.00 415.28 -450.96 0.73 0.16 -0.48 0.89 0.37 0.98 0.74
23.00 157.67 -435.27 161.85 491.82 -0.48 0.34 0.57 0.25 0.07 0.46 0.75
11.00 42.39 -408.72 -106.10 -97.09 -0.61 -0.70 -0.11 0.63 0.39 0.62 0.63
8.00 21.11 169.55 17.52 311.90 0.02 0.04 -0.42 0.25 0.21 0.26 0.64
9.00 5.26 278.76 465.64 97.98 -0.87 0.96 -0.61 0.64 0.61 0.44 0.87
9.00 26.86 259.13 -537.39 393.78 -0.31 -0.79 -0.41 0.28 0.87 0.00 0.72
8.00 19.81 -627.60 -428.73 85.50 -0.78 -0.58 0.73 0.21 0.35 0.46 0.34
5.00 8.06 -452.93 -239.86 -115.52 0.70 0.95 -0.11 0.18 1.00 0.20 0.26
10.00 22.98 -81.83 -123.08 625.13 0.69 -0.39 -0.86 0.01 0.10 0.55 0.60
5.00 7.90 392.05 309.53 -527.73 -0.11 0.13 -0.85 0.16 0.06 0.29 0.08
6.00 7.54 276.66 164.23 -658.91 -0.02 -0.94 0.19 0.00 0.99 0.78 0.70
16.00 85.14 386.99 0.35 -672.96 0.66 0.66 -0.32 0.38 0.39 0.97 0.57
5.00 6.24 274.39 -273.02 -540.82 -0.39 0.18 -0.44 0.05 0.78 0.14 0.83
9.00 25.63 -639.76 -396.85 -21.21 0.55 -0.65 -0.82 0.45 0.08 0.15 0.82
24.00 117.99 485.05 487.46 -150.85 -0.73 0.54 -0.27 0.37 0.31 0.02 0.25
19.00 118.86 618.13 -157.79 206.99 0.59 0.56 -0.88 0.68 0.18 0.28 0.04
14.00 19.90 350.58 64.56 250.56 0.96 0.87 -0.12 0.15 0.00 0.09 0.40
6.00 12.72 -31.74 87.40 -655.21 -0.29 -0.88 -0.84 0.87 0.56 0.95 0.31