0.16 1094
6.00 1.35 124.49 -146.47 17.90 0.29 0.03 -0.23 0.96 0.38 0.40 0.92
24.00 109.71 -504.69 314.12 234.71 0.60 -0.67 0.20 0.35 0.46 0.27 0.23
5.00 1.31 603.18 -50.44 307.86 0.28 0.42 -0.03 0.51 0.87 0.20 0.69
24.00 49.28 317.00 589.49 -419.93 -0.40 0.32 -0.62 0.97 0.25 0.80 0.69
10.00 3.01 508.15 -472.23 -203.42 0.54 0.45 -0.06 0.80 0.03 0.02 0.52
17.00 6.41 -369.61 179.08 595.65 0.01 -0.50 -0.08 0.43 0.69 0.08 0.77
13.00 48.93 -117.00 -195.70 314.81 -0.72 0.32 0.45 0.65 0.68 0.24 0.71
7.00 10.89 -159.41 441.25 246.33 0.49 -0.73 0.60 0.47 0.81 0.68 0.60
8.00 3.31 -36.50 -61.23 -136.26 -0.75 0.17 -0.46 0.14 0.05 0.26 0.50
18.00 6.15 -685.92 321.48 213.51 0.49 -0.25 -0.22 0.69 0.14 0.53 0.83
6.00 0.38 82.59 -660.36 -40.37 0.83 -0.73 0.85 0.88 0.24 0.54 0.96
8.00 16.97 109.04 -606.87 -322.65 0.86 0.51 -0.94 0.95 0.38 0.05 0.38
24.00 84.49 -224.83 371.93 29.57 0.81 0.89 0.30 0.84 0.83 0.89 0.54
12.00 19.39 544.92 188.91 101.12 0.02 -0.45 0.45 0.96 0.58 0.54 0.25
5.00 2.16 -668.48 199.73 12.58 0.53 0.35 0.52 0.91 0.82 0.67 0.11
5.00 3.86 238.74 62.47 41.22 0.78 -0.26 0.58 0.08 0.08 0.42 0.79
34.00 206.70 549.51 215.43 51.03 0.56 -0.73 -0.92 0.61 0.04 0.32 0.97
20.00 97.82 -265.47 -314.85 -570.09 -0.21 -0.51 -1.00 0.77 0.71 0.63 0.57
6.00 8.16 -37.15 13.94 712.58 -0.21 0.08 0.81 0.95 0.90 0.51 0.04
7.00 11.32 463.71 -266.57 -429.90 -0.45 0.54 -0.42 0.38 0.48 0.84 0.30
11.00 10.84 351.71 568.73 -430.39 0.27 -0.71 0.71 0.21 0.12 0.43 0.67
19.00 67.80 -203.90 46.14 359.15 0.34 -0.28 0.30 0.86 0.66 0.08 0.20
21.00 0.45 -84.05 -42.89 -94.00 -0.02 0.59 0.38 0.42 0.32 0.91 0.14
14.00 2.81 -319.06 61.61 -257.56 -0.62 -0.86 0.45 0.30 0.16 0.13 0.44
11.00 24.38 375.60 -24.03 260.97 -0.26 0.65 0.95 0.33 0.79 0.98 0.49
12.00 24.66 20.39 504.21 341.68 0.82 0.00 0.18 0.45 0.53 0.24 0.07
9.00 9.69 132.75 -177.18 -638.11 -0.02 0.40 -0.65 0.43 0.66 0.43 0.16
17.00 2.34 -51.11 -367.65 76.53 0.67 0.06 0.92 0.72 0.03 0.98 0.47
28.00 200.56 -304.08 311.23 -311.62 -0.07 -0.26 0.59 0.06 0.03 0.31 0.64
14.00 56.50 -587.83 -360.99 -52.68 -0.85 0.61 0.24 0.30 0.04 0.55 0.48
27.00 99.69 363.95 194.33 144.94 0.25 0.68 -0.78 0.28 0.53 0.11 0.87
25.00 183.73 -285.53 -246.23 186.10 -0.53 0.53 0.75 0.07 0.23 0.45 0.43
12.00 24.93 -555.08 288.37 383.16 0.38 0.80 0.34 0.75 0.97 0.45 0.14
5.00 6.94 -126.27 -327.05 128.36 0.70 -0.75 0.97 0.76 0.70 0.24 0.22
14.00 58.53 281.86 112.54 9.47 0.13 -0.57 0.62 0.76 0.48 0.45 0.99
9.00 13.31 -375.53 180.40 555.11 0.71 0.97 0.92 0.10 0.99 0.63 0.70
12.00 25.66 -466.62 -331.38 -346.78 0.13 0.45 -0.58 0.13 0.78 0.90 0.38
7.00 2.66 350.61 -39.50 -337.05 0.94 -0.79 0.35 0.59 0.42 0.03 0.07
10.00 14.83 -76.12 -213.50 -668.30 -0.06 -0.86 -0.66 0.55 0.33 0.87 0.98
7.00 5.18 615.24 -266.48 -247.65 -0.36 -0.35 0.38 0.23 0.67 0.88 0.53
12.00 31.30 -553.03 -60.70 -463.36 -0.72 0.84 0.97 0.87 0.51 0.93 0.75
7.00 8.78 -419.27 443.77 -375.38 0.34 -0.48 0.11 0.97 0.96 0.58 0.64
10.00 23.53 10.30 -658.32 -371.65 0.62 0.18 0.45 0.59 0.94 0.77 0.12
27.00 185.62 -274.61 335.94 -402.27 0.61 -0.59 0.29 0.89 0.49 0.51 0.66
28.00 206.10 -326.20 595.80 -336.66 -0.02 -0.48 0.88 0.67 0.41 0.35 0.63
5.00 5.56 -22.07 418.82 -197.37 0.98 -0.05 -0.99 0.76 0.38 0.90 0.43
31.00 181.20 451.90 -504.77 -118.11 0.81 0.43 -0.67 0.63 0.72 0.51 0.72
5.00 1.13 270.19 344.48 321.13 -0.06 0.52 -0.34 0.61 0.56 0.38 0.29
7.00 10.43 -341.24 97.55 638.85 0.50 -0.42 0.34 0.06 0.34 0.07 0.19
17.00 25.31 -277.18 -667.77 321.15 0.07 -0.37 0.66 0.93 0.88 0.06 0.28
16.00 33.41 65.48 90.30 -375.53 -0.60 0.08 -0.85 0.04 0.61 0.33 0.07
9.00 3.52 -210.28 505.77 386.37 0.30 0.75 -0.04 0.11 0.65 1.00 0.34
12.00 36.90 -334.65 -295.58 -459.59 -0.16 0.73 0.80 0.65 0.33 0.69 0.67
10.00 27.18 691.22 -132.28 373.66 -0.12 -0.78 -0.88 0.34 0.77 0.43 0.46
13.00 5.25 -312.99 272.57 96.35 -0.00 0.31 0.63 0.18 0.01 0.48 0.48
16.00 39.62 255.97 719.66 219.33 -0.68 0.02 0.93 0.46 0.61 0.47 0.35
14.00 46.59 285.35 32.91 197.79 0.47 0.06 0.37 1.00 0.96 0.74 0.24
12.00 16.40 -447.98 140.73 261.95 -0.68 0.78 -0.57 0.53 0.04 0.84 0.08
12.00 4.68 -288.41 279.21 -249.03 -0.42 0.68 -0.17 0.02 0.04 0.53 0.26
12.00 7.15 599.51 239.39 -319.38 -0.25 0.11 -0.80 0.81 0.59 0.99 0.89
17.00 12.80 -566.90 299.94 -368.46 0.67 -0.27 -0.88 0.61 0.41 0.39 0.24
8.00 17.06 648.20 375.69 209.85 0.34 -0.02 -0.62 0.94 0.58 0.40 0.10
9.00 5.93 -73.06 -293.98 -5.50 0.63 0.06 -0.11 0.42 0.30 0.33 0.19
19.00 108.82 612.74 298.46 352.27 -0.65 0.33 0.59 0.17 0.71 0.06 0.67
8.00 14.75 434.72 242.98 549.97 0.02 -0.87 -0.92 0.10 0.56 0.56 0.24
24.00 75.72 -437.30 485.04 451.71 0.21 -0.30 -0.03 0.29 0.33 0.16 0.27
17.00 19.51 173.73 399.57 458.26 -0.76 -0.95 0.27 0.16 0.79 0.55 0.75
5.00 1.11 -17.42 637.23 -306.47 0.13 -0.75 0.84 0.52 0.96 0.79 0.48
15.00 23.24 125.40 -645.48 55.69 0.36 0.77 0.23 0.24 0.03 0.51 0.65
23.00 97.34 435.59 -62.33 -275.56 -0.26 0.34 -0.42 0.60 0.15 0.17 0.10
5.00 0.69 -714.35 -119.10 -36.55 -0.03 0.30 0.34 0.19 0.44 0.57 0.16
22.00 142.44 282.23 383.95 -559.24 -0.71 -0.66 -0.08 0.21 0.98 0.06 0.96
7.00 6.78 414.64 -180.82 178.13 -0.87 0.29 0.00 0.09 0.30 0.05 0.46
8.00 18.58 764.05 -214.48 -86.35 -0.66 -0.41 0.30 0.70 0.53 0.02 0.90
13.00 42.68 -457.01 -270.00 124.07 -0.66 -0.86 0.54 0.31 0.80 0.80 0.23
15.00 66.42 497.02 -74.74 -372.03 0.09 0.21 0.64 0.51 0.66 0.90 0.18
29.00 251.52 404.39 -342.92 -79.11 0.93 -0.84 -0.34 0.05 0.25 0.43 0.38
19.00 7.23 50.05 -151.03 437.59 0.40 -0.03 -0.11 0.78 0.10 0.36 0.26
10.00 4.08 -481.76 265.08 -304.52 0.53 0.07 0.98 0.92 0.72 0.46 0.69
35.00 197.52 196.59 -140.08 393.38 0.25 0.28 0.36 0.78 0.74 0.21 0.44
17.00 3.68 624.50 -142.44 432.86 0.60 0.62 -0.49 0.07 0.18 0.09 0.16
9.00 10.13 -417.52 -296.54 -292.52 0.16 0.48 -0.21 0.97 0.89 0.07 0.39
5.00 4.43 -294.43 1.15 344.50 0.81 0.73 0.39 0.16 0.02 0.54 0.04
10.00 0.31 -78.59 -65.78 -169.93 0.92 0.66 -0.71 0.82 0.90 0.25 0.01
8.00 1.06 528.55 -383.85 -60.72 -0.17 0.04 -0.30 0.98 0.15 0.81 0.32
5.00 3.05 -37.47 72.84 -649.72 -0.89 -0.50 -0.94 0.02 0.57 0.57 0.85
10.00 13.02 312.36 -63.87 727.85 -0.90 0.85 -0.20 0.00 0.76 0.06 0.77
32.00 96.49 363.05 518.23 -120.46 0.34 0.52 -0.53 0.87 0.58 0.70 0.96
13.00 4.45 -293.58 -178.95 530.39 -0.18 -0.72 0.04 0.96 0.88 0.27 0.35
10.00 2.10 -521.79 363.10 -266.05 -0.94 0.33 0.11 0.10 0.49 0.85 0.94
21.00 93.91 -693.10 385.69 98.56 -0.30 -0.92 -0.21 0.30 0.76 0.28 0.99
7.00 5.92 -559.94 -104.93 -342.84 -0.26 0.97 0.69 0.69 0.66 0.35 0.24
6.00 7.55 -568.40 -510.70 -122.64 -0.91 -0.96 -0.23 0.65 0.27 0.28 0.80
12.00 13.56 -270.72 -189.80 627.35 0.54 -0.31 -0.53 0.77 0.13 0.50 0.46
5.00 2.71 525.79 -543.78 108.02 -0.38 0.82 -0.56 0.96 0.28 0.95 0.30
13.00 28.01 -119.26 155.51 37.40 -0.44 0.07 0.04 0.79 0.19 0.47 0.91
12.00 39.10 -459.72 -252.08 100.09 -0.10 -0.91 0.17 0.81 0.96 0.94 0.16
9.00 23.56 191.98 119.90 -8.30 0.24 -0.57 0.88 0.64 0.85 0.14 0.93
18.00 4.47 335.75 415.69 -117.76 -0.89 0.42 0.89 0.43 0.44 0.12 0.91
14.00 11.02 -506.17 -47.35 354.46 0.47 0.87 -0.70 0.51 0.52 0.87 0.96
13.00 20.24 283.49 22.01 113.13 0.99 0.42 0.32 0.65 0.29 0.28 0.84
14.00 41.51 100.98 -26.99 -648.00 -0.53 0.55 0.95 0.67 0.21 0.84 0.05
30.00 247.87 -681.28 -67.25 206.72 -0.16 -0.38 0.22 0.10 0.94 0.69 0.65
5.00 5.41 670.46 -70.37 406.44 0.46 0.80 0.50 0.22 0.14 0.97 0.12
20.00 76.66 20.94 125.78 288.25 0.27 -0.29 0.08 0.17 0.57 0.37 0.79
16.00 4.85 -302.77 -109.40 -196.13 0.08 0.82 -0.92 0.19 0.80 0.54 0.11
7.00 10.09 -518.68 125.78 -98.50 -0.09 0.63 0.68 0.32 0.72 0.61 0.88
15.00 5.50 73.34 146.21 -552.52 0.88 0.12 -0.51 0.80 0.59 0.80 0.01
25.00 114.20 -676.05 4.50 -423.58 0.52 0.61 0.88 0.73 0.92 0.14 0.22
8.00 5.86 535.68 64.83 -238.64 0.59 0.47 0.19 0.37 0.92 0.33 0.03
27.00 7.94 705.99 -159.20 -92.78 0.82 0.06 0.66 0.75 0.81 0.27 0.38
11.00 11.79 375.34 -317.23 -389.02 -0.92 0.29 -0.83 0.93 0.41 0.60 0.78
13.00 14.24 295.47 357.01 195.70 -0.31 0.04 -0.97 0.48 0.08 0.56 0.62
7.00 6.50 408.13 384.23 -339.73 -0.93 0.50 0.71 0.51 0.29 0.17 0.05
7.00 0.29 -201.83 -16.05 -93.68 -0.61 -0.72 -0.78 0.43 0.13 0.06 0.05
18.00 62.80 59.30 -525.86 -136.90 -0.83 0.42 -0.75 0.86 0.98 0.57 0.20
16.00 29.86 202.38 490.53 -385.63 -0.97 0.25 0.82 0.91 0.88 0.98 0.23
18.00 64.49 320.70 674.25 -226.32 -0.03 0.41 0.80 0.46 0.52 0.32 0.58
8.00 3.83 643.76 132.79 -324.74 0.96 0.68 -0.89 0.83 0.15 0.46 0.52
6.00 2.79 -91.36 -422.69 367.28 -0.68 -0.99 -0.43 0.84 0.66 0.81 0.66
6.00 8.79 459.18 -186.67 -28.63 0.74 0.51 0.02 0.05 0.78 0.37 0.36
19.00 64.69 -431.63 397.38 -337.99 -0.39 0.43 -0.74 0.81 0.80 0.18 0.68
36.00 242.33 385.52 -329.63 137.44 0.93 -0.20 0.85 0.44 0.71 0.04 0.63
29.00 181.74 -51.86 232.16 -763.67 0.91 0.20 0.19 0.78 0.53 0.27 0.30
17.00 23.61 352.35 -274.71 96.00 -0.06 0.13 -0.25 0.52 0.57 0.16 0.06
20.00 26.67 185.58 -671.15 -92.10 0.67 -0.87 -0.94 0.24 0.06 0.25 0.56
5.00 0.80 11.09 -664.13 34.50 -0.94 0.62 0.86 0.68 0.83 0.24 0.24
34.00 337.90 275.64 -123.75 336.18 -0.95 0.36 -0.71 0.59 0.67 0.26 0.45
12.00 30.47 -422.45 -615.72 -147.40 0.59 -0.58 -0.21 0.06 0.21 0.93 0.25
29.00 157.87 -478.42 241.06 153.61 -0.11 0.68 -0.36 0.49 0.60 0.40 0.63
28.00 142.06 -40.87 249.35 -430.43 -0.03 0.99 -0.47 0.80 0.70 0.41 0.94
18.00 5.54 553.52 401.72 348.83 -0.65 0.17 -0.43 0.35 1.00 0.94 0.60
13.00 16.20 107.30 -41.03 -38.36 0.25 -0.01 -0.30 0.55 0.54 0.14 0.45
28.00 189.42 4.89 318.02 108.04 -0.92 0.63 0.89 0.92 0.63 0.15 0.51
5.00 5.90 528.92 -146.48 -342.04 0.65 -0.33 -0.80 0.08 0.34 0.30 0.86
11.00 1.43 381.06 -52.77 380.20 0.03 -0.91 0.46 0.07 0.34 0.42 0.62
5.00 3.65 219.99 501.42 -266.87 -0.62 0.86 -0.27 0.80 0.45 0.19 0.08
9.00 20.28 -165.95 -113.77 733.09 -0.35 -0.39 -0.58 0.21 0.97 0.58 0.34
5.00 2.71 -290.11 -474.10 -101.53 -0.69 -0.42 -0.99 0.57 0.06 0.97 0.68
7.00 4.35 -65.58 533.02 -527.94 -0.65 -0.75 0.29 0.17 0.17 0.70 0.26
18.00 3.86 -84.71 706.24 -343.56 0.57 -0.85 -0.48 0.97 0.43 0.69 0.92
26.00 159.16 -96.91 -114.60 -718.19 0.39 -0.88 -0.75 0.51 0.01 0.36 0.29
21.00 42.82 -303.80 -503.18 483.38 0.57 -0.84 -0.60 0.71 1.00 0.55 0.34
6.00 5.42 489.93 -342.46 200.33 0.73 0.65 0.27 0.10 0.93 0.96 0.40
15.00 47.69 -28.89 -5.66 198.65 0.46 -0.60 -0.38 0.78 0.92 0.58 0.96
5.00 7.55 -260.72 73.39 97.90 -0.20 -0.83 -0.70 0.84 0.35 0.84 0.57
16.00 2.76 -624.22 -258.97 -196.04 -0.82 -0.71 -0.90 0.42 0.18 0.75 0.37
12.00 25.98 -2.79 -304.31 -485.11 0.56 -0.05 -0.19 0.89 0.88 0.40 0.10
5.00 6.58 -255.20 -398.89 -568.29 -0.47 0.05 0.36 0.13 0.61 0.32 0.99
15.00 58.51 48.49 647.89 219.11 -0.84 0.89 -0.99 0.01 0.74 0.29 0.54
13.00 21.03 -280.32 -673.32 -187.75 -0.21 0.82 -0.55 0.60 0.16 0.29 0.61
33.00 32.86 387.65 -353.31 -524.63 -0.66 0.61 -0.04 0.24 0.43 0.43 0.48
6.00 4.75 568.70 26.17 248.51 0.49 0.20 -0.57 0.52 0.56 0.25 0.68
5.00 0.40 378.10 -347.42 -347.76 0.33 -0.15 -0.02 0.83 0.16 0.01 0.46
7.00 3.94 -66.15 -685.07 -151.18 -0.86 0.17 0.76 0.67 0.05 0.12 0.65
13.00 10.00 -546.18 -73.01 -49.92 -0.90 0.19 0.02 0.74 0.09 0.57 0.06
20.00 91.92 260.92 60.26 -582.16 -0.82 -0.96 -0.56 0.07 0.31 0.67 0.37
8.00 19.24 250.12 -352.08 550.92 0.20 0.79 -0.92 0.65 0.83 0.94 0.43
15.00 2.12 500.16 -505.55 -322.84 -0.10 0.67 0.41 0.57 0.21 0.65 0.33
8.00 4.64 -262.71 207.88 -598.55 0.62 0.03 0.83 0.69 0.19 0.56 0.98
24.00 131.66 330.58 297.79 165.75 -0.36 0.90 -0.86 0.72 0.58 0.73 0.39
5.00 4.25 19.51 -524.24 270.18 -0.59 0.89 -0.94 0.31 0.57 0.17 0.67
21.00 102.40 664.24 218.02 -339.26 0.42 0.41 -0.02 0.72 0.23 0.32 0.06
14.00 41.06 -460.41 -418.86 246.33 0.25 0.93 0.79 0.36 0.03 0.50 0.79
28.00 75.53 7.93 550.16 340.83 -0.01 0.09 -0.58 0.80 0.46 0.29 0.88
6.00 7.93 574.46 -370.37 -301.18 0.85 -0.09 -0.31 0.51 0.77 0.23 0.50
9.00 19.01 -220.59 3.73 754.08 0.97 0.01 -0.69 0.33 0.08 0.78 0.95
9.00 23.15 -239.28 -424.24 536.73 -0.92 -0.96 0.79 0.73 0.88 0.11 0.54
12.00 28.56 -138.40 211.45 -382.53 -0.89 0.93 -0.03 0.08 0.06 0.11 0.25
5.00 6.40 -78.29 115.14 769.22 0.24 -0.80 0.37 0.69 0.09 0.23 1.00
8.00 5.48 538.68 -327.90 -12.16 0.46 -0.31 0.04 0.49 0.22 0.87 0.37
15.00 5.94 -476.25 -583.75 233.39 -0.76 0.99 0.85 0.48 0.72 0.41 0.82
12.00 17.75 458.74 -444.31 -113.18 -0.85 0.40 -0.84 0.33 0.80 0.91 0.66
20.00 12.32 467.36 -471.10 226.29 0.27 -0.85 -0.53 0.04 0.81 0.74 0.31
6.00 4.93 260.41 214.10 698.73 -0.51 0.84 0.29 0.47 0.38 0.46 0.81
6.00 7.97 53.53 457.62 62.28 0.81 0.05 0.78 0.86 0.11 0.03 0.25
7.00 4.14 695.43 -207.63 -199.86 0.54 0.76 0.33 0.16 0.93 0.68 0.59
16.00 0.01 -568.92 387.16 -352.01 0.55 0.39 0.85 0.47 0.94 0.99 0.13
11.00 0.50 -138.41 -543.78 -486.11 0.19 -0.94 0.73 0.88 0.65 0.59 0.55
8.00 11.06 231.35 88.37 241.15 -0.75 0.73 -0.73 0.20 0.24 0.57 0.47
6.00 3.20 165.93 317.50 315.81 -0.37 0.10 -0.85 0.53 0.18 0.77 0.86
19.00 66.68 564.33 -488.59 -21.12 0.93 0.07 -0.91 0.78 0.17 0.37 0.13
29.00 89.12 -154.04 254.70 39.21 -0.58 -0.94 0.84 0.89 0.73 0.93 0.51
5.00 6.86 -181.30 -364.31 -111.01 0.84 0.52 0.47 0.21 0.39 0.46 0.44
15.00 67.74 -257.01 -311.54 -345.53 0.76 0.14 0.75 0.62 0.22 0.93 0.81
12.00 33.29 21.94 -338.62 198.99 0.75 -0.90 0.59 0.55 0.85 0.66 0.02
8.00 2.16 92.95 474.99 -81.86 -0.19 -0.76 -0.49 0.73 0.14 0.78 0.46
20.00 13.42 584.37 -245.19 240.70 0.78 0.37 -0.49 0.91 0.43 0.84 0.13
9.00 18.09 -116.73 345.77 -340.11 -0.81 0.67 -0.81 0.27 0.10 0.86 0.54
21.00 12.85 -581.21 -369.02 -262.08 0.91 -0.53 -0.10 0.90 0.10 0.90 0.72
9.00 9.37 -151.83 -498.14 442.40 -0.24 -0.87 -0.33 0.21 0.38 0.24 0.55
12.00 38.82 24.06 239.39 186.74 -0.72 -0.55 -0.81 0.58 0.45 0.16 0.58
8.00 15.14 -50.28 470.21 -378.21 -0.26 0.25 0.13 0.67 0.55 0.85 0.14
27.00 57.01 -331.35 -372.77 312.97 0.46 0.41 0.32 0.08 0.56 0.90 0.92
6.00 3.32 -469.55 -259.62 -135.85 0.74 -0.23 -0.02 0.79 0.59 0.65 0.14
13.00 21.73 -276.20 -120.57 -587.62 -0.87 0.40 -0.31 0.73 0.89 0.09 0.52
17.00 30.11 292.07 443.90 -108.66 -0.93 -0.64 -0.15 0.65 0.75 0.38 0.92
6.00 0.24 -545.87 -334.66 53.37 0.00 -0.55 0.70 0.52 0.18 0.16 0.93
10.00 1.83 495.50 -263.22 256.84 0.53 0.21 0.19 0.44 0.45 0.94 0.93
5.00 2.41 335.71 -12.06 -462.74 -0.23 -0.43 -0.48 0.01 0.78 0.42 0.17
7.00 10.18 -196.35 638.19 -162.09 0.49 -0.93 -0.34 0.08 0.55 0.77 0.05
5.00 3.42 -427.17 -298.28 -22.72 -0.35 0.33 0.85 0.79 0.11 0.43 0.98
18.00 78.78 95.03 -220.74 -249.79 0.53 0.98 0.82 0.58 0.08 0.67 0.20
13.00 1.14 469.52 -180.38 -68.63 0.73 -0.20 0.50 0.89 0.20 0.03 0.48
14.00 15.18 67.37 -160.58 -453.35 -0.71 -0.91 -0.61 0.94 0.20 0.40 0.04
15.00 58.03 -542.46 323.30 -52.18 0.81 -0.03 0.94 0.60 0.89 0.78 0.90
11.00 7.47 -81.19 -419.73 386.20 0.09 0.87 -0.78 0.99 0.72 0.17 0.92
23.00 118.27 -28.30 24.70 793.44 -0.65 0.11 0.82 0.79 0.42 0.60 0.51
9.00 5.47 -132.08 -117.12 -280.11 0.58 -0.71 -0.80 0.65 0.03 0.40 0.70
12.00 26.67 359.07 314.61 51.48 -0.85 -0.72 0.23 0.04 0.60 0.15 0.19
20.00 42.47 -403.63 -146.03 213.19 -0.10 0.03 0.59 0.85 0.27 0.78 0.10
11.00 27.57 -232.46 45.47 -273.86 -1.00 0.72 0.51 0.91 0.59 0.47 0.64
17.00 86.11 355.50 -490.41 -479.42 0.79 0.08 0.91 0.31 0.26 0.63 0.59
9.00 9.73 -15.27 469.33 365.69 0.68 0.07 -0.28 0.60 0.01 0.54 0.75
11.00 18.29 188.71 -0.13 644.07 0.69 -0.45 -0.20 0.37 0.45 0.68 0.85
27.00 76.06 134.48 -709.08 255.46 0.90 -0.35 -0.82 0.39 0.43 0.35 0.32
17.00 76.01 -106.91 -132.08 22.61 0.31 -0.26 -0.07 0.09 0.47 1.00 0.84
31.00 103.30 290.28 340.39 360.76 -0.42 -0.20 -0.14 0.17 0.19 0.05 0.63
11.00 11.15 249.00 -127.41 -596.36 -0.15 0.16 -0.80 0.09 0.66 0.27 0.48
5.00 3.74 496.23 308.72 -118.29 0.21 -0.02 -0.00 0.46 0.95 0.54 0.50
6.00 1.30 88.93 512.01 -160.37 0.79 -0.35 0.67 0.69 0.71 0.77 0.07
10.00 19.94 466.25 -485.25 349.00 -0.29 0.63 0.02 0.59 0.26 0.75 0.54
18.00 10.97 -213.01 -585.87 -261.56 0.61 0.81 0.17 0.93 0.40 0.09 0.02
7.00 2.37 -39.46 133.69 358.75 0.93 -0.28 0.09 0.99 0.54 0.93 0.46
7.00 0.07 485.85 -334.27 51.48 -0.69 -0.40 -0.71 0.27 0.51 0.21 0.08
9.00 14.01 -299.28 -9.07 -155.84 -0.27 0.73 -0.84 0.89 0.12 0.07 0.02
27.00 129.79 48.92 134.99 485.70 -0.06 -0.84 0.78 0.02 0.86 0.03 0.69
29.00 39.19 431.39 394.72 509.74 -0.09 0.85 -0.60 0.21 0.75 0.21 0.19
12.00 27.65 223.82 28.39 -596.95 -0.73 0.24 -0.10 0.12 0.97 0.78 0.29
25.00 41.90 44.86 -693.11 76.51 -0.14 -0.49 -0.02 0.91 0.35 0.97 0.86
19.00 68.94 101.85 310.60 -226.47 -0.35 0.18 0.24 0.28 0.60 0.64 0.30
18.00 53.22 430.26 -537.68 35.39 -0.37 -0.85 -0.74 0.60 0.04 0.04 0.60
9.00 17.67 -352.33 -116.48 107.88 -0.53 0.11 0.80 0.72 0.40 0.96 0.61
27.00 96.24 -214.33 427.33 588.35 0.78 -0.27 1.00 0.78 0.27 0.98 0.33
13.00 20.90 47.60 -68.39 109.21 -0.54 -0.87 -0.02 0.03 0.70 0.02 0.96
20.00 32.84 439.31 304.92 -330.05 -0.68 -0.49 0.10 0.22 0.82 0.88 0.48
17.00 31.28 -667.17 87.53 -341.54 0.17 0.88 -0.74 0.72 0.71 0.60 0.13
13.00 0.41 -66.93 291.14 -194.22 -0.27 -0.43 0.80 0.97 0.07 0.66 0.60
7.00 3.00 -634.63 204.35 335.13 -0.91 0.15 0.14 0.01 0.52 0.68 0.36
16.00 40.98 272.56 17.36 621.39 0.45 -0.52 -0.32 0.57 0.71 0.12 0.09
6.00 7.20 330.77 162.00 703.55 0.39 0.06 0.52 0.13 0.25 0.09 0.52
6.00 3.41 -356.92 -159.99 -272.90 -0.69 0.58 0.20 0.46 0.38 0.26 0.36
5.00 6.72 449.18 -407.43 -273.54 -0.71 -0.27 -0.84 0.94 0.70 0.50 0.64
7.00 7.75 -52.23 674.39 130.98 -0.47 -0.88 -0.37 0.05 0.13 0.49 0.00
15.00 40.08 390.42 131.59 -408.74 -0.29 0.74 -0.80 0.61 0.12 0.46 0.93
10.00 5.59 -241.57 300.09 648.36 0.80 0.37 -0.12 0.87 0.45 0.99 0.30
17.00 20.99 42.93 -195.63 -190.19 -0.86 0.99 -0.17 0.77 0.32 0.14 0.06
14.00 19.81 -384.25 -280.14 -192.74 -0.42 -0.09 0.57 0.96 0.65 0.91 0.18
14.00 41.49 -360.01 -545.34 340.09 -0.20 0.48 0.28 0.46 0.06 0.49 0.48
10.00 2.29 401.20 -53.75 114.84 -0.89 -0.92 0.69 0.34 0.28 0.72 0.15
12.00 36.84 557.96 -225.10 -522.19 -0.71 -0.43 -0.44 0.16 0.86 0.43 0.97
16.00 26.02 -434.51 -173.57 613.69 0.11 -0.94 -0.70 0.60 0.35 0.19 0.11
9.00 14.98 -501.53 -521.92 -293.92 0.64 -0.39 -0.19 0.21 0.82 0.11 0.41
27.00 35.47 -656.52 344.67 -220.05 0.96 -0.27 0.96 0.71 0.71 0.67 0.34
7.00 11.30 217.60 257.31 -405.94 -0.57 -0.92 0.28 0.87 0.10 0.45 0.04
10.00 13.44 202.39 -491.99 -448.70 -0.15 -0.00 0.16 0.81 0.92 0.54 0.28
20.00 63.83 491.16 -217.11 112.27 0.53 -0.97 0.73 0.62 0.71 0.55 0.16
12.00 31.96 -382.17 -463.89 -220.53 -0.45 0.82 -0.36 0.29 0.67 0.73 0.97
18.00 97.54 -146.40 755.27 66.96 0.76 0.43 0.22 0.26 0.81 0.84 0.14
9.00 11.74 -105.23 -168.36 670.90 -0.10 0.41 0.46 0.44 0.50 0.36 0.84
15.00 10.24 -44.44 -206.63 -758.85 -0.99 0.49 -0.80 0.11 0.52 0.40 0.53
10.00 16.64 170.05 -81.43 -80.34 0.11 0.22 0.43 0.99 0.06 0.56 0.45
6.00 2.67 -270.00 -418.79 263.33 -0.19 -0.45 0.62 0.71 0.50 0.39 0.76
16.00 14.51 253.68 233.25 -111.45 -0.77 -0.58 -0.76 0.63 0.00 0.53 0.02
22.00 89.88 -29.76 523.26 -587.06 -0.91 -0.95 0.89 0.00 0.78 0.51 0.19
5.00 2.19 259.73 189.39 232.25 0.44 0.40 -0.24 0.38 0.26 0.37 0.86
22.00 100.35 586.24 -251.78 -29.26 -0.89 -0.13 0.71 0.61 0.71 0.81 0.49
14.00 13.02 63.16 412.03 -152.81 -0.42 0.03 0.25 0.03 0.88 0.73 0.62
6.00 10.45 404.10 362.49 227.48 -0.99 -0.77 -0.97 0.42 0.13 0.63 0.73
8.00 7.19 387.91 181.64 38.03 0.91 -0.67 -0.14 0.70 0.95 0.47 0.81
9.00 8.28 225.33 313.17 -254.02 -0.22 -0.28 0.37 0.77 0.44 0.44 0.84
7.00 14.54 17.99 285.16 -481.52 -0.00 -0.52 -0.41 0.48 0.36 0.58 0.48
10.00 7.15 32.06 -18.94 -174.33 -0.69 0.25 -0.27 0.41 0.83 0.81 0.05
21.00 95.59 64.90 -428.61 -404.50 0.50 -0.93 0.38 0.64 0.96 0.43 0.78
20.00 71.97 143.06 -706.06 -37.82 -0.01 -0.03 -0.75 0.11 0.36 0.66 0.64
5.00 7.10 -422.08 184.63 267.23 -0.86 0.85 0.98 0.62 0.52 0.33 0.78
13.00 41.79 -285.47 166.96 -39.55 0.34 0.77 -0.52 0.53 0.90 0.05 0.21
10.00 20.41 -64.52 -94.57 147.55 -0.81 -0.32 -0.87 0.86 0.51 0.52 0.02
7.00 14.10 -227.06 -653.38 -149.88 0.72 0.75 0.26 0.69 0.41 0.40 0.23
9.00 17.86 520.66 531.55 261.39 0.45 -0.45 0.38 0.23 0.15 0.19 0.25
20.00 11.22 391.29 537.64 -302.97 0.21 0.08 0.64 0.47 0.57 0.86 0.04
24.00 70.80 -613.20 -280.69 -376.27 0.89 0.27 0.27 0.42 0.75 0.16 0.52
10.00 28.63 53.06 243.25 -643.99 -0.88 0.49 0.71 0.35 0.43 0.99 0.79
9.00 9.44 414.50 -48.71 -309.10 -0.57 -0.56 -0.23 0.23 0.26 0.74 0.71
6.00 3.90 -231.40 17.26 543.18 0.82 -0.25 -0.25 0.01 0.80 0.58 0.98
16.00 57.06 513.82 6.11 285.73 0.55 0.19 -0.80 0.02 0.69 0.46 0.09
6.00 6.40 35.98 -178.68 734.78 0.74 0.04 0.47 0.73 0.80 0.61 0.19
7.00 13.81 -151.72 -481.54 555.51 0.41 -0.53 0.69 0.31 0.45 0.87 0.70
36.00 347.70 -49.49 -96.97 719.19 -0.60 0.85 0.10 0.22 0.23 0.27 0.90
13.00 32.74 -373.68 -534.04 -416.76 0.39 -0.16 0.75 0.65 0.14 0.39 0.14
9.00 12.92 245.53 -193.39 -276.12 0.91 -0.85 -0.52 0.96 0.59 0.96 0.07
18.00 81.15 -393.48 573.18 128.53 0.80 -0.03 -0.23 0.57 0.37 0.64 0.14
19.00 72.81 -481.16 -373.90 -64.10 -0.17 0.58 0.01 0.81 0.63 0.22 0.54
5.00 0.40 -137.71 479.62 -329.76 -0.33 -0.90 -0.26 0.92 1.00 0.13 0.28
7.00 13.88 294.32 689.13 -186.41 -0.38 -0.50 0.27 0.32 0.87 0.01 0.50
14.00 41.15 -199.36 663.04 -355.57 -0.77 -0.36 -0.68 0.76 0.76 0.91 0.78
36.00 170.19 77.14 284.48 -467.65 -0.83 -0.98 0.15 0.75 0.91 0.41 0.24
7.00 1.35 -364.85 -95.82 366.21 0.65 -0.92 0.86 0.08 0.22 0.03 1.00
9.00 14.85 461.96 365.04 -462.91 -0.90 -0.22 0.79 0.69 0.24 1.00 0.33
9.00 4.01 431.64 142.15 -3.74 0.56 0.36 0.38 0.30 0.67 0.73 0.15
19.00 42.48 552.25 -182.71 -536.43 0.41 0.91 -0.71 0.10 0.00 0.77 0.07
7.00 13.93 -522.27 -189.42 -429.90 0.09 0.98 0.04 0.53 0.97 0.23 0.71
26.00 127.42 -461.74 247.93 436.08 -0.06 -0.39 -0.08 0.81 0.04 0.80 0.98
22.00 128.18 480.88 -442.24 -211.56 -0.29 0.51 -0.56 0.90 0.97 0.06 0.75
7.00 9.50 -33.91 358.45 240.76 -0.79 0.41 -0.88 0.06 0.19 0.78 0.67
5.00 0.77 0.58 528.62 294.27 0.16 -0.77 -0.62 0.29 0.71 0.98 0.46
6.00 4.52 -71.12 3.07 -668.50 0.61 -0.56 -0.48 0.13 0.32 0.32 0.47
26.00 3.11 629.58 58.91 -109.40 0.36 -0.17 0.38 0.35 0.55 0.49 0.79
6.00 7.56 181.87 676.09 -144.20 0.28 0.41 -0.03 0.95 0.11 0.36 0.02
13.00 47.43 -351.20 553.95 175.17 -0.32 0.58 0.03 0.72 0.43 0.14 0.26
12.00 20.64 571.29 -88.03 -473.51 -0.18 0.85 -0.98 0.66 0.07 0.43 0.64
24.00 93.47 594.11 446.56 -212.37 0.82 0.09 -0.27 0.19 0.48 0.21 0.12
16.00 70.28 603.55 -310.51 81.10 0.43 0.20 -0.38 0.83 0.12 0.70 0.26
10.00 14.94 -115.54 586.63 45.81 0.94 0.66 -0.99 0.95 0.67 0.22 0.43
7.00 11.07 635.34 -94.35 -276.60 0.23 0.77 -0.06 0.39 0.38 0.36 0.03
6.00 7.30 -370.59 -94.92 -60.78 -0.00 -0.02 0.56 0.18 0.94 0.80 0.99
6.00 9.15 -177.30 189.62 -410.90 0.11 -0.73 -0.91 0.66 0.61 0.71 0.81
16.00 34.68 704.16 -68.87 164.15 -0.02 -0.07 -0.82 0.73 0.75 0.25 0.63
10.00 29.76 -302.92 -108.87 65.60 0.25 0.32 0.89 0.37 0.56 0.50 0.95
5.00 6.55 -119.06 -197.42 395.28 -0.01 0.43 -0.37 0.17 0.67 0.91 0.92
8.00 7.76 -167.06 -624.34 -178.02 -0.75 0.38 0.89 0.51 0.81 0.61 0.37
8.00 14.04 299.85 319.80 -610.72 0.71 0.59 0.49 0.44 0.76 0.92 0.75
35.00 318.73 -317.72 380.44 -530.51 0.22 0.16 -0.61 0.42 0.26 0.58 0.12
7.00 14.19 -81.19 -55.74 259.42 0.65 0.96 -0.43 0.18 0.02 0.74 0.09
36.00 338.69 -363.99 -657.26 194.73 0.46 0.86 0.35 0.76 0.11 0.01 0.62
20.00 101.88 559.19 -281.54 196.26 -0.63 -0.46 -0.93 0.64 0.31 0.12 0.08
26.00 179.52 -164.68 189.02 416.14 -0.86 -0.40 -0.55 0.16 0.65 0.71 0.48
6.00 7.31 -463.05 -530.82 -29.73 -0.63 0.48 -0.13 0.60 0.50 0.26 0.39
14.00 22.45 130.36 -32.33 137.79 -0.37 0.56 -0.17 0.17 0.66 0.85 0.78
16.00 59.06 174.79 639.45 -89.19 -0.57 0.52 0.00 0.92 0.42 0.79 0.98
33.00 319.31 183.37 277.53 369.56 -0.16 0.50 0.80 0.02 0.53 0.86 0.19
18.00 9.81 145.21 620.11 402.06 0.16 0.41 -0.62 0.91 0.59 0.35 0.63
5.00 5.05 -17.14 -450.02 -437.44 0.42 0.28 -0.62 0.53 0.53 0.71 0.85
7.00 1.43 139.88 -196.23 -286.81 0.27 -0.24 -0.08 0.68 0.98 0.70 0.68
6.00 1.54 -667.47 -298.00 -126.84 -0.25 0.95 0.64 0.48 0.38 0.90 0.74
12.00 4.26 -475.91 -33.40 111.64 -0.22 -0.65 -0.96 0.32 0.83 0.48 0.12
22.00 124.41 -433.55 -186.84 98.35 -0.03 0.01 -0.91 0.38 0.74 0.69 0.58
19.00 34.42 -218.43 -609.55 464.23 -0.43 -0.15 -0.74 0.17 0.38 0.46 0.84
10.00 7.26 -185.88 -379.03 -354.29 0.11 0.06 -0.82 0.69 0.46 0.86 0.60
7.00 3.08 30.43 -542.32 331.84 0.17 -0.95 -0.08 0.43 0.72 0.90 0.24
7.00 12.91 87.22 -391.21 200.93 0.07 -0.66 -0.63 0.12 0.57 0.88 0.93
8.00 5.45 172.58 247.55 -202.77 -0.36 0.90 -0.35 0.80 0.10 0.99 0.55
8.00 8.50 -55.47 551.75 214.13 0.59 0.19 -0.04 0.07 0.78 0.54 0.74
18.00 39.41 -131.65 500.31 -23.45 -0.37 -0.47 -0.24 0.26 0.25 0.49 0.85
8.00 11.61 -723.70 -59.07 -327.13 -0.16 -0.53 0.57 0.67 0.09 0.59 0.69
37.00 339.30 361.99 -28.95 25.80 0.06 -0.62 -0.58 0.70 0.34 0.78 0.03
5.00 7.33 334.61 -441.50 325.46 0.38 0.46 0.83 0.79 0.42 0.38 0.75
10.00 0.80 363.79 -160.28 288.67 0.81 0.88 0.73 0.30 0.80 0.74 0.41
23.00 77.65 -582.14 418.08 77.90 -0.48 0.49 0.41 0.70 0.92 0.11 0.95
11.00 18.23 -311.10 -54.89 -467.23 0.00 -0.44 -0.61 0.73 0.49 0.70 0.44
15.00 11.62 -1.01 -255.66 390.27 -0.97 -0.95 -0.33 0.50 0.29 0.90 0.58
10.00 7.64 -336.20 465.68 -76.13 0.39 -0.00 -0.04 0.44 0.58 0.49 0.54
7.00 7.23 -741.16 129.19 -176.19 0.53 -0.25 0.48 0.87 0.93 0.70 0.50
6.00 0.21 -588.97 -14.22 -227.45 -0.80 -0.93 0.86 0.67 0.36 0.08 0.89
10.00 10.02 381.98 599.13 141.75 0.56 -0.02 0.46 0.32 0.06 0.74 0.81
12.00 30.22 -309.40 172.59 -647.35 -0.01 -0.12 -0.78 0.75 0.32 0.71 0.38
16.00 58.19 756.87 105.70 95.71 0.26 -0.97 0.02 0.39 0.43 0.95 0.01
19.00 13.42 -277.17 -708.25 -230.24 -0.90 0.43 0.91 0.34 0.58 0.85 0.64
11.00 20.46 190.90 429.86 69.32 -0.39 -0.21 0.32 0.83 0.20 0.97 0.82
31.00 123.32 476.94 305.04 -31.20 -0.29 0.39 0.88 0.53 0.90 0.98 0.57
6.00 3.08 776.15 189.74 25.69 0.10 -0.75 -0.68 0.77 0.56 0.44 0.72
26.00 86.76 52.72 4.30 -268.28 0.60 0.47 -0.60 0.30 0.62 1.00 0.64
6.00 10.07 -159.75 -561.97 -475.51 0.90 -0.61 0.74 0.72 0.16 0.12 0.17
19.00 57.30 -466.23 -627.40 144.43 -0.62 0.31 -0.49 0.78 0.28 0.43 0.57
26.00 146.96 -323.09 -249.60 -510.69 -0.93 0.39 -0.56 0.42 0.85 0.98 0.93
7.00 3.86 377.39 158.08 -173.00 0.89 -0.63 0.59 0.46 0.41 0.06 0.04
18.00 47.62 -687.97 -124.97 158.23 0.82 -1.00 0.43 0.41 0.33 0.37 0.70
12.00 33.02 121.60 459.76 633.47 -0.32 -0.27 0.32 0.72 0.64 0.55 0.67
17.00 52.03 190.02 273.48 -8.70 -0.78 -0.00 0.03 0.94 0.22 0.53 0.71
24.00 25.80 -199.39 387.76 -44.74 -0.73 0.85 -0.99 0.45 0.29 0.70 0.47
5.00 6.38 337.12 -80.53 -355.70 -0.32 0.47 -0.52 0.11 0.59 0.94 0.65
14.00 8.19 370.17 28.78 186.02 -0.35 0.61 0.51 0.52 0.69 0.49 0.76
5.00 3.50 114.58 274.37 -75.97 0.70 0.50 0.56 0.20 0.05 0.58 0.54
21.00 16.80 274.18 637.64 44.95 0.06 0.89 0.58 0.56 0.19 0.00 0.44
10.00 15.65 89.88 -718.80 -315.02 0.79 -0.30 -0.41 0.84 0.26 0.76 0.29
5.00 4.40 614.94 136.22 -289.46 -0.89 0.43 -0.63 0.55 0.72 0.50 0.95
12.00 8.42 639.81 -101.70 -94.49 -0.45 -0.00 0.96 0.55 0.96 0.38 0.87
10.00 4.24 249.44 348.58 329.24 0.68 0.27 -0.81 0.17 0.17 0.18 0.01
9.00 3.21 603.57 112.79 167.26 -0.56 0.27 0.07 0.50 0.64 0.19 0.31
12.00 12.83 212.10 754.99 -58.79 0.94 0.55 0.47 0.80 0.64 0.44 0.97
12.00 23.82 -537.10 -380.75 215.93 -0.65 0.38 -0.55 0.81 0.32 0.69 0.50
10.00 25.82 13.55 -417.95 39.71 0.83 0.10 0.36 0.48 0.13 0.45 0.55
23.00 30.84 -262.04 -151.55 -178.13 0.57 -0.84 -0.36 0.97 0.50 0.92 0.79
5.00 6.57 141.96 28.05 -666.81 0.07 -0.11 -0.20 0.24 0.38 0.98 0.59
6.00 4.34 193.29 -401.66 650.66 -0.98 -0.65 0.21 0.62 0.12 0.48 0.40
22.00 31.56 -142.70 -165.61 -218.57 -0.67 -0.47 0.02 0.32 0.40 0.41 0.70
11.00 34.58 49.14 120.86 34.52 -0.99 -0.35 -0.20 0.43 0.29 0.56 0.27
15.00 66.01 -197.58 588.24 -453.37 -0.63 0.35 0.49 0.24 0.83 0.23 0.60
37.00 340.37 181.51 707.32 -197.59 -0.17 -0.21 -0.04 0.86 0.16 0.29 0.56
11.00 15.71 -644.10 148.19 -152.61 -0.38 0.60 0.76 0.88 1.00 0.97 0.40
15.00 17.72 -781.35 33.57 45.22 0.77 0.37 -0.80 0.81 0.51 0.10 0.20
28.00 186.82 -75.44 -575.51 -453.06 -0.65 -0.14 0.68 0.07 0.69 0.35 0.76
12.00 12.08 604.07 453.93 55.40 -0.03 -0.94 0.35 0.15 0.80 0.28 0.16
14.00 16.63 248.15 34.11 434.71 -0.10 -0.95 -0.72 0.76 0.14 0.40 0.11
11.00 20.83 -594.29 40.22 -217.39 -0.36 -0.84 0.96 0.00 0.20 0.54 0.61
10.00 25.90 435.15 -396.67 -70.24 -0.81 0.02 0.77 0.71 0.25 0.20 0.18
11.00 19.83 -161.99 612.90 -302.17 -0.05 -0.52 -0.41 0.42 0.48 0.64 0.03
14.00 4.94 -428.95 -66.65 -383.89 0.51 0.88 -0.86 0.36 0.58 0.33 0.20
9.00 8.16 -496.50 -131.37 193.27 -0.13 0.50 -0.44 0.38 0.29 0.91 0.69
24.00 118.38 256.04 676.76 -131.06 -0.76 -0.86 -0.61 0.58 0.09 0.74 0.38
6.00 9.77 -511.01 -469.02 170.74 -0.30 0.64 -0.51 0.90 0.45 0.50 0.83
14.00 33.01 366.61 -24.30 147.51 -0.19 0.10 -0.61 0.40 0.81 0.67 0.43
13.00 17.48 -586.12 -18.73 -153.56 0.85 -0.60 0.43 0.29 0.30 0.69 0.74
20.00 89.71 -486.93 366.64 23.81 -0.40 0.39 0.62 0.17 0.80 0.58 0.43
19.00 83.07 -100.37 262.69 571.12 0.48 -0.23 -0.50 0.74 0.64 0.02 0.72
7.00 3.44 330.60 134.31 426.72 -0.52 -0.35 0.16 0.20 0.44 0.39 1.00
5.00 4.94 -591.19 -255.70 -332.83 0.32 0.65 0.53 0.04 0.23 0.74 0.82
32.00 105.81 544.99 -101.50 456.14 0.79 0.32 0.96 0.85 0.99 0.08 0.46
20.00 102.95 -65.64 -585.53 117.57 -0.02 -0.42 0.84 0.04 0.03 0.52 0.47
15.00 36.72 70.70 -350.60 -437.72 0.01 0.68 -0.09 0.09 0.26 0.72 0.14
5.00 6.32 -0.95 -413.47 -52.88 0.86 -0.83 0.83 0.94 0.05 0.81 0.70
24.00 24.95 -195.40 -19.57 -536.43 -0.24 -0.41 0.27 0.03 0.23 0.81 0.87
10.00 11.12 475.03 -267.53 577.59 0.77 0.35 -0.99 0.11 0.67 0.74 0.19
12.00 15.50 105.06 -552.44 -518.48 -0.42 0.86 -0.74 0.93 0.41 0.44 0.86
25.00 0.14 -508.21 110.04 -446.08 -0.35 -0.40 -0.48 0.38 0.35 0.18 0.46
9.00 22.14 -254.81 507.33 248.77 -0.13 -0.59 0.21 0.26 0.69 0.93 0.42
8.00 3.27 229.37 -462.35 358.35 0.64 0.17 0.36 0.41 0.42 0.58 0.46
31.00 110.08 77.78 60.56 20.05 0.54 0.58 -0.08 0.84 0.86 0.21 0.01
20.00 22.53 -602.90 87.68 222.27 0.37 -0.39 0.77 0.75 1.00 0.08 0.36
7.00 8.88 489.53 83.53 -558.71 0.25 -0.83 -0.41 0.46 0.52 0.20 0.09
13.00 0.06 -123.00 -681.34 57.67 0.81 0.64 0.94 0.86 0.01 0.59 0.29
37.00 13.74 409.23 641.35 233.91 -0.15 0.64 -0.65 0.57 0.88 0.07 0.81
15.00 24.94 -591.65 42.54 218.85 -0.35 0.95 -0.29 0.65 0.35 0.25 0.47
5.00 6.99 -291.92 439.74 248.33 -0.48 -0.61 -0.90 0.65 0.61 0.22 1.00
16.00 62.33 -559.77 285.01 73.44 0.94 0.93 0.31 0.71 0.86 0.97 0.32
5.00 3.16 -21.66 60.51 -349.54 0.47 0.72 -0.13 0.38 0.03 0.98 0.31
8.00 18.38 -44.43 532.99 -493.82 -0.99 0.25 -0.11 0.50 0.44 0.03 0.12
19.00 57.64 -32.23 561.08 419.26 0.08 0.79 -0.09 0.10 0.54 0.41 0.65
9.00 17.79 -257.66 385.18 41.38 0.89 -0.96 0.76 0.70 0.43 0.97 0.61
18.00 57.66 -135.73 109.69 457.85 -0.74 0.49 -0.96 0.73 0.00 0.19 0.81
7.00 2.66 547.86 -477.68 252.52 0.01 0.81 0.82 0.17 0.20 0.56 0.81
24.00 54.15 245.80 115.60 628.08 0.61 0.11 0.65 0.65 0.56 0.12 0.52
20.00 95.05 430.73 -106.79 579.92 0.15 -0.84 -0.45 0.95 0.11 0.95 0.32
23.00 142.15 601.87 55.92 -53.20 -0.15 0.51 0.91 0.28 0.92 0.23 0.67
33.00 172.78 -248.92 290.60 -602.64 -0.57 0.39 0.62 0.37 0.96 0.59 0.87
28.00 165.94 430.99 359.18 354.69 -0.34 -0.62 -0.52 0.98 0.65 0.59 0.69
23.00 15.85 537.79 294.05 481.81 0.14 0.55 0.43 0.94 0.90 0.26 0.94
12.00 29.77 654.65 369.70 255.09 -0.98 -0.03 -0.52 0.67 0.54 0.64 0.64
8.00 19.34 -99.38 336.08 94.32 -0.19 -0.13 0.96 0.16 0.03 0.00 0.61
9.00 13.68 -341.22 -449.72 524.49 0.61 -0.45 -0.87 0.07 0.19 0.41 0.42
11.00 22.17 -102.19 -462.29 -298.61 0.09 -0.01 0.48 0.68 0.36 0.24 0.59
6.00 8.79 617.35 53.48 283.13 0.76 0.48 -0.59 0.84 0.99 0.54 0.56
28.00 207.09 -182.85 -141.63 629.64 -0.11 -0.16 -0.61 0.21 0.61 0.08 0.03
12.00 37.79 388.98 -270.91 -502.79 -0.88 0.36 -0.01 0.69 0.24 0.23 0.61
6.00 1.24 -517.59 30.52 232.36 -0.06 -0.09 -0.27 0.34 0.78 0.55 0.67
8.00 3.47 -163.45 168.09 -207.79 -0.98 -0.11 -0.90 0.29 0.44 0.12 0.96
15.00 32.00 -230.32 189.14 -442.13 0.20 0.58 -0.49 0.27 0.44 0.47 0.19
33.00 190.54 -543.48 -45.25 -141.48 -0.71 -0.78 -0.93 0.00 0.42 0.91 0.84
9.00 14.76 6.82 -120.84 615.70 0.75 -0.80 -0.43 0.94 1.00 0.27 0.74
13.00 23.88 -84.40 -672.49 269.60 1.00 -0.85 -0.73 0.13 0.67 0.82 0.79
14.00 19.83 -304.46 191.35 -526.54 -0.72 0.20 -0.54 0.15 0.12 0.15 0.14
15.00 36.42 411.12 194.44 394.04 0.04 0.87 0.68 0.54 0.45 0.12 0.77
8.00 18.31 525.97 75.71 350.65 0.99 0.94 0.26 0.89 0.80 0.72 0.17
20.00 5.59 283.43 646.94 -192.01 -0.30 -0.93 -0.39 0.68 0.91 0.11 0.98
10.00 10.07 -30.56 645.37 -65.59 0.82 -0.94 0.79 0.36 0.63 0.53 0.93
14.00 52.22 -541.10 260.37 -10.38 -0.46 -0.10 -0.15 0.55 0.00 0.69 0.83
18.00 5.44 362.01 -149.86 38.03 0.93 -0.41 0.80 0.56 0.29 0.67 0.46
7.00 6.09 286.36 -9.05 657.56 -0.14 -0.84 0.33 0.82 0.05 0.96 0.16
20.00 111.33 655.58 381.96 -253.42 -0.41 0.31 -0.86 0.41 0.37 0.40 0.02
18.00 14.92 -57.58 -565.54 -150.61 -0.16 -0.55 0.04 0.63 0.51 0.57 0.18
7.00 6.12 -93.69 67.58 313.27 0.61 0.36 -0.77 0.23 0.48 0.98 0.35
7.00 0.69 519.66 45.68 -536.17 -0.48 0.95 0.12 0.56 0.14 0.39 0.26
6.00 10.44 65.51 733.78 142.40 -0.57 -0.88 -0.54 0.32 0.12 0.35 0.95
22.00 80.16 -244.13 738.22 -143.69 0.78 -0.78 -0.25 0.95 0.74 0.61 0.59
10.00 1.91 -574.20 -287.61 451.04 0.15 0.69 0.02 0.67 0.55 0.06 0.33
7.00 2.11 -245.70 -103.82 -33.61 0.80 0.34 -0.90 0.72 0.82 0.73 0.74
6.00 10.82 61.75 606.69 -515.70 0.43 0.88 0.67 0.68 0.01 0.78 0.35
20.00 73.32 -288.85 -611.10 29.79 -0.12 0.30 -0.43 0.90 0.67 0.56 0.37
24.00 10.82 635.73 -256.40 -304.42 -0.93 0.29 0.66 0.86 0.08 0.41 1.00
9.00 12.60 446.87 19.97 465.25 0.74 -0.12 0.18 0.50 0.17 0.13 0.41
9.00 17.47 -62.94 590.30 -133.87 0.70 0.53 -0.38 0.01 0.79 0.26 0.48
11.00 30.91 -465.06 -159.79 -628.80 0.13 0.79 -0.25 0.84 0.23 0.28 0.34
8.00 0.77 -498.33 409.48 -436.16 -0.49 -0.23 0.77 0.62 0.78 0.53 0.05
9.00 7.75 453.89 -133.61 -444.95 0.38 -0.01 -0.01 0.95 0.42 0.17 0.08
7.00 10.93 -35.55 185.34 361.13 0.09 -0.32 -0.97 0.37 0.59 0.93 0.31
19.00 70.83 -206.88 260.87 668.97 0.70 -0.82 0.64 0.76 0.36 0.19 0.85
10.00 23.64 -265.77 -256.80 -220.63 0.33 -0.21 0.20 0.38 0.74 0.18 0.44
25.00 55.09 84.53 -442.33 -471.20 0.85 -0.22 0.26 0.42 0.35 0.69 0.40
11.00 23.52 225.65 250.58 519.74 0.70 0.45 0.41 0.24 0.70 0.35 0.24
7.00 5.55 178.64 45.16 326.30 0.62 0.49 0.95 0.94 0.86 0.95 0.40
22.00 103.92 -94.55 529.99 13.47 0.59 0.45 -0.48 0.66 0.75 0.90 0.12
8.00 6.68 125.27 -82.53 -643.92 -0.61 0.70 -0.20 0.84 0.39 0.99 0.47
11.00 6.37 -140.01 676.56 -321.04 -0.02 0.73 0.45 0.19 0.88 0.88 0.99
5.00 2.40 -226.56 378.98 -90.48 -0.31 0.10 0.87 0.81 0.14 0.12 0.68
38.00 148.91 -529.18 -443.93 -300.17 0.01 -0.48 0.21 0.45 0.17 0.09 0.07
9.00 12.98 329.18 35.22 266.84 0.64 0.18 -0.94 0.23 0.43 0.56 0.13
23.00 122.26 -443.31 186.01 -393.20 -0.44 -0.68 0.76 0.89 0.71 0.99 0.68
8.00 6.30 -98.55 -300.20 215.63 0.51 0.58 -0.43 0.57 0.33 0.87 0.27
21.00 34.86 628.16 84.21 75.10 -0.81 -0.78 0.92 0.43 0.03 0.96 0.34
11.00 17.47 7.90 401.53 326.04 -0.75 0.46 -0.55 0.54 0.49 0.13 0.10
11.00 22.04 -466.19 57.80 520.58 -0.60 0.24 -0.97 0.14 0.75 0.55 0.08
23.00 24.05 134.72 211.04 -645.86 -0.67 0.87 -0.51 0.33 0.06 0.59 0.83
5.00 2.59 -292.36 -280.16 -560.50 0.48 -0.07 0.12 0.53 0.34 0.31 0.64
18.00 63.65 74.20 -282.57 -403.18 -0.03 0.89 0.54 0.96 0.50 0.73 0.61
6.00 10.67 -358.43 -467.61 56.53 0.07 -0.94 -0.91 0.46 0.30 0.99 0.94
16.00 33.08 77.78 711.63 -113.01 -0.38 -0.51 -0.36 0.30 0.17 0.25 0.25
9.00 4.32 68.58 752.62 -20.80 0.52 0.13 0.47 0.80 0.69 0.57 0.37
13.00 28.74 133.72 749.19 -51.86 0.43 0.37 0.16 0.16 0.55 0.20 0.44
16.00 20.25 -329.18 703.67 165.84 -0.40 0.41 0.13 0.38 0.60 0.69 0.57
19.00 54.73 556.55 440.59 11.09 0.27 -0.48 0.47 0.34 0.73 0.21 0.60
10.00 23.94 105.16 -372.38 -419.64 -0.55 0.10 -0.18 0.03 0.88 0.82 0.38
10.00 20.21 189.37 230.94 -213.74 0.68 -0.42 0.37 0.73 0.34 0.27 0.26
7.00 8.32 -113.50 80.01 450.85 -0.45 -0.63 -0.01 0.65 0.62 0.34 0.69
18.00 40.90 -517.39 -123.90 561.08 -0.81 -0.78 -0.01 0.13 0.33 0.42 0.54
7.00 5.97 -339.44 -467.39 61.51 0.38 -0.01 0.47 0.88 0.94 0.85 0.86
6.00 3.69 48.83 334.38 -468.86 0.88 -0.21 -0.76 0.52 0.30 0.00 0.12
5.00 1.63 557.67 224.07 296.99 -0.43 0.96 0.36 0.87 0.84 0.53 0.64
21.00 112.78 517.43 -281.04 -529.65 0.64 0.44 -0.25 0.01 0.83 0.48 0.23
5.00 1.09 -573.65 231.20 371.54 -1.00 -0.94 -0.70 0.26 0.11 0.33 0.84
14.00 27.71 -344.48 322.40 -263.88 0.43 0.87 0.39 0.01 0.80 0.08 0.22
18.00 34.86 -287.55 246.53 -40.88 -0.48 -0.74 -0.69 0.29 0.89 0.71 0.66
8.00 16.01 408.39 303.51 -610.63 -0.90 -0.25 0.87 0.88 0.15 0.75 0.06
12.00 21.64 666.87 -124.86 -103.96 -0.02 0.76 -0.89 0.95 0.15 0.10 0.71
19.00 57.62 228.53 -558.39 140.59 -0.48 -0.84 -0.14 0.42 0.06 0.08 0.89
11.00 16.72 -361.52 -616.71 123.77 -0.86 -0.36 0.94 0.71 0.08 0.28 0.81
9.00 13.31 -33.39 470.73 592.01 -0.11 -0.83 0.66 0.15 0.19 0.96 0.33
8.00 14.63 -117.36 -539.05 304.24 0.24 0.20 -0.91 0.83 0.63 0.96 0.53
10.00 13.42 281.16 26.88 458.62 -0.53 0.95 -0.18 0.21 0.69 0.85 0.09
9.00 8.81 513.59 347.33 183.50 0.61 -0.71 -0.05 0.73 0.99 0.45 0.72
5.00 5.71 -488.56 -87.80 -620.69 -0.98 0.93 0.99 0.48 0.44 0.47 0.07
9.00 11.58 -361.08 343.90 -315.88 -0.21 -0.43 -0.10 0.58 0.94 0.15 0.89
5.00 4.80 -415.15 147.47 335.09 -0.73 -0.82 -0.62 0.71 0.49 0.73 0.20
8.00 5.38 -37.02 -8.80 -634.44 -0.93 -0.57 -0.32 0.96 0.91 0.08 0.59
13.00 28.06 157.84 -98.81 193.19 -0.34 -0.93 0.98 0.57 0.88 0.62 0.95
15.00 52.92 -33.95 -369.56 -125.31 -0.70 0.99 -0.66 0.19 0.05 0.87 0.51
15.00 66.64 536.78 414.79 -103.37 -0.88 -0.08 0.61 0.71 0.14 0.38 0.82
10.00 27.80 -52.63 -269.07 -201.95 0.68 -0.88 0.11 0.74 0.07 0.45 0.99
9.00 6.01 320.40 600.86 235.83 0.71 -0.42 -0.36 0.02 0.29 0.18 0.49
19.00 2.04 242.71 -695.27 291.90 -0.09 -0.66 -0.79 0.12 0.08 0.63 0.68
17.00 7.22 177.16 208.83 240.61 -0.33 0.37 0.49 0.83 0.06 0.79 0.10
28.00 215.99 -237.02 32.10 -613.11 -0.64 0.93 -0.19 0.90 0.52 0.55 0.70
37.00 373.41 147.06 -586.63 472.52 0.00 0.70 -0.82 0.97 0.35 0.79 0.03
14.00 45.08 427.01 2.07 -437.87 0.56 -0.23 0.14 0.51 0.94 0.81 0.37
18.00 79.80 -404.50 -257.84 -574.61 0.23 0.59 -0.97 0.20 0.11 0.19 0.54
36.00 44.58 491.57 77.15 424.11 0.28 -0.19 -0.20 0.18 0.49 0.69 0.85
15.00 12.82 294.81 -25.71 325.76 0.39 -0.54 -0.45 0.45 0.43 0.38 0.40
32.00 138.46 -583.13 -469.03 113.13 -0.37 -0.25 -0.14 0.97 0.73 0.22 0.43
15.00 30.25 -429.58 309.80 -441.66 -0.68 0.31 0.17 0.70 0.51 0.38 0.25
7.00 1.60 -17.97 -210.80 -541.20 -0.35 0.95 -0.61 0.12 0.27 0.77 0.99
10.00 14.48 235.81 57.47 242.19 0.75 0.22 -0.19 0.59 0.41 0.81 0.43
8.00 10.47 -279.00 -238.60 568.36 -0.69 0.58 -0.18 0.57 0.11 0.75 0.06
23.00 131.95 137.72 -96.72 -83.20 -0.82 0.95 0.38 0.88 0.04 0.46 0.23
7.00 14.76 567.15 563.32 -24.04 0.37 -0.97 0.10 0.63 0.08 0.73 0.93
25.00 109.77 485.83 -175.87 -188.98 0.03 0.64 0.79 0.45 0.84 0.12 0.43
7.00 4.13 197.05 520.90 546.37 -0.58 -0.23 0.02 0.66 0.27 0.59 0.66
16.00 3.29 -92.66 780.36 -119.68 0.94 -0.00 0.39 0.78 0.43 0.79 0.48
17.00 16.70 -700.88 -225.77 123.21 -0.92 0.04 -0.32 0.91 0.45 0.52 0.07
13.00 39.29 32.21 223.67 220.30 0.73 -0.22 0.65 0.95 0.91 0.15 0.75
8.00 11.49 -323.00 -379.07 512.94 -0.78 -0.86 0.05 0.13 0.68 0.57 0.07
5.00 2.84 778.88 -96.22 108.06 0.96 -0.98 -0.60 0.45 0.18 0.94 0.61
14.00 24.78 421.07 -474.67 -466.18 0.30 0.98 0.24 0.05 0.69 0.84 0.23
8.00 14.78 150.27 320.05 -512.54 0.44 -0.40 0.23 0.80 0.42 0.55 0.00
11.00 26.09 -773.74 114.80 -58.63 -0.20 -0.89 0.62 0.34 0.10 0.10 0.98
22.00 37.86 460.00 1.15 -42.87 -0.50 -0.51 0.90 0.41 0.87 0.23 0.74
14.00 5.40 469.70 -236.64 328.09 0.23 0.23 -0.23 0.17 0.46 0.30 0.34
6.00 4.33 19.43 333.12 607.20 -0.67 -0.13 0.05 0.41 0.79 0.10 0.96
8.00 2.20 -408.85 360.88 -222.29 -0.94 -0.55 -0.31 0.37 0.88 0.36 0.83
10.00 13.78 -540.29 -508.63 -212.42 0.16 0.60 0.43 0.78 0.55 0.95 0.21
5.00 3.18 -18.91 -189.69 718.90 -0.51 0.06 0.41 0.06 0.09 0.90 0.65
9.00 4.17 30.43 531.43 556.59 -0.24 -0.12 -0.05 0.73 0.42 0.83 0.51
8.00 7.67 -406.29 168.97 378.63 -0.91 0.53 0.35 0.47 0.62 0.34 0.70
11.00 2.67 -127.40 575.67 27.78 -0.67 -0.40 -0.01 0.17 0.98 0.47 0.43
8.00 3.34 225.24 269.53 -390.05 -0.40 0.71 -0.18 0.60 0.77 0.30 0.70
28.00 184.51 74.70 599.88 393.46 0.49 -0.83 0.60 0.96 0.95 0.63 0.41
19.00 23.73 -12.94 721.14 -221.73 0.21 -0.96 0.77 0.12 0.25 0.22 0.74
8.00 11.32 -13.95 397.42 71.86 -0.80 -0.48 0.84 0.65 0.34 0.87 0.26
5.00 1.36 2.86 217.62 -32.76 -0.51 0.87 0.96 0.91 0.55 0.23 0.25
8.00 18.74 302.86 -260.14 620.86 0.96 0.33 0.60 0.33 0.01 0.41 0.81
16.00 27.92 444.63 27.81 -143.96 -0.22 -0.65 -0.57 0.28 0.97 0.57 0.70
6.00 0.82 155.39 -629.00 100.88 0.26 -0.85 0.28 0.13 0.22 0.27 0.90
36.00 61.88 -184.49 -568.25 398.53 0.23 -0.87 -0.62 0.06 0.82 0.70 0.39
12.00 12.48 -488.68 -126.47 -136.55 -0.49 -0.25 -0.92 0.87 0.59 0.41 0.76
14.00 50.20 444.15 -247.58 163.89 -0.86 0.45 0.59 0.14 0.71 0.33 0.88
24.00 6.62 -699.47 226.61 -36.73 -0.99 -0.15 -0.40 0.06 0.23 0.93 0.57
8.00 2.83 -153.88 598.02 -484.78 0.06 0.25 -0.53 0.60 0.90 0.17 0.56
7.00 4.73 -302.83 -407.37 -296.73 0.33 0.61 0.38 0.22 0.20 0.52 0.78
11.00 27.43 118.73 -375.91 325.25 0.96 0.97 -0.84 0.80 0.32 0.63 0.75
11.00 27.42 189.27 73.32 -464.18 0.23 0.26 0.67 0.84 0.65 1.00 0.81
9.00 22.92 -101.83 211.62 88.24 -0.60 0.25 -0.68 0.62 0.62 0.34 0.38
10.00 0.35 107.97 -383.91 41.12 -0.44 -0.09 -0.24 0.46 0.26 0.09 0.85
7.00 13.23 210.61 413.24 -109.38 -0.23 -0.12 -0.09 0.30 0.89 0.87 0.21
14.00 22.57 -624.55 -73.38 -482.17 0.43 -0.59 0.99 0.59 0.12 0.53 0.87
26.00 97.03 324.96 428.31 335.41 -0.19 -0.07 -0.49 0.41 0.95 0.46 0.92
7.00 11.56 -92.62 74.65 487.52 0.39 0.48 -0.32 0.13 0.31 0.47 0.78
6.00 4.30 -490.45 256.65 -147.66 -0.21 -0.39 0.97 0.53 0.95 0.21 0.34
27.00 215.71 -409.70 626.33 271.46 0.14 0.32 -0.09 0.91 0.50 0.49 0.01
11.00 35.55 -508.11 55.27 -276.98 -0.15 0.10 0.78 0.67 0.10 0.76 0.15
12.00 9.94 30.88 -459.83 132.92 0.19 -0.97 0.08 0.87 0.41 0.95 0.00
20.00 113.76 239.51 306.87 691.96 -0.65 0.66 0.19 0.70 0.90 0.53 0.64
19.00 9.87 51.68 -650.27 -260.50 -0.61 -0.97 0.89 0.16 0.14 0.38 0.09
9.00 16.01 327.75 -460.95 565.12 -0.33 -0.55 -0.20 0.08 0.96 0.76 0.25
26.00 134.52 10.05 -612.56 -499.90 -0.87 0.23 -0.96 0.55 0.25 0.33 0.80
16.00 5.79 274.24 180.35 -620.97 0.42 0.09 -0.25 0.14 0.83 0.36 0.66
10.00 1.44 729.74 -227.26 -177.85 0.70 -0.69 0.71 0.31 0.37 0.74 0.30
8.00 10.47 -343.49 249.87 74.78 -0.88 -0.79 -0.11 0.84 0.15 0.83 0.51
6.00 10.48 71.53 -88.69 -373.80 0.87 0.74 -0.00 0.84 0.73 0.61 0.84
15.00 43.83 -423.18 71.48 -94.07 0.72 -0.50 -0.26 0.53 0.72 0.94 0.91
15.00 10.72 -317.59 66.21 -602.17 0.34 0.62 0.79 0.87 0.47 0.44 0.86
5.00 7.48 -66.00 -187.69 420.33 0.25 -0.03 -0.03 0.68 0.35 0.62 0.72
14.00 19.40 -372.53 215.54 -507.72 -0.07 0.81 -0.31 0.39 0.84 0.65 0.24
18.00 2.01 -415.94 -493.05 181.06 -0.54 0.89 -0.64 0.01 0.60 0.22 0.15
11.00 4.71 297.45 -248.19 -294.44 0.77 -0.41 0.44 0.41 0.04 0.66 0.63
7.00 10.33 63.06 685.27 223.40 0.84 0.16 -0.28 0.18 0.20 0.54 0.12
6.00 2.16 769.63 -7.56 -186.89 -0.26 0.70 0.78 0.79 0.93 0.32 0.28
9.00 22.41 -278.78 -212.24 571.38 -0.26 0.73 0.58 0.95 0.27 0.38 0.63
17.00 47.83 -550.12 0.15 -427.40 0.67 -0.49 0.09 0.52 0.27 0.95 0.37
6.00 0.33 -176.67 -7.37 634.79 0.54 0.85 -0.74 0.86 0.03 0.64 0.20
17.00 57.33 104.88 -465.33 -541.42 -0.99 -0.52 -0.09 0.48 0.76 0.03 0.81
15.00 56.73 241.58 -453.02 -412.34 -0.23 -0.94 -0.96 0.71 0.43 0.60 0.47
18.00 46.26 -264.28 567.15 472.42 0.17 0.09 0.22 0.48 0.70 0.38 0.83
8.00 15.94 -341.65 522.64 -132.68 0.61 -0.73 0.88 0.85 0.86 0.99 0.60
25.00 103.85 84.85 -608.37 93.04 -0.49 0.39 0.47 0.21 0.31 0.50 0.22
13.00 1.20 668.87 -14.87 -303.79 -0.69 0.02 -0.25 0.81 0.47 0.68 0.96
34.00 15.08 -24.15 621.11 483.15 0.95 0.01 0.03 0.60 0.25 0.48 0.88
16.00 70.78 229.27 668.69 -200.77 0.36 0.62 -1.00 0.49 0.19 0.92 0.96
8.00 17.20 547.55 445.84 216.55 0.93 0.09 0.88 0.81 0.30 0.57 0.96
7.00 12.02 -616.63 100.32 438.08 -0.63 -0.43 0.85 0.35 0.82 0.99 0.43
18.00 74.36 433.08 -178.83 521.11 -0.63 0.78 0.99 0.37 0.93 0.94 0.63
16.00 9.75 186.46 -158.05 -34.87 0.86 0.85 0.59 0.30 0.47 0.87 0.44
10.00 20.52 54.52 272.49 -526.30 -0.79 -0.71 -0.45 0.75 0.94 0.27 0.38
9.00 0.18 -197.47 -251.69 -432.40 0.74 0.76 0.44 0.41 0.47 0.56 0.10
19.00 38.44 -257.86 563.67 293.16 -0.92 -0.32 -0.39 0.54 0.96 0.68 0.44
13.00 46.84 -547.53 256.27 -202.28 -0.95 0.52 -0.85 0.15 0.63 0.41 0.92
11.00 22.45 -95.48 646.70 -163.97 -0.58 -0.67 0.55 0.81 0.45 0.27 0.45
13.00 9.00 -509.52 407.05 -275.03 -0.03 0.58 0.99 0.03 0.08 0.14 0.88
5.00 3.57 189.43 -237.08 -540.94 0.48 -0.18 0.53 0.83 0.91 0.20 0.69
13.00 28.20 158.90 270.77 162.38 0.56 0.94 -0.20 0.39 0.62 0.84 0.32
29.00 127.41 -68.60 -172.21 723.31 -0.40 -0.35 0.28 0.50 0.85 0.65 0.76
9.00 23.19 -568.80 223.48 -408.16 -0.63 0.71 -0.41 0.40 0.72 0.17 0.75
5.00 2.01 -640.30 158.34 -299.13 0.47 0.65 0.33 0.30 0.52 0.43 0.50
7.00 9.98 -594.42 328.83 -202.35 0.07 -0.29 0.09 0.29 0.32 0.45 0.28
10.00 28.09 -456.55 -440.68 273.79 0.67 0.94 0.01 0.83 0.96 0.32 0.56
25.00 19.66 551.18 511.81 -200.34 0.97 0.55 -0.20 0.35 0.98 0.80 0.13
18.00 1.59 697.97 164.56 -224.79 0.15 0.63 0.50 0.24 0.87 0.50 0.90
11.00 12.82 -309.64 99.63 -264.95 0.37 -0.21 0.42 0.62 0.46 0.80 0.06
32.00 259.53 -103.83 436.88 400.41 -0.63 -0.80 0.26 0.58 0.34 0.70 0.86
6.00 4.80 -397.98 131.77 -152.34 -0.41 0.14 -0.60 0.05 0.14 0.82 0.66
6.00 4.01 505.35 555.27 60.70 0.03 -0.62 0.36 0.78 0.17 0.12 0.04
15.00 19.01 351.81 -176.80 -570.85 0.67 0.42 0.38 0.91 0.11 0.07 0.90
11.00 32.54 -132.40 -334.04 -301.37 0.81 0.80 -0.90 0.93 0.02 0.88 0.16
8.00 10.65 -149.05 516.56 62.83 0.80 0.44 -0.33 0.91 0.31 0.66 0.79
11.00 21.80 -769.88 -45.26 86.58 -0.12 -0.52 0.30 0.16 0.43 0.91 0.67
5.00 0.67 98.57 568.72 -367.91 -0.01 0.36 -0.99 0.37 0.59 0.08 0.17
8.00 10.85 409.15 -544.26 362.35 0.66 -0.08 -0.95 0.31 0.83 0.82 0.72
7.00 4.95 -136.87 488.23 -230.60 0.79 0.83 0.36 0.27 0.28 0.22 0.52
9.00 15.46 -187.92 -448.11 -412.43 0.32 -0.93 -0.19 0.82 0.99 0.89 0.40
19.00 68.99 -162.13 251.70 -551.65 -0.47 0.24 -0.12 0.72 0.88 0.79 0.55
5.00 4.02 345.05 -220.18 -94.06 0.34 -0.60 0.46 0.80 0.27 0.63 0.79
13.00 31.79 570.16 24.96 -30.56 -0.87 0.37 -0.87 0.64 0.01 0.75 0.90
7.00 13.52 -426.86 -482.16 -1.20 -0.92 -0.93 0.93 0.92 0.31 0.04 0.05
5.00 4.33 258.17 -586.39 -179.17 -0.45 -0.94 -0.20 0.42 0.33 0.44 0.84
6.00 5.24 -0.86 38.47 -105.30 0.57 -0.80 -0.42 0.76 0.78 0.43 0.94
20.00 26.90 291.16 -566.08 -398.44 -0.30 -0.77 0.34 0.06 0.74 0.95 0.74
6.00 2.89 427.15 -364.50 83.60 -0.27 -0.27 0.42 0.00 0.27 0.19 0.51
17.00 77.05 261.04 -695.64 -15.80 -0.35 0.59 -0.37 0.29 0.87 0.13 0.24
7.00 6.64 166.53 -583.07 6.81 -0.25 0.65 0.67 0.10 0.77 0.79 0.51
9.00 11.27 -108.99 206.96 -206.17 -0.71 0.80 -0.90 0.85 0.13 0.23 0.04
7.00 0.32 99.76 -514.46 -242.77 -0.88 -0.14 0.87 0.73 0.42 0.83 0.80
25.00 79.80 -20.19 30.94 601.86 0.34 0.33 0.95 0.11 0.94 0.55 0.46
22.00 107.51 584.22 217.47 -497.72 0.05 -0.67 -0.74 0.00 0.15 0.46 0.70
7.00 6.51 610.54 91.12 210.02 0.83 -0.82 0.45 0.70 0.72 0.19 0.26
26.00 16.66 -216.11 424.75 -142.61 0.66 0.20 0.74 0.06 0.96 0.39 0.03
12.00 26.79 470.78 -266.73 165.77 0.50 0.57 -0.05 0.06 0.23 0.37 0.79
15.00 20.05 -129.21 84.39 -625.72 -0.32 0.02 -0.19 0.52 0.48 0.12 0.40
26.00 66.91 450.51 253.98 446.20 0.34 -0.42 -0.59 0.36 0.38 0.54 0.30
14.00 28.19 302.03 158.50 -641.91 -0.74 -0.24 -0.32 0.94 0.07 0.22 0.44
8.00 13.07 144.38 -253.43 -427.39 0.52 -0.03 0.09 0.13 0.90 0.36 0.22
17.00 62.78 -486.79 472.62 329.16 -0.99 -0.55 0.54 0.83 0.96 0.80 0.25
30.00 15.91 781.26 -74.93 53.11 -0.37 0.63 -0.56 0.22 0.05 0.66 0.62
12.00 12.06 -138.69 -318.68 -337.02 0.86 -0.90 0.44 0.82 0.42 0.90 0.66
12.00 16.94 -389.97 555.36 204.38 -0.92 -0.12 -0.92 0.68 0.51 0.57 0.92
6.00 6.57 135.04 -734.04 120.32 0.54 0.46 0.81 0.85 0.24 0.30 0.13
8.00 14.27 -578.63 247.12 -110.33 -0.03 -0.53 -0.67 0.61 0.94 0.23 0.06
16.00 70.22 -576.31 527.90 -169.58 -0.76 -0.16 -0.62 0.79 0.09 0.80 0.03
14.00 10.83 -411.96 -131.02 167.01 -0.76 -0.36 0.18 0.48 0.35 0.44 0.38
10.00 4.11 143.12 -247.21 217.52 -0.74 0.97 0.34 0.16 0.38 0.60 0.39
6.00 3.26 -627.31 -38.48 -118.08 0.54 -0.67 0.61 0.62 0.48 0.84 0.49
14.00 41.14 -132.92 139.62 -754.28 0.32 0.52 -0.32 0.79 0.97 0.98 0.74
15.00 9.60 217.19 450.69 342.07 -0.45 -0.43 0.27 0.90 0.34 0.82 0.66
15.00 54.03 347.64 -72.25 -219.04 0.65 0.28 -0.65 0.32 0.08 0.08 0.71
5.00 4.33 -701.89 71.43 -123.32 -0.83 0.47 0.03 0.61 0.57 0.39 0.99
11.00 15.69 68.40 653.84 -2.79 -0.73 0.47 0.46 0.57 0.54 0.26 0.56
12.00 2.81 -124.19 -109.84 417.07 -0.58 -0.78 0.50 0.48 0.92 0.89 0.81
16.00 24.69 -493.84 323.19 426.35 0.42 -0.80 -0.04 0.32 0.09 0.49 0.31
5.00 1.95 -102.36 523.58 -341.14 0.68 0.75 -0.82 0.83 0.97 0.31 0.96
7.00 13.20 -64.96 774.06 153.56 0.68 0.04 0.06 0.88 0.59 0.34 0.15
9.00 23.30 -213.55 -593.24 70.89 0.68 0.64 0.71 0.08 0.99 0.51 0.22
16.00 18.75 365.76 -240.27 53.42 -0.95 -0.25 -0.23 0.22 0.04 0.89 0.58
29.00 170.78 -404.79 376.68 14.96 0.64 -0.92 -0.71 0.00 0.87 0.74 0.34
13.00 2.99 184.01 -323.88 -392.36 -0.59 0.65 0.61 0.43 0.15 0.54 0.95
21.00 0.29 114.34 518.07 171.57 -0.87 0.40 -0.14 0.50 0.00 0.28 0.69
26.00 3.45 155.15 -78.67 -436.52 0.21 -0.99 -0.17 0.34 0.95 0.44 0.46
5.00 1.78 -593.99 -52.70 208.61 0.65 -0.85 -0.60 0.93 0.74 0.80 0.56
15.00 51.14 280.66 -282.90 -471.58 0.60 0.83 0.14 0.40 0.19 0.72 0.10
25.00 133.56 -273.73 -414.13 -546.12 0.66 -0.99 0.23 0.88 0.81 0.54 0.28
14.00 4.73 197.80 -419.51 -281.07 -0.45 0.79 -0.81 0.53 0.36 0.90 0.59
23.00 64.88 -195.27 -453.92 607.32 -0.01 0.53 0.13 0.84 0.43 0.98 0.34
5.00 4.91 100.47 480.70 627.76 0.15 -0.44 -0.19 0.82 0.48 0.02 0.90
17.00 27.85 -136.33 -154.26 355.21 0.20 -0.47 0.68 0.67 0.04 0.47 0.88
10.00 13.47 -244.28 505.23 -115.48 -0.46 0.44 -0.16 0.09 0.68 0.75 0.77
10.00 22.08 81.82 764.33 -176.13 0.79 0.83 -0.47 0.89 0.87 0.89 0.37
8.00 16.25 336.24 285.73 485.93 -0.90 -0.78 -0.35 0.42 0.70 0.96 0.84
14.00 30.09 -101.13 -26.64 397.93 -0.52 -0.90 0.53 0.38 0.11 0.30 0.85
7.00 2.84 -742.04 20.59 270.29 -0.51 0.55 -0.63 0.64 0.90 0.39 0.08
6.00 8.09 123.38 -57.86 -107.55 0.29 0.41 0.98 0.21 0.71 0.37 0.38
20.00 116.56 -425.40 -273.83 206.67 -0.22 0.69 -0.30 0.11 0.66 0.81 0.98
18.00 88.26 410.19 -147.93 257.80 0.99 0.47 -0.80 0.84 0.40 0.61 0.39
6.00 6.00 512.72 -68.41 -4.01 -0.36 0.69 -0.37 0.36 0.17 0.87 0.85
21.00 1.97 753.40 28.50 -193.17 0.17 -0.63 -1.00 0.72 0.12 0.20 0.40
16.00 28.53 553.24 202.83 -64.41 0.13 0.35 -0.98 0.29 0.15 0.42 0.03
16.00 44.28 -139.10 456.54 350.85 0.48 0.63 -0.61 0.98 0.80 0.87 0.13
31.00 46.55 -215.25 -742.60 -151.30 0.18 -0.50 0.69 0.21 0.56 0.73 0.08
9.00 2.21 182.25 92.08 304.71 -0.33 -0.07 0.02 0.15 0.69 0.53 0.60
10.00 26.58 273.63 -340.10 670.30 -0.41 0.37 -0.50 0.49 1.00 0.08 0.82
14.00 36.11 520.35 -126.34 379.37 -0.56 0.82 0.54 1.00 0.23 0.64 0.91
21.00 27.12 538.29 306.25 411.95 -0.80 0.35 -0.35 0.80 0.82 0.17 0.87
5.00 2.27 151.03 -334.34 379.20 0.56 -0.24 -0.96 0.43 0.93 0.64 0.85
9.00 5.29 106.71 -328.01 398.05 -0.39 -0.76 -0.50 0.64 0.71 0.05 0.26
28.00 83.35 -648.79 -58.77 435.72 -0.34 -0.88 -0.12 0.13 0.55 0.80 0.60
6.00 1.25 580.10 -93.65 108.66 -0.72 0.16 -0.22 0.37 0.46 0.41 0.92
38.00 48.50 -344.72 -3.04 667.08 0.60 0.78 -0.49 0.51 0.23 0.81 0.61
7.00 6.73 88.23 706.01 -276.93 0.52 0.10 -0.01 0.52 0.93 0.90 0.04
11.00 11.72 -446.81 29.89 356.71 -0.04 0.48 0.20 0.93 0.85 0.14 0.04
6.00 6.39 509.79 64.64 236.03 -0.97 -0.65 0.17 0.88 0.96 0.63 0.55
10.00 0.88 -34.01 256.16 201.46 -0.95 0.33 -0.07 0.15 0.03 0.72 0.14
6.00 6.23 -65.78 120.94 587.77 0.23 -0.26 -0.68 0.41 0.56 0.79 0.31
19.00 104.39 -352.06 220.94 242.78 0.08 -0.43 -0.70 0.81 0.29 0.06 0.17
6.00 7.36 626.67 52.78 437.97 0.73 -0.32 -0.64 0.12 0.19 0.84 0.89
6.00 6.85 -723.29 102.77 -166.66 0.12 0.34 -0.72 0.99 0.73 0.59 0.27
15.00 15.40 -650.25 142.16 341.41 -0.12 0.54 -1.00 1.00 0.21 0.56 0.27
16.00 9.62 -7.47 204.41 349.23 -0.04 0.64 0.18 0.19 0.36 0.15 0.56
15.00 0.16 -596.68 -465.33 -215.67 -0.33 -0.81 0.76 0.98 0.59 0.88 0.87
9.00 23.81 -172.42 233.41 -63.41 0.78 -0.02 -0.10 0.33 0.85 0.15 0.38
8.00 16.91 429.43 -3.08 594.50 -0.56 -0.16 0.51 0.92 0.24 0.71 0.68
7.00 12.37 -605.81 -325.27 -264.53 -0.71 0.64 0.63 0.42 0.89 0.22 0.39
38.00 187.70 -679.42 268.88 301.53 0.16 0.18 -0.67 0.78 0.93 0.44 0.51
17.00 85.29 650.10 358.10 -294.46 0.98 -0.13 -0.72 0.97 0.34 0.44 0.21
8.00 5.55 -383.80 450.83 258.31 0.16 -0.07 -0.75 0.90 0.89 0.47 0.24
9.00 14.66 -67.42 302.56 -151.53 0.58 0.55 -0.51 0.69 0.04 1.00 0.83
11.00 9.06 -71.73 -444.54 -274.80 0.21 0.34 -0.97 0.28 0.19 0.13 0.66
27.00 106.22 -456.29 360.44 -39.73 -0.74 -0.51 -0.63 0.53 0.85 0.15 0.17
18.00 45.88 -169.38 549.26 327.53 0.00 -0.90 -0.63 0.04 0.48 0.37 0.34
9.00 16.07 -28.57 114.07 -654.02 -0.36 0.68 -0.37 0.78 0.84 0.20 0.63
9.00 1.62 -758.88 140.65 -187.94 -0.45 -0.98 -0.58 0.55 0.23 0.26 0.70
19.00 92.23 -287.76 556.33 -143.86 -0.37 0.85 0.35 0.93 0.94 0.81 0.01
28.00 85.46 224.79 -161.71 -236.31 -0.43 -0.12 -0.80 0.42 0.69 0.90 0.94
21.00 115.86 -230.33 -127.94 -229.89 -0.89 0.36 -0.12 0.65 0.29 0.47 0.07
5.00 6.17 53.07 105.35 648.92 0.27 -0.86 -0.44 0.51 0.81 0.92 0.21
7.00 0.55 95.68 -219.64 -347.81 -0.06 0.10 0.42 0.03 0.35 0.44 0.40
15.00 48.93 255.06 -177.15 511.22 -0.12 -0.51 0.53 0.17 0.53 0.34 0.60
5.00 3.25 -625.54 165.97 21.87 0.81 -0.42 -0.64 0.27 0.18 0.71 0.02
13.00 9.33 -237.46 62.95 200.08 -0.80 0.89 -0.51 0.63 0.48 0.82 0.06
12.00 35.59 430.00 -345.46 78.43 0.55 -0.85 -0.49 0.46 0.19 0.40 0.38
13.00 20.07 535.24 -65.36 151.87 -0.76 0.43 -0.64 0.59 0.52 0.89 0.26
6.00 6.95 -155.52 -630.12 228.74 -0.94 0.19 -0.61 0.51 0.09 0.35 0.49
8.00 13.55 146.78 -192.59 426.38 0.12 0.49 0.26 0.63 0.57 0.74 0.26
9.00 12.96 720.20 94.02 17.37 0.30 0.95 0.07 0.89 0.05 0.50 0.73
17.00 85.10 62.59 667.84 -412.37 -0.74 -0.86 0.35 0.73 0.21 0.46 0.66
16.00 19.68 -394.05 631.28 -161.80 -0.24 0.40 -0.01 0.01 0.20 0.61 0.85
9.00 21.61 76.83 219.33 -564.16 -0.43 -0.27 -0.61 0.84 0.15 0.28 0.03
9.00 4.99 666.94 269.31 229.24 -0.94 0.71 -0.50 0.61 0.07 0.86 0.57
10.00 6.30 214.60 -20.18 -161.52 -0.09 0.10 0.79 0.08 0.25 0.80 0.71
13.00 11.34 669.85 26.42 44.00 0.77 -0.90 -0.21 0.78 0.94 0.20 0.23
12.00 39.24 302.44 54.24 153.82 -0.68 -0.46 -0.76 0.77 0.09 0.37 0.23
11.00 23.01 -51.02 314.11 627.72 0.97 -0.92 -0.20 0.02 0.25 0.88 0.36
12.00 30.86 -95.47 420.97 -78.96 -0.35 -0.29 0.19 0.88 0.71 0.82 0.60
18.00 37.77 -498.21 613.64 -104.39 0.44 -0.35 0.83 0.43 0.95 0.71 0.14
7.00 10.56 98.69 -359.43 26.85 0.57 0.48 -0.90 0.30 0.38 0.75 0.68
13.00 7.73 285.71 -22.26 -420.49 -0.14 0.90 -0.21 0.54 0.54 0.92 0.90
20.00 30.73 461.05 -365.69 75.86 0.06 0.30 0.19 0.32 0.09 0.58 0.88
6.00 8.51 -25.25 32.96 -526.19 -0.28 0.35 0.59 0.87 0.16 0.93 0.83
30.00 106.09 338.68 -140.56 -697.55 0.35 0.70 -0.47 0.34 0.55 0.17 0.53
11.00 36.58 -478.46 -101.83 -499.63 0.26 -0.76 0.01 0.08 0.93 0.42 0.78
24.00 7.03 287.29 133.16 463.22 -0.51 0.15 0.66 0.02 0.92 0.63 0.74
18.00 34.09 195.30 -429.08 -320.00 0.05 0.29 -0.14 0.25 0.38 0.48 0.33
10.00 13.07 -400.50 -70.71 44.13 -0.79 -0.24 0.78 0.08 0.46 0.94 0.41
14.00 40.06 -358.25 128.46 -587.95 -0.35 0.72 0.54 0.57 0.63 0.05 0.20
11.00 14.85 -258.12 -106.31 -124.47 0.10 0.32 0.62 0.63 0.25 0.06 0.24
11.00 29.50 505.12 -520.38 -184.40 0.87 -0.71 0.64 0.39 0.90 0.68 0.29
17.00 69.52 380.38 -589.38 -221.99 -0.26 -0.56 0.52 0.20 0.55 0.22 0.52
24.00 5.25 245.99 -293.28 170.39 0.08 -0.70 -0.33 0.98 0.62 0.44 0.67
14.00 7.11 223.24 -299.40 -106.94 0.73 0.61 0.83 0.11 0.14 0.92 0.57
30.00 109.88 -118.73 202.18 -22.29 0.45 0.11 -0.54 0.32 0.18 0.84 0.59
7.00 0.71 308.71 -159.72 -355.52 -0.15 -0.93 0.87 0.63 0.15 0.73 0.37
14.00 20.58 276.02 728.42 -33.13 0.17 0.73 -0.47 0.70 0.12 0.36 0.64
12.00 10.64 -89.09 330.87 170.65 -0.45 0.48 -0.13 0.09 0.28 0.56 0.60
30.00 55.90 -111.35 -758.35 127.60 0.50 0.98 -0.11 0.63 0.86 0.23 0.36
15.00 12.49 -325.88 100.44 55.36 0.81 -0.74 0.60 0.77 0.65 0.61 0.50
12.00 19.23 -155.55 386.43 304.04 -0.56 0.47 -0.43 0.73 0.31 0.05 0.60
7.00 7.55 623.29 -266.63 148.16 0.41 -0.41 0.36 0.92 0.84 0.81 0.20
17.00 21.00 -194.86 -557.27 80.26 -0.79 -0.36 -0.59 0.23 0.23 0.62 0.45
8.00 1.09 -246.87 -320.65 383.31 -0.19 0.64 0.30 0.35 0.09 0.06 0.76
25.00 38.83 225.62 -348.98 590.51 0.96 -0.55 -0.10 0.93 0.95 0.38 0.59
21.00 68.75 -24.59 -332.94 -635.60 0.70 0.83 0.04 0.49 0.81 0.76 0.15
22.00 82.26 -388.40 410.75 246.40 0.30 -0.61 -0.39 0.83 0.08 0.91 0.42
7.00 13.48 398.56 134.02 660.10 -0.70 0.73 -0.67 0.04 0.02 0.73 0.51
11.00 24.79 357.35 340.33 150.47 0.33 -0.70 -0.41 0.38 0.57 0.77 0.90
5.00 4.11 201.57 579.05 -287.36 0.89 0.81 -0.40 0.86 0.98 0.59 0.89
10.00 28.61 672.97 111.51 -236.25 0.90 0.30 0.83 0.80 0.01 0.71 0.96
7.00 12.57 -210.39 163.68 -230.39 0.24 0.03 -0.91 0.20 0.29 0.82 0.93
5.00 2.93 -27.49 491.42 78.03 -0.63 -0.27 -0.40 0.45 0.69 0.64 0.85
12.00 3.48 -165.03 -495.53 -248.24 -0.80 -0.82 -0.06 0.87 0.11 0.18 0.52
11.00 4.45 -423.56 -505.73 -281.03 -0.61 -0.23 0.43 0.10 0.60 0.08 0.99
11.00 35.29 -186.60 222.38 -269.45 -0.38 -0.83 0.99 0.07 0.88 0.31 0.17
13.00 26.10 -610.01 -406.70 -301.97 0.00 -0.26 -0.61 0.08 0.89 0.82 0.83
9.00 0.51 748.21 37.25 -249.39 0.15 0.93 -0.91 0.42 0.60 0.51 0.49
5.00 6.93 514.89 122.21 360.83 -0.79 0.67 -0.02 0.62 0.42 0.06 0.03
15.00 29.18 -206.29 238.91 -590.61 0.12 0.81 -0.62 0.25 0.55 0.11 0.29
15.00 2.16 -130.95 -607.68 -429.44 0.38 0.95 -0.23 0.92 0.75 0.07 0.39
11.00 12.42 -54.59 -636.96 477.04 -0.96 -0.24 -0.26 0.01 0.36 0.90 0.32
21.00 58.12 708.07 -89.10 -331.41 -0.99 0.72 0.74 0.61 0.35 0.14 0.28
7.00 7.69 -232.16 -511.81 -497.83 0.89 0.76 -0.65 0.28 0.72 0.33 0.99
22.00 11.52 88.44 581.38 -56.35 -0.99 -0.37 0.89 0.82 0.17 0.48 0.68
11.00 14.33 -117.06 249.02 708.78 0.24 0.26 -0.82 0.63 0.02 0.74 0.23
15.00 21.79 -346.73 350.68 -50.97 -0.11 -0.54 -0.27 0.75 0.27 0.20 0.58
5.00 1.60 -609.93 -50.95 -275.30 0.91 0.41 0.19 0.79 0.33 1.00 0.14
5.00 6.38 -375.84 4.61 282.73 0.45 0.87 0.31 0.37 0.92 0.49 0.53
16.00 1.13 -266.10 236.55 516.79 0.46 0.67 -0.65 0.28 0.54 0.44 0.24
11.00 36.16 274.81 -233.46 175.29 -0.33 0.02 0.21 0.92 0.28 0.77 0.97
30.00 155.76 -476.24 -176.00 -405.57 0.07 -0.12 -0.81 0.10 0.18 0.01 0.29
10.00 4.40 413.53 346.09 204.20 -0.93 -0.39 -0.33 0.85 0.94 1.00 0.32
13.00 12.21 -141.96 542.89 28.85 -0.76 -0.93 0.93 0.20 1.00 0.62 0.28
5.00 0.27 350.25 325.22 -424.69 -0.04 0.87 0.89 0.78 0.03 0.89 0.36
20.00 48.48 -486.06 -101.66 -391.73 -0.26 -0.99 -0.19 0.63 0.91 0.73 0.96
5.00 4.78 133.34 -429.49 373.89 -0.03 -0.81 -0.55 0.20 0.47 0.55 0.31
14.00 22.53 -642.63 -95.09 213.23 -0.04 0.11 0.51 0.95 0.60 0.11 0.64
12.00 0.12 -593.15 -241.71 321.93 -0.48 -0.07 -0.86 0.46 0.59 0.11 0.27
6.00 7.05 72.49 463.86 26.55 0.80 -0.67 -0.25 0.91 0.38 0.18 0.10
14.00 9.88 199.91 -24.26 182.52 -0.55 0.79 -0.47 0.35 0.72 0.98 0.25
30.00 208.22 -745.03 -39.07 33.97 0.79 0.53 0.31 0.77 0.96 0.76 0.79
7.00 8.91 318.53 12.70 107.95 0.63 0.95 0.50 0.03 0.80 0.35 0.00
7.00 7.36 -150.79 -487.59 180.19 -0.73 0.42 0.99 0.66 0.42 0.00 0.86
5.00 3.94 -353.71 191.72 101.07 0.16 -0.83 -0.69 0.56 0.56 0.24 0.15
19.00 25.41 -317.78 -24.11 -193.41 0.46 -0.93 -0.97 0.90 0.71 0.17 0.96
10.00 4.69 -35.48 127.13 -759.76 0.75 0.02 -0.30 0.70 0.83 0.71 0.22
12.00 27.42 250.05 377.75 485.03 0.82 -0.20 0.26 0.64 0.18 0.18 0.57
7.00 13.85 4.59 287.15 284.69 -0.46 -0.54 0.14 0.04 0.23 0.77 0.30
5.00 4.44 -617.39 473.01 144.55 0.06 -0.23 0.78 0.08 0.13 0.81 0.82
8.00 4.73 4.22 -720.97 -240.05 0.27 0.88 -0.25 0.45 0.45 0.73 0.92
8.00 11.53 118.53 233.48 95.17 -0.61 -0.99 0.01 0.24 0.78 0.66 0.84
6.00 8.10 -169.28 -256.85 -167.64 -0.23 -0.38 -0.03 0.62 0.57 0.92 0.07
5.00 2.31 -262.49 -349.10 -547.53 0.57 0.18 0.99 0.81 0.93 0.40 0.19
8.00 9.56 -112.12 -305.96 -283.23 0.04 -0.66 -0.27 0.44 0.05 0.78 0.55
11.00 34.82 -494.54 -243.09 -309.39 0.41 -0.36 -0.90 0.54 0.47 0.72 0.38
25.00 34.91 409.49 406.61 -91.61 -0.05 0.29 0.35 0.63 0.14 0.31 0.01
12.00 17.85 -355.12 -95.49 -540.31 -0.81 -0.96 -0.30 0.50 0.91 0.52 0.30
20.00 27.89 -374.49 -119.39 -234.76 -0.05 0.59 -0.78 0.61 0.36 0.53 0.91
30.00 196.22 -275.52 2.52 -694.62 0.92 -0.62 0.83 0.25 0.08 0.21 0.14
32.00 120.97 135.83 -451.09 535.60 -0.37 0.04 0.44 0.56 0.51 0.20 0.38
15.00 11.44 27.78 240.70 -6.49 -0.14 0.05 0.38 0.23 0.60 0.09 0.28
13.00 33.21 -293.76 40.74 176.53 0.59 -0.23 -0.16 0.27 0.37 0.18 0.13
8.00 2.62 100.98 -192.44 574.32 0.74 0.60 0.13 0.88 0.70 0.66 0.67
23.00 49.58 -550.39 -28.23 353.62 0.99 -0.99 0.18 0.53 0.64 0.58 0.88
6.00 0.97 5.31 -197.77 185.47 0.65 -0.48 0.73 0.08 0.43 0.67 0.20
5.00 7.12 -616.99 -336.83 13.25 0.92 0.32 -0.56 0.26 0.73 0.52 0.18
10.00 25.30 -711.29 265.13 -2.24 0.67 0.30 -0.55 0.55 0.03 0.49 0.11
5.00 5.11 284.89 420.79 -63.73 0.04 -0.19 0.46 0.43 0.95 0.19 0.49
22.00 76.49 -416.30 -106.35 -375.72 -0.23 0.06 0.10 0.12 0.02 0.75 0.83
6.00 2.13 23.33 256.13 -356.33 0.13 -0.72 0.12 0.10 0.34 0.96 0.14
22.00 63.59 428.32 5.00 250.27 0.27 -0.06 0.14 0.60 0.92 0.77 0.66
7.00 9.30 126.76 300.57 -140.22 0.19 0.55 -0.01 0.46 0.22 0.90 0.28
11.00 33.43 -517.57 98.16 -193.95 -0.52 -0.01 0.97 0.37 0.39 0.32 0.43
5.00 1.46 -113.86 360.36 -354.38 -0.66 -0.81 0.77 0.69 0.80 0.94 0.69
12.00 23.95 72.06 -475.45 -637.94 -0.34 -0.01 0.97 0.04 0.39 0.61 0.68
8.00 8.33 307.30 -83.25 490.81 -0.63 0.96 0.55 0.15 0.05 0.68 0.27
28.00 11.59 -377.07 -189.12 189.67 -0.27 -0.63 0.17 0.84 0.88 0.96 0.28
22.00 6.78 761.07 182.37 -86.26 -0.38 -0.14 -0.10 0.12 0.72 0.64 0.87
13.00 32.10 -309.87 276.06 -129.40 0.13 -0.88 0.16 0.38 0.44 0.40 0.27
20.00 97.77 -150.24 -492.48 106.53 0.94 0.78 0.49 0.31 0.57 0.11 0.33
14.00 2.97 -641.51 -253.04 118.68 0.60 -0.56 0.80 0.00 0.11 0.31 0.29
6.00 10.30 -32.79 -660.63 307.57 0.30 0.86 0.27 0.99 0.89 0.01 0.47
5.00 7.37 369.64 548.96 -234.98 0.26 -0.87 0.02 0.62 0.79 0.74 0.02
9.00 23.97 393.93 -359.63 485.14 0.56 -0.68 0.20 1.00 0.77 0.86 0.58
19.00 100.59 -90.66 -485.17 353.20 -0.29 0.47 -0.59 0.96 0.97 0.94 0.25
7.00 2.37 -356.11 -401.67 -391.98 -0.24 -0.62 0.98 0.52 0.36 0.87 0.34
28.00 176.29 -16.34 -237.44 16.22 0.20 0.18 0.15 0.41 0.23 0.20 0.16
14.00 33.06 398.42 581.79 261.28 0.43 -0.79 -0.21 0.58 0.25 0.32 0.04
18.00 54.98 -223.10 527.93 -272.43 -0.48 0.26 0.98 0.87 0.15 0.52 0.35
14.00 49.35 -150.60 -211.75 92.40 0.42 -0.98 0.15 0.40 0.72 0.37 0.53
8.00 0.82 281.34 -430.00 439.50 -0.66 0.28 -0.96 0.23 0.26 0.11 0.28
6.00 7.14 -268.29 -139.00 61.54 -0.11 -0.58 -0.54 0.02 0.38 0.15 0.13
10.00 20.64 -332.81 -97.23 -449.77 0.62 -0.91 -0.84 0.72 0.45 0.28 0.04
13.00 27.86 144.81 -623.58 -409.61 -0.40 -0.54 0.46 0.85 0.50 0.37 0.80
7.00 9.57 285.59 -406.09 447.28 -0.45 0.20 0.39 0.50 0.19 0.70 0.01
16.00 71.05 -212.71 -155.33 28.97 0.93 -0.25 0.27 0.48 0.89 0.03 0.40
7.00 10.78 435.82 316.50 342.38 -0.16 -0.53 -0.32 0.13 0.76 0.81 0.65
24.00 122.70 3.79 471.83 -403.91 0.36 -0.78 0.44 0.71 0.38 0.95 0.78
19.00 39.24 535.38 40.88 -136.68 0.17 -0.63 0.74 0.98 0.74 0.03 0.63
15.00 39.13 -480.88 2.67 -148.30 0.96 -0.12 -0.52 0.44 0.93 0.56 0.83
27.00 203.67 20.87 103.34 381.79 0.37 0.84 0.95 0.98 0.29 0.58 0.25
8.00 2.86 -404.96 -257.76 443.42 0.78 -0.54 0.98 0.60 0.99 0.20 0.24
35.00 125.86 657.81 -235.43 224.10 0.42 0.29 0.59 0.51 0.94 0.15 0.04
14.00 39.06 -67.30 113.46 -23.35 0.12 -0.14 0.93 0.80 0.15 0.23 0.45
12.00 5.46 687.28 314.90 152.46 0.32 0.52 -0.66 0.15 0.88 0.58 0.26
8.00 7.62 -276.46 309.48 -571.83 -0.10 0.99 -0.37 0.42 0.60 0.87 0.53
21.00 28.31 124.45 479.11 429.36 -0.19 -0.88 -0.68 0.16 0.41 0.18 0.07
11.00 20.33 219.85 -361.80 486.80 -0.13 -0.30 -0.98 0.17 0.96 0.00 0.35
7.00 3.09 116.73 506.29 553.04 -0.28 0.09 -0.54 0.01 0.90 0.65 0.44
6.00 4.34 52.31 -266.92 -746.72 0.07 -0.23 -0.88 0.71 0.55 0.28 0.40
11.00 19.69 -93.38 562.67 -115.27 0.33 0.09 -0.23 0.39 0.89 0.19 0.48
29.00 164.82 140.62 396.45 135.23 0.33 -0.20 -0.22 0.83 0.98 0.87 0.15
8.00 5.11 330.68 290.69 -37.52 0.52 0.09 -0.55 0.13 0.52 0.68 0.10
38.00 328.58 580.41 319.72 -39.45 -0.00 0.74 -0.64 0.13 0.88 0.09 0.91
36.00 141.49 431.56 614.19 113.59 0.47 -0.02 -0.23 0.88 0.88 0.53 0.11
5.00 5.60 -114.24 427.59 345.73 -0.16 0.12 -0.66 0.41 0.21 0.20 0.74
10.00 14.51 -361.13 20.71 -162.93 0.36 -0.48 0.27 0.77 0.09 0.76 0.55
23.00 107.11 390.47 253.50 494.36 -0.43 0.73 0.25 0.78 0.93 0.89 0.83
5.00 4.63 537.84 432.60 59.18 0.06 -0.57 -0.32 0.81 0.56 0.15 0.02
38.00 301.82 232.00 -409.72 381.29 -0.40 0.90 -0.18 0.70 0.04 0.78 0.86
7.00 3.39 545.59 -315.59 392.27 0.35 -0.27 -0.87 0.61 0.10 0.12 0.02
12.00 26.86 -380.29 -197.94 255.69 -0.64 -0.44 -0.77 0.22 0.95 0.77 0.40
13.00 24.89 582.41 56.81 -299.65 0.62 0.54 0.08 0.88 0.77 0.12 0.23
14.00 25.63 26.32 562.84 198.88 -0.55 -0.94 0.63 0.98 0.05 0.91 0.20
11.00 31.18 -561.77 8.96 166.74 -0.82 0.80 0.07 0.69 0.80 0.15 0.15
7.00 1.33 369.63 114.87 281.62 -0.88 0.07 -0.67 0.31 0.36 0.53 0.89
22.00 8.63 360.12 -479.53 -306.87 0.05 0.26 -0.67 0.67 0.24 0.53 0.69
12.00 1.51 -40.52 -494.25 362.26 -0.58 -0.22 0.55 0.12 0.61 0.07 0.80
9.00 2.64 -61.20 402.20 352.51 -0.24 -0.47 -0.70 0.78 0.27 0.64 0.08
19.00 3.55 223.88 9.09 -553.03 -0.23 -0.30 0.73 0.42 0.68 0.64 0.91
15.00 48.85 2.17 -352.03 -697.46 0.48 0.72 -0.41 0.52 0.20 0.48 0.43
11.00 10.60 -260.06 -223.36 17.61 0.19 0.99 -0.80 0.12 0.21 0.25 0.16
5.00 4.63 408.95 -375.33 399.80 -0.16 0.30 0.04 0.60 0.94 0.38 0.56
9.00 7.90 -458.02 -623.98 -148.02 0.66 -0.36 -0.47 0.42 0.13 0.70 0.16
23.00 101.75 197.10 -561.02 215.12 -0.25 -0.17 -0.58 0.45 0.44 0.71 0.51
36.00 248.75 2.16 -307.77 276.60 -0.76 -0.55 -0.82 0.91 0.22 0.86 0.87
29.00 154.08 183.46 320.04 -374.21 -0.19 -0.04 0.42 0.33 1.00 0.30 0.11
14.00 9.91 -196.82 180.54 534.42 -0.28 0.54 -0.82 0.72 0.88 0.01 0.71
14.00 34.26 -412.33 -628.74 -199.88 0.63 0.21 -0.69 0.79 0.32 0.79 0.78
35.00 25.28 128.26 -434.02 -127.93 0.86 0.89 -0.32 0.69 0.98 0.50 0.04
15.00 5.96 -160.30 -644.68 276.44 -0.73 -0.43 -0.94 0.94 0.18 0.23 0.61
18.00 80.09 -521.34 -152.57 398.20 0.96 0.63 -0.10 0.83 0.04 0.61 0.76
21.00 77.69 -354.89 393.34 103.34 -0.67 -0.69 0.06 0.82 0.35 0.85 0.88
7.00 11.87 8.30 -581.12 -521.96 0.94 -0.20 -0.65 0.90 0.40 0.00 0.69
11.00 2.33 -349.24 355.01 -176.78 -0.34 -0.20 0.25 0.28 0.72 0.95 0.94
10.00 26.94 -492.01 -375.73 143.69 0.63 -0.32 0.59 0.86 0.69 0.53 0.74
6.00 0.30 91.46 -21.93 361.26 -0.81 0.83 -0.16 0.20 0.08 0.55 0.60
15.00 36.08 -127.80 -336.42 -449.86 -0.94 -0.29 0.93 0.42 0.05 0.57 0.35
6.00 1.55 -125.28 150.23 -396.04 0.90 0.37 0.53 0.80 0.73 0.46 0.21
12.00 22.08 -227.24 689.39 68.99 -0.45 0.34 -0.25 0.44 0.88 0.12 0.10
5.00 0.73 -436.75 224.96 -604.88 0.50 0.37 -0.20 0.92 0.50 0.63 0.81
25.00 132.17 576.04 -236.73 -383.99 0.49 0.51 0.45 0.73 0.33 0.32 0.92
24.00 126.34 332.23 -230.86 280.67 -0.14 0.62 -0.64 0.17 0.77 0.36 0.74
25.00 18.37 -72.61 217.92 45.54 0.76 0.00 0.74 0.79 0.67 0.16 0.27
6.00 7.73 -437.36 358.22 455.20 0.01 -0.03 0.39 0.29 0.64 0.45 0.01
20.00 26.50 -317.65 -327.09 -295.02 -0.42 -0.42 0.21 0.94 0.07 0.79 0.46
26.00 84.30 620.10 231.70 19.97 0.34 0.50 -0.67 0.52 0.05 0.62 0.74
6.00 4.65 -516.46 135.30 -288.30 0.53 0.39 0.42 0.28 0.06 0.51 0.37
11.00 11.04 101.98 204.99 -551.28 0.40 0.61 0.86 1.00 0.00 0.23 0.35
25.00 157.62 277.87 -634.10 -298.53 0.51 0.46 0.74 0.64 0.42 0.93 0.81
11.00 34.50 -600.38 253.53 436.97 0.37 0.01 0.42 0.06 0.37 0.45 0.08
38.00 405.12 -324.62 413.18 -382.86 0.91 -0.73 0.15 0.95 0.56 0.82 0.49
19.00 58.17 -31.18 416.73 -514.24 0.32 0.34 -0.90 0.02 0.83 0.81 0.62
9.00 0.03 -283.26 7.74 646.44 0.10 -0.26 0.99 0.14 0.72 0.89 0.03
8.00 2.69 -281.18 128.95 367.38 -0.43 0.18 0.81 0.76 0.34 0.48 0.40
7.00 11.72 -622.61 -74.72 -292.48 0.29 0.38 0.76 0.64 0.34 0.50 0.05
5.00 1.21 -163.31 654.12 -176.29 -0.98 0.90 -0.17 0.51 0.16 0.96 0.03
9.00 18.38 -255.73 332.62 192.18 0.75 0.74 0.19 0.56 0.69 0.05 0.12
11.00 14.91 48.59 623.03 -241.40 0.48 0.81 0.82 0.45 0.65 0.62 0.96
10.00 6.95 25.25 404.06 -425.58 0.26 -0.53 0.02 0.16 0.21 0.38 0.36
12.00 6.69 -322.16 139.90 -244.04 0.95 -0.63 -0.96 0.33 0.40 0.24 0.12
37.00 233.06 -49.75 466.72 -548.30 -0.03 0.16 0.12 0.83 0.83 0.98 0.16
19.00 105.15 676.18 -215.01 327.81 0.43 0.29 -0.36 0.12 0.84 0.10 0.95
17.00 10.15 286.53 -632.69 53.45 0.74 -0.58 0.74 0.16 0.67 0.40 0.99
6.00 1.10 -413.40 58.54 -465.93 -0.74 -0.66 0.96 0.33 0.89 0.75 0.71
10.00 11.23 128.24 -269.63 340.44 -0.34 0.62 -0.46 0.95 0.33 0.15 0.80
6.00 1.45 157.56 300.31 451.86 0.18 0.22 0.63 0.97 0.57 0.83 0.24
7.00 11.77 -460.86 108.10 608.56 0.50 0.48 0.73 0.91 0.56 0.56 0.29
5.00 6.81 77.69 306.32 408.87 0.15 -0.42 0.01 0.32 0.95 0.64 0.11
18.00 67.06 267.23 -710.32 63.42 1.00 -0.22 0.77 0.57 0.12 0.17 0.27
22.00 137.36 456.94 271.56 257.54 0.97 -0.84 -0.16 0.56 0.54 0.94 0.68
13.00 6.39 -389.13 -55.62 8.80 0.86 0.38 0.91 0.11 0.11 0.98 0.45
39.00 114.96 596.68 -338.30 -262.33 0.34 -0.95 -0.10 0.87 0.87 0.40 0.86
16.00 57.58 355.76 294.98 -227.19 -0.84 -0.09 0.89 0.10 0.20 0.04 0.77
22.00 88.67 33.23 -599.96 -33.88 0.26 0.49 0.33 0.93 0.50 0.03 0.40
8.00 10.81 758.22 -175.41 -60.26 0.89 0.18 -0.16 0.72 0.97 0.74 0.80
24.00 151.16 71.40 307.96 -107.90 0.05 0.02 -0.32 0.74 0.62 0.88 0.45
12.00 13.16 16.35 -425.46 106.27 -0.85 -0.68 -0.42 0.11 0.49 0.30 0.63
7.00 10.82 -98.12 -379.56 -540.12 0.72 -0.22 -0.37 0.67 0.11 0.31 0.47
8.00 10.29 136.52 -48.80 161.10 -0.14 0.04 -0.86 0.04 0.42 0.69 0.50
22.00 32.76 -32.56 71.48 536.49 -0.07 -0.09 -0.25 0.67 0.28 0.37 0.75
16.00 29.95 422.48 91.95 -653.78 -0.29 0.78 -0.30 0.54 0.15 0.62 0.82
5.00 5.41 -46.91 -533.72 -564.38 -0.05 0.47 0.88 0.18 0.49 0.16 0.68
19.00 74.17 -243.10 -26.52 -496.95 -0.22 -0.28 0.20 0.90 0.94 0.84 0.16
12.00 12.48 -702.95 180.82 213.96 0.65 0.79 -0.69 0.02 0.40 0.20 0.89
5.00 2.27 -125.69 319.04 -195.60 0.43 -0.18 -0.41 0.96 0.66 0.86 0.50
5.00 7.30 551.88 122.63 241.99 0.89 -0.04 -0.83 0.97 0.54 0.26 0.11
7.00 10.00 -351.17 -190.67 101.21 0.46 -0.41 -0.04 0.87 0.76 0.05 0.78
19.00 107.86 -332.40 663.44 -243.51 0.03 0.08 0.68 0.66 0.64 0.07 0.76
16.00 39.08 -368.04 479.56 -294.18 -0.48 -0.97 0.79 0.10 0.52 0.42 0.56
24.00 98.22 284.41 -241.16 -604.12 -0.10 0.90 0.24 0.46 0.51 0.74 0.75
20.00 23.96 453.36 -350.14 485.79 0.91 -0.99 -0.18 0.32 0.90 0.90 0.65
21.00 18.68 -407.59 113.79 -637.52 0.09 -0.66 -0.30 0.77 0.06 0.36 0.05
14.00 6.95 -373.53 -9.98 -352.62 -0.80 -0.48 -0.71 0.69 0.25 0.61 0.64
9.00 20.87 435.45 207.40 -412.88 -0.00 0.63 -0.23 0.38 0.02 0.53 0.34
5.00 4.76 199.09 194.22 -106.67 0.52 0.51 -0.97 0.30 0.11 0.14 0.93
10.00 14.70 153.14 -204.44 166.50 0.17 0.12 -0.36 0.20 0.83 0.11 0.59
6.00 7.20 -330.93 -408.83 -292.30 -0.64 -0.65 -0.64 0.61 0.24 0.06 0.40
5.00 1.74 438.54 -402.70 -381.37 0.30 -0.89 0.69 0.97 0.36 0.96 0.79
7.00 6.01 90.59 386.52 47.03 -0.80 0.51 0.73 0.00 0.84 0.08 0.10
5.00 2.55 -112.69 524.42 -271.18 -0.18 -0.93 -0.85 0.50 0.17 0.04 0.66
7.00 4.23 258.32 -336.82 564.15 0.49 -0.01 -0.98 0.53 0.61 0.25 0.77
14.00 5.32 -214.16 425.46 -353.46 -0.28 0.45 -0.67 0.57 0.89 0.51 0.06
11.00 25.22 129.42 236.46 -301.28 -0.54 -0.94 0.55 0.49 0.61 0.46 0.67
19.00 17.13 -395.99 -212.81 7.27 -0.02 0.96 -0.66 0.38 0.98 0.28 0.49
15.00 0.59 -711.69 291.04 -98.47 -0.30 -0.68 -0.84 0.16 0.47 0.12 0.68
11.00 24.54 13.56 -474.78 -301.95 -0.32 -0.21 -0.70 0.35 0.77 0.91 0.57
9.00 14.87 576.73 224.18 -434.46 0.02 -0.10 0.19 0.73 0.62 0.47 0.97
13.00 36.47 215.71 -703.35 86.70 0.11 -0.85 0.97 0.08 0.99 0.28 0.08
11.00 10.23 -69.06 -457.07 437.36 -0.55 0.97 0.20 0.90 0.92 0.73 0.54
7.00 9.98 561.39 445.21 -250.04 0.67 0.71 -0.34 0.82 0.20 0.77 0.17
6.00 5.45 94.14 138.71 -23.44 0.60 0.26 -0.51 0.39 0.61 0.97 0.07
21.00 81.60 -713.59 -221.20 -136.12 0.96 0.76 -0.04 0.16 0.12 0.27 0.70
8.00 3.06 63.23 249.19 217.63 0.98 -0.59 -0.05 0.23 0.60 0.33 0.25
30.00 270.47 -552.43 472.22 294.50 -0.52 0.47 -0.42 0.65 0.11 0.05 0.41
22.00 3.79 -163.60 28.40 630.41 0.93 0.13 -0.37 0.48 0.17 0.34 0.11
15.00 7.02 365.87 -324.40 -31.55 0.62 0.03 -0.79 0.30 0.29 0.14 0.46
13.00 50.81 -251.03 357.60 -52.21 -0.18 -0.33 -0.08 0.34 0.32 0.40 0.23
28.00 6.84 -261.47 -740.49 102.03 0.65 0.25 -0.63 0.35 0.21 0.77 0.16
9.00 16.88 -637.26 421.09 -92.91 0.39 -0.49 -0.82 0.69 0.05 0.49 0.55
6.00 9.66 -651.36 293.28 -115.28 0.31 0.39 -0.61 0.87 0.03 0.85 0.85
14.00 46.47 -32.97 131.65 144.47 -0.33 0.11 -0.22 0.72 0.91 0.37 0.23
18.00 26.20 757.94 225.60 -34.54 -0.83 0.13 0.58 0.94 0.83 0.27 0.21
15.00 62.04 -534.75 269.56 249.19 0.49 -0.80 -0.89 0.31 0.16 0.16 0.70
8.00 4.59 148.68 81.04 661.64 -0.77 -0.31 -0.79 0.42 0.46 0.10 0.75
14.00 6.88 -140.16 -207.90 246.54 0.19 0.09 0.84 0.42 0.77 0.66 0.59
13.00 11.03 29.86 316.54 -96.91 -0.86 0.30 -0.85 0.57 0.89 0.95 0.38
21.00 83.04 126.46 215.86 -473.31 -0.97 -0.77 0.90 0.93 0.71 0.26 0.14
10.00 2.61 95.54 691.92 -219.87 -0.01 -0.45 0.45 0.56 0.15 0.48 0.47
6.00 8.09 189.34 -597.35 -177.90 0.13 -0.80 -0.70 0.18 0.39 0.59 0.39
19.00 19.61 301.52 -154.42 -486.34 0.17 -0.69 0.66 0.82 0.07 0.52 0.17
5.00 6.62 -87.97 -33.52 295.41 -0.14 -0.74 0.67 0.70 0.79 0.58 0.12
7.00 2.73 343.42 108.86 -109.62 0.39 -0.89 -0.27 0.84 0.24 0.50 0.78
7.00 5.75 -54.18 637.24 -157.83 0.32 -0.75 -0.33 0.74 0.89 0.13 0.83
25.00 11.20 133.51 -250.11 412.12 0.39 0.48 0.98 0.26 0.37 0.81 0.19
5.00 5.99 37.37 -345.47 483.66 0.51 0.22 0.40 0.95 0.38 0.47 0.69
13.00 16.74 -241.60 -430.30 624.61 0.87 0.17 0.51 0.75 0.86 0.36 0.38
7.00 2.32 -515.38 -258.43 -9.79 0.95 0.19 -0.40 0.47 0.62 0.55 0.25
9.00 9.15 666.21 15.62 110.67 0.67 -0.04 -0.24 0.10 0.24 0.52 0.96
5.00 3.41 -67.50 665.07 -80.30 -0.56 0.65 -0.30 0.00 0.22 0.46 0.76
11.00 9.00 -35.04 11.95 -737.62 -0.59 -0.13 -0.73 0.02 0.37 0.73 0.72
6.00 4.29 -454.23 -154.87 635.29 -0.64 0.77 -0.69 0.36 0.68 0.31 0.20
7.00 6.76 -310.03 292.47 254.63 -0.43 -0.68 -0.74 0.61 0.16 0.60 0.02
10.00 23.80 577.11 -512.42 21.37 -0.46 0.55 -0.38 0.45 0.03 0.99 0.57
16.00 12.63 310.32 87.22 523.81 -0.28 0.92 -0.32 0.97 0.63 0.52 0.13
7.00 1.33 247.59 -352.28 156.28 -0.99 0.03 0.45 0.80 0.23 0.66 0.58
15.00 22.27 -757.69 4.79 -243.97 -0.05 -0.07 -0.98 1.00 0.61 0.90 0.19
8.00 12.61 -54.71 -771.07 164.60 0.90 0.31 -0.96 0.47 0.29 0.06 0.11
13.00 18.05 -437.86 347.22 -368.25 0.76 -0.17 -0.33 0.81 0.81 0.99 0.52
22.00 109.09 -304.50 529.11 313.82 -0.38 -0.29 0.29 0.71 0.84 0.74 0.64
11.00 0.87 -469.06 -271.14 -229.98 -0.22 -0.70 -0.43 0.41 0.90 0.54 0.97
16.00 31.04 342.29 696.91 -46.63 0.63 0.11 -0.54 0.65 0.34 0.39 0.53
5.00 4.74 -262.46 -397.34 -330.85 -0.24 -0.09 -0.95 0.47 0.05 0.42 0.48
23.00 112.22 -512.99 -479.62 -165.11 0.07 -0.32 -0.07 0.08 0.59 0.98 0.04
8.00 5.73 -139.14 -355.43 -165.06 0.29 0.39 -0.65 0.42 0.34 0.82 0.80
16.00 51.28 -248.31 -347.99 -287.79 -0.98 -0.94 0.37 0.54 0.26 0.23 0.28
15.00 66.33 -132.43 -27.44 -575.95 -0.89 -0.42 0.26 0.00 0.85 0.71 0.83
11.00 32.99 -485.89 -51.79 -315.61 0.39 -0.19 -0.60 0.14 0.38 0.63 0.57
5.00 0.11 318.67 313.45 222.23 -0.78 0.25 -0.19 0.55 0.58 0.63 0.63
5.00 7.43 557.64 323.14 -209.33 -0.82 0.47 0.62 0.99 0.59 0.56 0.04
8.00 1.16 -46.93 260.36 399.34 -0.67 -0.44 0.91 0.42 0.03 0.60 0.97
15.00 34.19 -371.08 472.64 -438.96 0.33 -0.67 0.25 0.78 0.21 0.19 0.96
16.00 59.79 -434.47 105.07 133.85 -0.87 0.51 -0.41 0.77 0.63 0.85 0.03
12.00 13.35 356.89 449.61 -117.97 0.29 -0.71 -0.36 0.01 0.04 0.73 0.87
21.00 33.30 249.14 271.39 -167.33 0.73 0.24 -0.51 0.55 0.86 0.32 0.60
17.00 62.39 -98.89 -215.33 -738.46 -0.30 0.52 -0.64 0.94 0.39 0.16 0.82
19.00 34.97 -681.44 -73.75 -241.88 -0.84 -0.27 -0.22 0.64 0.56 0.93 0.35
13.00 8.41 -208.58 60.08 -765.66 -0.21 -0.48 0.26 0.33 0.20 0.32 0.13
8.00 4.89 533.49 8.87 -436.71 -0.58 -0.09 0.83 0.31 0.23 0.51 0.61
13.00 6.11 93.45 181.38 -277.41 -0.51 0.35 -0.06 0.78 0.44 0.20 0.01
18.00 36.87 -445.15 18.20 -594.76 -0.64 -0.53 0.96 0.29 0.23 0.60 0.85
22.00 16.29 52.67 -238.19 -352.88 0.34 0.04 -0.53 0.86 0.15 0.52 0.49
7.00 12.95 507.08 48.05 138.17 -0.80 0.10 0.99 0.91 0.33 0.27 0.60
8.00 13.88 -118.61 -129.41 -233.68 -0.24 -0.49 0.34 0.50 0.79 0.52 0.70
9.00 22.75 566.72 -173.79 -229.71 -0.56 0.85 0.36 0.44 0.57 0.95 0.51
16.00 24.82 -343.12 320.93 537.88 0.52 1.00 0.65 0.79 0.23 0.67 0.78
13.00 44.48 536.88 290.32 -196.40 -0.56 -0.87 -0.26 0.04 0.49 0.39 0.98
22.00 128.19 -346.41 -34.27 564.34 0.00 -0.36 0.89 0.21 0.15 0.83 0.55
9.00 5.54 -673.62 287.50 -287.17 0.74 -0.18 0.73 0.44 0.33 0.25 0.65
15.00 56.75 -270.06 -507.93 -160.47 0.60 0.86 -0.10 0.00 0.87 0.04 0.91
7.00 9.52 37.05 -166.79 -489.78 0.21 -0.31 0.40 0.20 0.68 0.74 0.36
19.00 20.81 533.90 448.35 -361.03 -0.23 -0.16 -0.88 0.54 0.83 0.24 1.00
11.00 30.89 166.15 2.86 275.37 0.85 0.14 -0.49 0.98 0.47 0.43 0.75
11.00 14.40 -58.43 209.04 -164.92 -0.23 0.94 -0.08 0.58 0.70 0.26 0.06
24.00 73.87 219.48 221.87 310.79 -0.66 0.98 0.97 0.11 0.24 0.93 0.29
10.00 6.86 -468.65 -498.31 -312.93 0.78 -0.58 0.28 0.62 0.97 0.21 0.58
15.00 32.63 -78.08 -414.70 585.92 0.93 0.71 -0.32 0.73 0.27 0.48 0.20
6.00 2.67 338.49 344.40 -86.70 -0.93 0.99 0.24 0.24 0.33 0.25 0.07
9.00 23.79 284.28 50.52 -147.99 0.50 -0.59 0.26 0.70 0.80 0.96 0.27
9.00 7.75 -425.96 108.25 32.87 0.69 -0.81 0.35 0.89 0.20 0.08 0.67
11.00 1.73 -352.43 105.06 -417.38 0.28 -0.94 -0.05 0.63 0.81 0.43 0.33
10.00 22.46 305.48 -192.03 35.15 -0.54 0.04 -0.79 0.22 0.25 0.84 0.97
9.00 23.23 273.30 451.69 -349.05 -0.52 -0.61 0.99 0.40 0.78 0.20 0.21
8.00 6.56 516.65 167.07 511.25 0.78 -0.02 -0.89 0.41 0.44 0.06 0.15
7.00 11.60 193.81 249.17 -327.84 0.24 -0.37 -0.23 0.81 0.17 0.95 0.35