15.64 973
12.00 13.00 582.50 -148.16 427.29 -0.05 0.31 0.16 0.68 0.77 0.15 0.38
12.00 41.12 -690.51 -41.68 157.93 -0.43 -0.91 0.99 0.35 0.70 0.98 0.53
15.00 39.14 -480.65 208.15 494.65 -0.70 -0.89 0.54 0.97 0.97 0.51 0.96
11.00 35.15 618.24 -487.99 -29.53 -0.77 -0.26 0.16 0.05 0.69 0.28 0.32
17.00 79.02 -194.86 -557.27 80.26 -0.56 0.29 0.13 0.42 1.00 0.02 0.23
32.00 282.98 17.23 -268.58 -514.60 0.96 0.20 -0.65 0.71 0.11 0.53 0.40
15.00 3.00 312.54 -75.60 133.49 0.76 0.33 -0.91 0.00 0.06 0.70 0.52
5.00 3.36 -427.17 -298.28 -22.72 -0.44 0.57 0.72 0.31 0.22 0.80 0.89
27.00 25.11 115.53 182.34 -597.18 0.89 -0.19 0.72 0.13 0.84 0.10 0.83
31.00 74.66 84.22 -170.59 222.76 -0.92 -0.11 0.65 0.15 0.21 0.91 0.64
6.00 11.07 -261.04 46.79 -529.36 -0.92 0.23 0.53 0.40 0.75 0.88 0.77
23.00 23.24 -582.14 418.08 77.90 0.20 0.15 0.07 0.32 0.28 0.12 0.02
5.00 0.76 -494.05 191.84 331.41 0.81 -0.61 0.30 0.33 0.64 0.70 0.63
11.00 30.62 -465.06 -159.79 -628.80 0.68 0.05 0.33 0.35 0.10 0.81 0.79
17.00 11.54 225.89 -178.20 665.87 0.25 -0.89 -0.58 0.24 0.58 0.28 0.15
7.00 13.69 -558.49 63.13 370.49 0.84 -0.27 -0.89 0.34 0.38 0.72 0.24
5.00 6.95 -12.36 284.03 371.95 0.54 0.05 0.53 0.19 0.40 0.60 1.00
9.00 4.77 -141.13 175.57 209.94 -0.42 0.04 0.13 0.73 0.15 0.21 0.48
6.00 2.18 -142.22 237.73 645.95 -0.78 -0.05 0.03 0.02 0.92 0.58 0.23
12.00 15.57 586.39 -133.68 391.43 -0.11 -0.19 -0.47 0.57 0.81 0.32 0.90
5.00 3.37 -621.59 17.01 95.56 -0.54 0.78 0.69 0.58 0.56 0.19 0.09
7.00 9.56 338.37 284.67 44.10 -0.16 0.22 0.97 0.07 0.89 0.35 0.97
6.00 3.16 -404.30 -139.32 602.93 -0.46 0.15 0.17 0.21 0.43 0.31 0.87
38.00 109.47 174.95 598.49 94.56 0.40 -0.07 -0.94 0.46 0.87 0.60 0.12
9.00 6.03 338.12 92.54 -313.95 -0.81 0.17 0.50 0.97 0.40 0.53 0.43
6.00 10.09 -186.46 542.48 193.87 0.26 -0.51 -0.90 0.94 0.72 0.89 0.08
22.00 95.16 -210.11 -205.82 73.39 0.62 0.92 0.40 0.28 0.90 0.08 0.33
14.00 9.83 454.51 155.79 250.51 -0.61 0.36 0.22 0.41 0.61 0.76 0.79
11.00 22.88 -231.08 669.63 9.44 -0.73 0.35 0.99 0.42 0.19 0.55 0.60
5.00 1.13 -35.27 98.88 647.41 -0.40 0.42 -0.27 0.47 0.79 0.37 0.49
17.00 23.78 564.87 -295.75 26.47 0.98 -0.57 -0.41 0.79 0.66 1.00 0.40
10.00 7.47 -128.42 -301.59 415.09 0.10 -0.28 -0.50 0.92 0.70 0.18 0.53
11.00 7.83 -249.55 -710.48 -101.51 0.86 0.32 -0.04 0.60 0.43 0.86 0.77
19.00 24.87 -339.28 314.49 -378.46 -0.06 0.13 0.01 0.55 0.47 0.24 0.34
7.00 3.79 -236.75 49.09 366.16 0.75 -0.84 -0.51 0.83 0.12 0.37 0.40
6.00 6.83 334.71 -378.58 -570.10 -0.70 0.80 0.00 0.11 0.43 0.67 0.23
16.00 48.51 -768.16 -124.68 -87.19 0.72 0.48 0.42 0.89 0.83 0.57 0.74
22.00 115.93 44.36 276.95 -702.08 0.97 -0.55 0.23 0.81 0.81 0.36 0.30
7.00 5.77 567.58 -52.96 -32.38 -0.78 0.22 -0.15 0.53 0.27 0.85 0.74
18.00 4.04 -183.15 667.28 -211.83 0.45 -0.21 0.99 0.24 0.30 0.94 0.61
35.00 314.02 -171.40 -58.18 378.92 -0.51 0.07 -0.52 0.03 1.00 0.52 0.69
12.00 20.29 209.60 -166.05 -414.90 0.25 -0.40 0.56 0.46 0.65 0.35 0.75
17.00 21.54 -178.96 290.22 190.09 0.51 -0.99 -0.85 0.69 0.74 0.20 0.50
6.00 9.77 -638.43 -302.47 -152.27 -0.33 -0.32 0.27 0.88 0.66 0.01 0.57
20.00 29.83 -298.50 -479.23 -316.42 -0.35 0.20 0.70 0.33 0.02 0.39 0.44
12.00 36.37 -2.79 -304.31 -485.11 0.69 -0.65 0.08 0.32 0.44 0.74 0.71
28.00 135.12 -74.06 -53.15 463.57 0.90 -0.85 -0.84 0.43 0.51 0.08 0.08
19.00 110.91 -181.10 -260.64 -18.92 -0.53 0.21 -0.98 0.90 0.76 0.64 0.85
5.00 1.33 210.80 33.16 94.37 0.22 -0.37 -0.16 0.26 0.92 0.35 0.72
8.00 17.97 -534.52 -297.22 -399.91 0.00 0.33 0.72 0.65 0.98 0.76 0.93
36.00 344.00 724.41 20.91 -306.29 -0.10 -0.29 0.53 0.02 0.55 0.78 0.34
32.00 21.34 519.62 -221.81 301.97 0.37 -0.12 -0.37 0.17 0.24 0.00 0.46
6.00 7.47 -111.38 -293.00 553.35 0.98 -0.87 -0.48 0.25 0.16 0.30 0.58
13.00 49.22 -297.88 110.99 289.65 -0.86 0.77 -0.17 0.22 0.12 0.68 0.65
5.00 1.74 96.78 -145.75 133.04 0.77 -0.03 -0.62 0.86 1.00 0.81 0.75
27.00 226.45 -59.11 156.93 -0.91 -0.61 -0.46 -0.52 0.61 0.77 0.55 0.45
18.00 67.95 69.02 295.64 -643.35 0.07 0.70 0.90 0.58 0.29 0.18 0.39
20.00 96.17 209.01 -145.76 206.27 -0.87 0.08 -0.10 0.66 0.46 0.05 0.37
13.00 49.48 107.30 -41.03 -38.36 0.89 0.25 0.68 0.86 0.71 0.04 0.94
8.00 8.83 118.27 -48.26 -78.95 0.52 0.10 -0.03 0.35 0.86 0.19 0.80
28.00 73.24 514.35 -119.98 516.60 0.65 0.13 -0.03 0.23 0.79 0.63 0.25
5.00 3.86 -632.72 67.03 -104.18 -0.42 0.82 -0.31 0.61 0.69 0.81 0.34
11.00 14.63 531.15 -513.13 -297.63 -0.38 0.99 -0.19 0.65 0.16 0.15 0.29
15.00 54.62 -213.25 -610.60 290.03 -0.30 0.20 0.04 0.02 0.06 0.29 0.13
22.00 143.45 275.95 225.56 -633.83 -0.66 -0.26 -0.60 0.42 0.80 0.82 0.54
21.00 97.46 -329.42 262.47 -220.47 0.91 -0.04 -0.81 0.34 0.01 0.50 0.04
8.00 19.63 20.68 565.04 -42.55 0.26 0.64 0.58 0.07 0.23 0.25 0.12
9.00 14.06 535.02 447.82 -308.27 -0.58 0.03 0.52 0.51 0.23 0.45 0.41
8.00 18.95 286.27 252.58 -676.46 0.99 -0.83 -0.91 0.03 0.21 0.51 0.83
11.00 14.45 -238.85 -345.84 -227.96 0.22 0.43 -0.36 0.52 0.01 0.99 0.47
10.00 28.14 325.09 498.56 327.93 0.09 0.45 0.58 0.10 0.36 0.71 0.16
30.00 130.46 -282.34 367.44 -464.83 -0.91 0.68 0.93 0.40 0.37 0.81 0.08
12.00 39.46 -262.30 -287.70 -283.35 -0.29 0.85 0.09 0.94 0.98 0.39 0.27
8.00 2.80 386.76 -1.58 -176.13 0.86 0.62 0.09 0.97 0.31 0.12 0.01
11.00 20.54 258.29 -269.39 -390.23 -0.37 0.98 0.07 0.51 0.77 0.14 0.43
17.00 53.00 -203.59 398.36 -306.40 -0.70 0.35 0.78 0.28 0.77 0.01 0.20
13.00 25.78 465.42 2.27 114.96 0.06 0.84 -0.37 0.94 0.92 0.27 0.88
11.00 0.37 -508.11 55.27 -276.98 -0.54 -0.65 0.72 0.55 0.31 0.59 0.01
13.00 39.90 479.46 -209.36 -433.35 -0.96 0.62 0.41 0.86 0.75 0.07 0.62
7.00 4.99 -227.06 -653.38 -149.88 0.34 -0.62 -0.76 0.07 0.27 0.67 0.16
5.00 7.66 45.29 -606.64 169.17 -0.79 -0.45 -0.55 0.42 0.08 0.14 0.06
9.00 0.00 -301.60 76.97 -144.47 -0.79 0.97 0.92 0.36 0.77 0.94 0.99
31.00 54.76 134.34 -178.57 -13.76 0.58 0.87 -0.19 0.35 0.00 0.35 0.26
37.00 270.83 -130.38 -162.36 538.84 -0.63 -0.90 0.37 0.26 0.07 0.71 0.65
31.00 89.08 249.18 -51.60 -655.12 0.01 0.12 0.20 0.93 0.78 0.58 0.85
11.00 28.93 -410.30 440.66 -322.33 0.77 -0.79 -0.99 0.05 0.79 0.24 0.36
22.00 10.95 -362.44 -448.26 473.19 0.56 -0.55 0.04 0.38 0.67 0.97 0.58
7.00 10.89 97.78 518.86 198.20 0.60 -0.85 -0.23 0.24 0.10 0.71 0.50
6.00 11.32 -344.47 625.02 60.53 -0.03 0.05 0.65 0.01 0.55 0.81 0.87
5.00 1.22 185.28 -364.97 -316.83 0.41 -0.68 0.29 0.28 0.84 0.29 0.61
11.00 13.62 157.01 41.91 615.09 0.76 0.92 -0.47 0.34 0.85 0.59 0.76
5.00 0.91 14.41 365.16 539.31 -0.80 0.58 -0.28 0.86 0.62 0.44 0.09
10.00 27.98 -478.16 88.45 -45.52 -0.95 -0.83 -0.18 0.61 0.33 0.48 0.05
6.00 5.23 -385.24 -29.03 -81.88 -0.78 0.18 0.11 0.97 0.47 0.87 0.31
12.00 16.02 592.60 110.31 -23.90 0.03 -0.74 0.61 0.57 0.30 1.00 0.82
5.00 2.05 146.69 373.71 166.90 -0.89 0.37 -0.69 0.98 0.12 0.16 1.00
10.00 27.00 312.36 -63.87 727.85 0.88 0.85 0.06 0.74 0.38 0.77 0.74
7.00 6.99 346.08 218.23 -525.37 -0.38 0.73 0.60 0.72 0.59 0.51 0.29
19.00 10.54 125.91 -711.21 108.42 0.61 -0.75 0.37 0.16 0.52 0.28 0.92
13.00 32.38 -173.24 -720.91 -269.46 -0.04 0.47 -0.35 0.02 0.78 0.71 0.48
16.00 35.95 -629.17 382.52 -135.89 0.79 0.18 -0.87 0.06 0.85 0.57 0.44
11.00 21.10 -378.06 -118.37 -487.07 0.70 0.83 -0.35 0.03 0.18 0.99 0.07
11.00 1.19 -302.76 -448.20 586.80 0.22 -0.93 -0.32 0.57 0.02 0.08 0.86
11.00 9.98 -77.99 -720.43 -142.47 -0.63 -0.23 0.54 0.56 0.18 0.21 0.01
24.00 117.18 -7.52 768.71 19.78 -0.07 0.29 0.49 0.70 0.08 0.73 0.39
16.00 3.62 -356.00 536.60 382.14 -0.20 -0.38 -0.63 0.25 1.00 0.15 0.30
5.00 6.55 -122.39 -702.04 -229.16 0.44 0.71 -0.07 0.88 0.32 0.06 0.44
6.00 10.30 -237.40 742.17 50.79 -0.81 -0.23 -0.54 0.81 0.20 0.88 0.86
14.00 2.42 -187.61 308.39 -692.55 0.16 0.85 -0.10 0.28 0.35 0.51 0.05
16.00 23.68 -154.54 -77.96 746.56 -0.88 0.06 0.48 0.69 0.87 0.78 0.88
5.00 5.45 84.77 -237.37 -467.61 0.96 0.78 -0.89 0.28 0.07 0.76 0.31
33.00 207.74 215.60 735.82 78.97 0.63 0.94 -0.50 0.90 0.12 0.66 0.14
5.00 5.27 -78.55 380.23 376.21 0.22 0.93 -0.37 0.07 0.83 0.55 0.23
12.00 13.67 751.26 186.73 71.54 -0.28 -0.00 0.27 0.08 0.73 0.54 0.89
21.00 124.67 580.29 -191.26 -362.07 -0.13 -0.86 -0.58 0.13 0.80 0.18 0.65
22.00 31.30 138.64 -384.17 367.01 0.88 -0.31 0.68 0.98 0.91 0.72 0.19
15.00 41.02 65.54 320.43 363.88 0.07 0.70 0.69 0.63 0.48 0.13 0.84
34.00 124.81 115.00 -131.03 -384.07 -0.69 -0.77 -0.42 0.74 0.88 0.69 0.36
5.00 6.55 496.00 7.77 -43.59 0.77 -0.38 -0.76 0.78 1.00 0.21 0.38
10.00 1.59 -467.99 0.48 156.86 0.07 0.28 -0.51 0.13 0.88 0.57 0.25
17.00 37.90 -412.61 -69.14 -155.65 -0.79 -0.36 -0.70 0.02 0.47 0.85 0.38
6.00 6.26 335.99 -299.16 -450.49 0.01 0.61 0.98 0.51 0.60 0.27 0.19
7.00 15.37 -298.97 -614.67 117.47 0.57 0.20 -0.61 0.54 0.75 0.23 0.29
13.00 51.33 65.00 322.98 18.48 -0.67 -0.53 -0.87 0.45 0.92 0.77 0.93
7.00 6.08 -238.22 17.21 -281.53 -0.15 0.96 -0.57 0.83 0.21 0.13 0.84
18.00 22.34 25.21 -151.21 -296.03 0.87 0.91 -0.55 0.98 0.81 0.07 0.48
19.00 98.80 629.64 284.36 -397.49 -0.57 -0.17 0.95 0.75 0.54 0.01 0.10
26.00 90.19 -230.39 -68.64 -635.72 0.30 -0.26 0.65 1.00 0.01 0.27 0.81
6.00 8.12 427.02 249.16 -313.83 -0.73 0.67 -0.68 0.39 0.68 0.41 0.28
17.00 88.02 468.23 75.76 533.44 -0.76 -0.07 -0.99 0.82 0.24 0.01 0.61
23.00 77.51 -11.86 438.33 341.50 -0.49 -0.86 -0.84 0.07 0.28 0.69 0.54
9.00 20.12 -375.53 180.40 555.11 0.43 -0.21 -0.18 0.23 0.11 0.27 0.02
23.00 60.86 361.83 281.35 642.74 0.08 -0.14 -0.59 0.58 0.58 0.42 0.37
18.00 66.80 641.45 32.89 91.33 -0.10 0.01 0.60 0.96 0.50 0.00 0.29
6.00 9.05 -364.88 604.71 -110.23 -0.22 -0.87 -0.62 0.77 0.41 0.51 0.97
6.00 2.90 -480.46 -38.34 -246.03 -0.03 -0.11 -0.45 0.28 0.40 0.07 0.11
11.00 12.74 -633.10 191.88 -356.27 0.86 0.78 -0.42 0.39 0.29 0.11 0.82
18.00 92.32 -176.55 674.96 -22.57 -0.86 0.87 0.59 0.14 0.72 0.33 0.19
15.00 70.05 274.19 -627.81 -101.22 -0.87 -0.48 0.73 0.08 0.10 0.90 0.34
25.00 126.26 -254.03 388.79 650.47 0.55 0.44 0.45 0.51 0.28 0.66 0.74
30.00 185.41 -140.33 612.24 312.12 0.75 0.47 -0.69 0.99 0.81 0.22 0.66
11.00 1.70 672.41 211.07 -111.55 0.79 -0.90 -0.77 0.70 0.33 0.78 0.81
8.00 6.72 289.64 -451.79 -539.25 0.03 -0.01 0.11 0.26 0.88 0.17 0.68
6.00 7.50 496.23 -125.84 444.99 -0.30 -0.29 0.94 0.10 0.12 0.65 0.39
9.00 0.95 589.35 261.46 -264.52 -0.07 0.64 -0.39 0.56 0.75 0.12 0.56
15.00 43.08 -311.52 200.79 108.32 -0.27 -0.26 -0.22 0.03 0.08 0.52 0.20
11.00 34.26 -109.33 -393.41 -372.38 -0.31 0.52 -0.65 0.03 0.54 0.36 0.80
16.00 9.68 376.86 289.24 370.59 0.20 0.56 0.25 0.15 0.61 0.59 0.90
16.00 13.83 221.57 -309.29 323.14 0.01 0.68 0.79 0.01 0.63 0.43 0.72
29.00 138.90 -496.78 590.80 -16.31 -0.60 -0.27 -0.37 0.05 0.58 0.76 0.87
29.00 123.72 496.97 -218.16 -388.22 0.91 -0.48 -0.72 0.94 0.26 0.29 0.17
14.00 55.85 -283.37 20.37 389.10 0.95 0.11 0.84 0.46 0.98 0.29 0.46
7.00 14.72 -321.45 -45.55 -729.65 -0.45 0.98 0.22 0.77 0.44 0.79 0.68
7.00 2.71 300.42 -39.89 -215.94 -0.28 -0.54 0.57 0.26 0.16 0.57 0.22
19.00 36.36 -314.76 -632.63 278.21 -0.82 -0.16 0.36 0.37 0.86 0.63 0.97
13.00 49.23 382.13 531.06 -400.17 -0.81 -0.21 0.93 0.94 0.30 0.22 0.36
6.00 7.09 622.61 134.23 381.62 -0.22 0.87 0.16 0.25 0.90 0.23 0.08
7.00 12.36 597.03 -404.59 123.28 0.03 -0.49 -0.95 0.59 0.65 0.92 0.73
14.00 58.68 37.55 635.52 -484.28 0.77 -0.90 -0.16 0.14 0.00 0.79 0.40
13.00 28.48 -368.44 34.04 -22.88 -0.63 -0.09 -0.08 0.13 0.53 0.58 0.33
8.00 6.43 602.35 -193.49 175.17 -0.67 0.32 -0.79 0.97 0.79 0.08 0.55
10.00 6.35 -614.22 449.22 244.61 0.89 -0.67 -0.01 0.16 0.78 0.78 0.04
7.00 9.12 -124.39 -225.73 312.14 0.51 -0.97 0.98 0.32 0.45 0.62 0.20
29.00 7.58 -432.80 487.84 -308.81 0.29 0.36 -0.57 0.19 0.91 0.14 0.68
8.00 4.49 -434.06 -128.07 -172.56 -0.23 -0.16 0.59 0.33 0.28 0.69 0.96
31.00 263.18 -464.47 -406.20 349.38 -0.12 -0.17 0.44 0.13 0.71 1.00 0.96
12.00 29.54 182.76 -149.73 -94.16 0.37 0.45 -0.08 0.61 0.49 0.04 0.69
24.00 13.42 -354.99 87.13 570.16 -0.80 0.41 -0.50 0.08 0.26 0.57 0.60
5.00 3.45 -334.60 -460.06 448.48 0.33 0.71 -0.67 0.76 0.02 0.76 0.91
22.00 131.87 -540.29 36.46 47.20 -0.60 0.94 -0.93 0.43 0.43 0.62 0.07
8.00 4.08 -133.88 -378.90 521.36 -0.85 -0.58 0.79 0.69 0.39 0.31 0.49
9.00 6.50 262.96 -702.76 -132.04 -0.15 0.13 0.06 0.61 0.53 0.54 0.03
7.00 7.69 -87.60 -145.04 -7.38 -0.10 0.36 0.56 0.88 0.53 0.87 0.92
9.00 20.51 -270.50 -243.36 -261.00 0.47 -0.05 -0.57 0.92 0.83 0.32 0.70
7.00 1.32 -153.41 762.33 -32.14 -0.87 1.00 -0.07 0.94 0.52 0.17 0.15
9.00 22.77 163.93 111.39 544.02 0.15 -0.52 0.12 0.21 0.12 0.47 0.17
13.00 16.13 146.66 -209.10 81.36 -0.28 -0.95 0.36 0.50 0.30 0.18 0.39
11.00 2.20 569.63 210.27 -310.63 -0.70 -0.00 -0.59 0.18 0.88 0.32 0.74
10.00 11.57 333.11 -61.81 -363.01 0.54 -0.80 -0.29 0.44 0.51 0.80 0.71
9.00 19.88 681.74 47.53 -344.99 0.50 0.47 0.76 0.68 0.79 0.47 0.52
22.00 22.48 328.77 -172.79 -402.99 -0.90 -0.73 -0.94 0.11 0.58 0.66 0.41
7.00 2.32 -612.56 74.26 178.79 0.70 -0.22 -0.73 0.19 0.56 0.94 0.38
24.00 3.67 -151.29 -311.84 -14.63 0.11 -0.86 -0.68 0.25 0.73 0.62 0.03
8.00 14.43 -46.98 -689.33 113.31 0.64 0.41 0.56 0.82 0.00 0.87 0.24
11.00 24.98 -85.22 -91.03 -496.67 -0.74 -0.05 -0.10 0.57 0.75 0.65 0.48
6.00 0.34 128.33 192.01 -696.79 -0.02 -0.97 -0.91 0.89 0.20 0.70 0.21
15.00 59.66 -232.54 171.53 207.87 -0.10 -0.65 -0.30 0.50 0.75 0.67 0.72
28.00 184.16 -585.65 161.19 328.87 0.70 0.64 0.36 0.59 0.90 0.96 0.53
8.00 9.26 8.93 743.14 43.37 -0.69 -0.48 -0.08 0.34 0.71 0.96 0.27
18.00 79.87 -95.22 130.78 353.41 -0.39 -0.36 0.14 0.42 0.99 0.87 0.64
21.00 59.23 585.06 211.77 -221.81 0.14 -0.79 -0.43 0.79 0.13 0.94 0.86
7.00 5.83 256.50 -213.50 -387.82 -0.69 0.34 -0.48 0.43 0.31 0.73 0.61
17.00 68.96 -256.27 549.03 117.79 0.68 -0.60 -0.49 0.51 0.41 0.59 0.29
11.00 30.79 504.70 -303.95 105.93 0.91 0.31 0.19 0.46 0.25 0.19 0.33
14.00 22.82 164.12 -433.24 6.16 1.00 0.27 -0.77 0.62 0.87 0.01 0.37
35.00 109.06 93.66 -165.17 311.76 0.59 0.18 -0.72 0.10 0.51 0.31 0.40
8.00 17.26 626.43 -32.87 169.56 -0.43 -0.94 -0.53 0.85 0.47 0.70 0.43
10.00 8.14 10.83 -51.43 606.88 0.43 0.57 -0.21 0.23 0.61 0.60 0.55
6.00 8.59 -480.08 -188.78 473.42 -0.15 -0.47 0.30 0.67 0.19 0.13 0.48
8.00 17.60 -316.04 200.14 265.91 0.41 -0.47 -0.08 0.45 0.51 0.88 0.52
12.00 27.55 252.28 147.57 -24.17 0.71 -0.11 -0.85 0.44 0.35 0.64 0.66
13.00 46.76 -394.66 -144.91 -565.59 -0.06 0.78 -0.93 0.49 0.20 0.56 0.32
7.00 4.38 -181.36 619.35 173.43 -0.90 0.87 -0.67 0.67 0.75 0.09 0.60
24.00 149.06 -72.27 138.49 -474.08 -0.77 -0.67 0.35 0.28 0.64 0.53 0.84
12.00 4.09 -309.08 -205.48 -382.54 0.39 0.59 0.43 0.26 0.35 0.39 0.04
31.00 183.71 414.01 616.87 -75.48 0.69 -0.25 -0.37 0.36 0.15 0.09 0.29
23.00 20.95 379.05 -528.96 -312.22 -0.85 -0.15 0.90 0.29 0.92 0.84 0.53
18.00 66.80 -374.70 426.12 -546.20 0.80 -0.45 -0.32 0.36 0.78 0.22 0.67
22.00 30.60 477.98 243.00 198.49 0.98 -0.79 -0.27 0.32 0.20 0.99 0.27
5.00 7.59 666.22 -258.25 177.00 -0.91 0.20 -0.54 0.95 0.23 0.01 0.41
6.00 3.00 -742.13 38.07 -253.38 0.75 -0.99 -0.68 0.84 0.46 0.81 0.06
24.00 38.82 -24.03 -7.35 295.50 -0.25 -0.38 -1.00 0.15 0.62 0.00 0.05
9.00 7.20 651.05 36.23 440.51 -0.88 -0.71 0.02 0.84 0.09 0.16 0.53
20.00 2.28 563.45 -473.66 -258.87 0.29 -0.05 -0.82 0.31 0.02 0.98 0.79
19.00 75.52 -294.31 -12.99 280.83 -0.11 -0.63 0.95 0.33 0.88 0.46 0.24
8.00 0.38 434.30 -531.94 314.29 0.96 -0.01 -0.91 0.09 0.94 0.89 0.16
15.00 28.81 266.71 -21.40 400.62 0.81 0.70 0.95 0.84 0.54 0.59 0.52
11.00 5.92 -18.95 585.61 -100.43 -0.78 -0.81 -0.47 0.53 0.02 0.59 0.87
14.00 16.84 81.81 -443.01 208.59 0.94 -0.43 -0.02 0.21 0.83 0.83 0.55
5.00 3.93 -42.06 -613.63 3.86 0.47 0.64 0.97 0.36 0.40 0.12 0.01
9.00 13.94 477.99 456.36 -439.30 0.84 0.69 0.37 0.46 0.71 0.71 0.49
22.00 33.38 276.59 -129.22 -407.99 0.81 0.22 -0.23 0.63 0.57 0.67 0.18
6.00 5.45 -103.33 397.93 -557.69 -0.64 0.48 0.52 0.58 0.90 0.52 0.81
22.00 11.20 -537.04 183.70 -424.84 0.86 -0.32 -0.12 0.30 0.99 0.89 0.45
6.00 11.20 -372.99 308.93 380.48 -0.35 -0.32 0.41 0.45 0.05 0.74 0.32
6.00 1.45 -99.87 350.41 469.23 -0.40 -0.53 0.60 0.58 0.05 0.68 0.79
18.00 21.30 30.95 -282.03 656.97 0.86 -0.11 -0.81 0.20 0.41 0.45 0.06
24.00 24.54 -138.73 -338.28 -60.05 -0.94 0.67 0.66 0.67 0.26 0.34 0.14
31.00 102.32 -149.18 181.11 -567.83 -0.24 -0.84 0.64 0.83 0.16 0.49 0.42
11.00 6.60 -497.49 -164.65 -456.00 -0.96 0.33 -0.50 0.91 0.04 0.26 0.53
29.00 233.87 218.04 -332.79 -238.19 -0.22 0.88 -0.61 0.88 0.08 0.80 0.51
9.00 23.01 -411.67 -202.89 -233.26 0.16 -0.44 0.16 0.80 0.24 0.58 0.78
13.00 19.00 46.62 118.03 -108.90 0.60 -0.12 0.28 0.98 0.79 0.19 0.47
12.00 16.17 -481.72 -151.76 -53.20 0.40 -0.38 -0.31 0.38 0.63 0.86 0.07
10.00 11.98 -271.64 264.52 -662.25 0.94 0.50 0.14 0.03 0.05 0.63 0.72
6.00 2.55 -754.80 39.40 -143.44 -0.41 0.44 0.87 1.00 0.60 0.77 0.83
8.00 19.21 146.45 -146.23 -622.05 0.55 -0.24 0.01 0.51 0.63 0.24 0.59
27.00 110.12 -59.53 762.68 111.46 0.87 -0.56 -0.22 0.98 0.09 0.93 0.09
17.00 20.63 -85.52 624.82 -41.10 0.17 0.40 0.29 0.37 0.86 0.31 0.35
22.00 86.70 -460.40 469.64 16.38 -0.69 0.57 0.68 0.78 0.91 0.54 0.95
5.00 4.27 -265.99 569.11 20.67 0.35 0.49 0.33 0.56 0.23 0.31 0.44
8.00 12.51 413.75 -481.64 351.61 0.24 -0.13 -0.37 0.75 0.84 0.11 0.34
8.00 6.48 296.13 -309.46 52.24 -0.29 0.96 -0.63 0.44 0.91 0.90 0.44
8.00 8.89 -77.82 -65.28 527.34 0.77 -0.10 0.55 0.83 0.35 0.30 0.45
6.00 4.51 142.36 117.95 265.59 0.06 0.17 -0.35 0.07 0.49 0.50 0.48
16.00 41.60 184.94 -423.86 -476.41 -0.70 -0.66 0.89 0.34 0.34 0.52 0.55
9.00 17.51 -482.50 191.82 -407.84 0.26 0.11 0.37 0.90 0.44 0.72 0.41
10.00 12.71 452.05 -77.08 -352.92 -0.57 -0.32 -0.59 0.29 0.25 0.91 0.38
15.00 37.24 206.67 -346.00 34.09 0.02 -0.72 0.62 0.80 0.29 0.45 0.48
9.00 18.84 -231.69 -109.99 135.48 0.21 0.29 0.61 0.49 0.83 0.25 0.47
7.00 13.91 402.91 454.74 7.12 0.62 -0.37 -0.10 0.41 0.49 0.54 0.92
34.00 315.41 -421.54 -280.23 -120.61 -0.49 -0.29 -0.14 0.23 0.30 0.03 0.20
28.00 40.23 -147.87 282.53 658.65 0.28 0.59 0.44 0.43 0.40 0.26 0.84
23.00 45.61 611.10 196.46 -19.46 -0.74 0.50 -0.67 0.01 0.67 0.89 0.81
5.00 2.39 49.41 16.02 -8.73 -0.61 -0.62 -1.00 0.45 0.51 0.02 0.42
6.00 9.27 565.45 -475.69 94.96 -0.78 0.05 -0.42 0.76 0.94 0.57 0.27
11.00 30.65 558.91 -151.06 309.48 0.81 0.56 0.85 0.69 0.64 0.01 0.13
13.00 22.63 557.39 223.20 -336.30 0.63 -0.75 -0.16 0.42 0.97 0.42 0.89
8.00 18.32 -422.81 559.10 170.90 -0.24 -0.88 0.10 1.00 0.01 0.50 0.04
19.00 103.20 51.68 -650.27 -260.50 0.15 0.70 0.42 0.88 0.82 0.46 0.90
20.00 28.77 -374.49 -119.39 -234.76 0.54 0.66 0.38 0.31 0.32 0.91 0.34
6.00 7.87 613.79 -154.61 -342.85 -0.05 0.13 0.60 0.05 0.00 0.03 0.26
33.00 95.59 -447.20 495.11 383.32 0.39 0.54 -0.40 0.81 0.40 0.45 0.80
22.00 73.72 -396.96 79.28 -497.29 0.59 0.88 0.44 0.04 0.07 0.23 0.14
13.00 29.97 -509.52 407.05 -275.03 0.64 -0.19 0.53 0.39 0.12 0.38 0.87
16.00 33.35 -663.44 75.38 65.80 -0.08 -0.11 -0.69 0.36 0.78 0.54 0.71
9.00 13.26 245.80 -334.99 457.56 -0.40 0.43 -0.01 0.97 0.43 0.40 0.01
6.00 1.10 -231.40 17.26 543.18 0.03 0.26 -0.99 0.33 0.80 0.75 0.49
6.00 8.35 255.48 -325.63 -368.41 -0.90 0.44 -0.49 0.51 0.07 0.62 0.72
13.00 26.20 296.91 59.73 640.43 -0.92 -0.06 -0.21 0.57 0.27 0.53 0.11
5.00 4.49 206.48 188.31 214.59 -0.94 0.32 -0.32 0.54 0.96 0.89 0.33
32.00 299.29 -571.03 213.27 178.01 -0.21 0.90 0.67 0.55 0.19 0.23 0.28
9.00 0.20 247.46 638.99 104.77 -0.15 0.08 0.88 0.79 0.94 0.81 0.61
8.00 6.08 359.12 -588.06 285.85 -0.77 -0.87 -0.40 0.61 0.16 0.70 0.66
5.00 3.91 471.74 4.97 584.14 0.38 0.30 0.67 0.03 0.13 0.52 0.22
12.00 25.92 -3.03 -169.82 607.87 0.18 -0.63 0.91 0.88 0.37 0.07 0.30
16.00 56.25 467.88 -487.41 277.64 0.19 -0.54 -0.83 0.79 0.72 0.10 0.72
5.00 4.37 363.31 -300.32 -565.10 -0.16 -0.17 0.72 0.85 0.94 0.20 0.71
5.00 4.60 136.64 367.90 534.65 0.62 -0.80 -0.05 0.96 0.46 0.19 0.65
5.00 4.90 630.36 364.05 29.01 -0.63 -0.42 0.15 0.21 0.55 0.88 0.14
31.00 225.60 210.17 -356.64 -111.68 -0.98 -0.31 0.83 0.57 0.76 0.75 0.23
11.00 23.25 -498.04 -305.80 -75.56 -0.71 -0.29 0.36 0.13 0.53 0.81 0.62
6.00 8.67 -453.61 -437.54 -310.49 -0.84 -0.70 -0.10 0.68 0.12 0.93 0.45
17.00 54.90 233.19 -262.22 -98.04 -0.16 -0.90 -0.77 0.35 0.78 0.62 0.78
18.00 63.17 172.31 -333.53 45.00 -0.57 0.06 -0.14 0.29 1.00 0.79 0.68
8.00 7.54 -61.68 -116.65 297.01 0.44 -0.96 -0.38 0.64 0.13 0.87 0.66
5.00 7.48 -360.14 -502.18 50.76 0.93 0.34 0.28 0.68 0.33 0.94 0.23
26.00 69.85 181.04 -711.21 151.88 0.84 -0.29 -0.16 0.09 0.70 0.41 0.77
10.00 21.71 -2.32 231.30 -703.81 -0.62 -0.45 -0.78 0.07 0.08 0.53 0.09
20.00 104.91 -190.35 -384.82 -606.93 0.82 0.58 0.09 0.86 0.77 0.11 0.84
19.00 44.67 588.73 -29.60 273.53 -0.96 -0.82 -0.57 0.71 0.21 0.69 0.69
16.00 1.24 -198.66 -637.80 192.09 -0.48 0.55 -0.70 0.49 0.42 0.50 0.42
8.00 6.35 -264.97 277.25 466.88 0.33 -0.53 -0.31 0.57 0.68 0.00 0.45
8.00 19.29 434.50 -392.38 169.25 0.46 -0.35 -0.81 0.92 0.13 0.18 0.99
8.00 16.45 296.59 308.06 -309.88 0.97 -0.30 0.02 0.73 0.50 0.77 0.69
6.00 8.35 -118.61 -207.88 194.39 0.19 -0.75 -0.52 0.81 0.41 0.36 0.32
5.00 6.71 414.55 -235.38 -480.66 -0.13 -0.88 -0.58 0.06 0.28 0.33 0.69
13.00 8.99 -54.16 -251.53 -107.06 0.31 -0.64 -0.55 0.93 0.71 0.28 0.72
7.00 3.80 252.54 -83.57 567.16 0.75 -0.20 0.46 0.43 0.74 0.75 0.29
6.00 8.22 42.26 -141.27 -419.36 0.28 0.82 0.94 0.03 0.27 0.88 0.38
13.00 47.25 -247.14 76.81 -80.45 -0.77 0.81 0.69 0.09 0.41 0.01 0.65
5.00 1.63 -120.85 457.08 -567.16 -0.28 0.05 -0.41 0.25 0.13 0.96 0.12
6.00 7.29 -522.13 152.87 573.72 0.16 -0.97 -0.86 0.70 0.02 0.29 0.13
6.00 5.91 135.39 195.10 618.85 0.67 -0.51 0.42 0.13 0.18 0.82 0.66
16.00 16.79 485.44 -388.41 268.50 -0.91 -0.60 0.30 0.84 0.81 0.00 0.82
8.00 6.92 -450.06 -72.68 -130.05 -0.22 -0.80 -0.81 0.20 0.14 0.73 0.08
13.00 39.56 -428.88 143.78 -93.55 -0.45 -0.09 0.19 0.68 0.74 0.52 0.93
14.00 58.23 223.86 280.71 632.75 0.96 0.26 -0.63 0.40 0.04 0.99 0.43
16.00 39.62 -570.87 365.02 288.48 -0.61 0.08 -0.46 0.07 0.04 0.37 0.71
19.00 19.14 569.99 73.78 308.51 -0.47 -0.96 -0.25 0.35 0.15 0.01 0.26
14.00 32.99 599.46 -53.58 -152.15 0.19 0.75 -0.58 0.77 0.29 0.23 0.06
5.00 2.64 -494.16 349.25 258.89 -0.53 0.83 -0.29 0.82 0.75 0.81 0.52
7.00 8.45 -164.97 -443.40 -484.54 0.28 -0.50 -0.04 0.14 0.77 0.27 0.91
7.00 6.27 330.60 134.31 426.72 0.09 0.84 0.49 0.91 0.74 0.49 0.35
9.00 22.18 -283.32 -499.37 -206.67 -0.62 -0.65 -0.90 0.48 0.77 0.16 0.65
6.00 10.63 216.81 -688.32 -62.68 -0.44 0.16 -0.86 0.22 0.16 0.02 0.76
11.00 19.56 -163.65 -73.56 547.78 -0.35 0.47 -0.20 0.79 0.16 0.27 0.80
5.00 6.39 497.36 -234.43 -467.29 -0.75 -0.84 0.53 0.75 0.14 0.35 0.24
15.00 26.74 11.80 -172.68 -599.62 0.39 0.38 0.78 0.28 0.88 0.49 0.68
8.00 15.95 -226.76 -748.83 -85.26 -0.13 0.37 0.50 0.41 0.74 0.53 0.17
7.00 11.67 398.56 134.02 660.10 0.66 0.76 0.29 0.13 0.93 0.59 0.12
12.00 24.53 206.34 -21.27 -442.36 -0.20 0.12 0.70 0.88 0.39 0.07 0.01
10.00 26.75 -102.93 -470.14 552.70 0.62 -0.96 0.47 0.65 0.72 0.03 0.82
13.00 20.21 -647.10 -147.34 -301.61 0.46 0.58 -0.41 0.72 0.97 0.82 0.68
7.00 7.26 137.07 -6.41 -768.75 0.98 -0.95 -0.20 0.78 0.04 0.54 0.08
18.00 91.35 -404.50 -257.84 -574.61 0.45 0.48 0.59 0.82 0.82 0.45 0.22
19.00 87.87 458.96 76.25 -36.87 0.54 -0.53 -0.70 0.20 0.04 0.14 0.42
34.00 229.77 116.47 -285.75 6.71 -0.76 0.81 0.96 0.94 0.16 0.95 0.26
30.00 275.40 75.85 -624.25 2.86 0.56 -0.12 -0.22 0.59 0.19 0.61 0.66
18.00 102.34 -128.67 -449.72 611.75 0.00 0.97 -0.66 0.39 0.14 0.09 0.06
23.00 30.83 192.92 -355.84 -676.68 0.72 -0.58 -0.01 0.29 0.94 0.63 0.61
6.00 7.71 -29.15 -329.56 525.86 -0.32 0.54 -0.25 0.20 0.47 0.26 0.36
8.00 1.14 178.13 -564.76 391.33 -0.66 0.73 -0.33 0.28 0.83 0.19 0.32
29.00 115.75 237.68 454.17 -446.31 -0.19 -0.88 -0.14 0.50 0.08 0.02 0.90
15.00 54.75 -95.21 307.89 -597.88 -0.59 0.84 -0.07 0.97 0.27 0.25 0.40
29.00 118.91 -297.08 -660.11 68.88 -0.56 -0.31 -0.67 0.28 0.23 0.46 0.62
7.00 11.30 412.45 -269.98 307.55 -0.35 -0.39 -0.54 0.15 0.79 0.78 0.16
14.00 35.77 650.00 -30.74 408.20 -0.47 0.14 0.96 1.00 0.06 0.79 0.77
5.00 7.90 -317.54 140.01 473.89 0.08 0.90 -0.16 0.38 0.45 0.37 0.33
7.00 5.50 -486.44 154.37 -525.30 -0.07 0.64 0.30 0.14 0.99 0.95 0.07
21.00 15.07 -366.02 -264.27 123.49 -0.76 0.43 0.39 0.97 0.27 0.76 0.99
13.00 10.86 -79.52 520.80 198.88 -0.89 -0.51 0.82 0.47 0.34 0.69 0.28
13.00 17.39 -87.85 -418.56 484.61 0.66 -0.77 -0.83 0.07 1.00 0.76 0.01
7.00 14.52 377.82 -249.82 380.08 0.79 -0.44 0.76 0.44 0.99 0.60 0.14
7.00 15.22 -16.89 599.50 -75.94 -0.04 0.74 0.71 0.50 0.22 0.50 0.83
11.00 17.05 583.62 -276.71 169.72 -0.33 -0.84 0.04 0.79 0.77 0.22 0.09
15.00 33.57 275.46 -381.52 445.10 0.46 0.11 -0.53 0.52 0.37 0.15 0.24
14.00 22.84 -431.73 623.01 220.51 -0.02 0.17 -0.58 0.31 0.07 0.31 0.52
24.00 168.11 425.62 154.08 541.93 0.92 0.29 0.79 0.59 0.81 0.19 0.48
10.00 27.94 -124.27 -522.67 387.39 0.53 -0.16 0.67 0.18 0.76 0.38 0.90
26.00 127.04 -104.98 268.93 -446.03 -0.15 -0.26 0.18 0.92 0.45 0.27 0.06
18.00 86.15 -728.09 275.33 172.33 -0.48 0.17 -0.90 0.62 0.03 0.01 0.19
20.00 72.40 409.86 -114.13 -158.70 0.73 0.79 0.86 0.65 0.08 0.24 0.96
17.00 32.33 689.42 -290.43 99.08 0.93 -0.06 -0.22 0.39 0.62 0.96 0.51
9.00 18.30 225.63 348.33 -97.21 -0.95 -0.74 -0.71 0.21 0.73 0.89 0.58
16.00 33.37 -480.12 -418.57 -418.61 0.62 0.03 0.13 0.66 0.52 0.45 0.49
13.00 40.85 -209.46 -364.67 -275.80 0.31 0.95 0.16 0.66 0.17 0.47 0.18
7.00 8.32 26.12 691.37 164.61 -0.01 -0.54 0.22 0.09 0.51 0.74 0.97
34.00 118.63 -276.04 625.75 -65.32 -0.35 0.59 0.58 0.51 0.81 0.42 0.48
13.00 29.72 161.42 -244.38 92.28 -0.90 -0.30 0.14 0.45 0.77 0.22 0.15
8.00 10.67 -250.15 27.21 391.54 0.80 0.11 0.73 0.84 0.57 0.50 0.85
15.00 1.95 209.36 -570.90 -360.07 0.62 -0.90 -0.91 0.15 0.08 0.90 0.12
10.00 6.26 510.91 520.37 -287.60 -0.64 0.28 0.51 0.12 0.25 0.22 0.43
5.00 4.92 460.29 -312.43 -176.65 0.36 0.26 0.18 0.26 0.77 0.68 0.10
12.00 41.85 -279.12 266.04 677.71 -0.38 0.80 0.59 0.02 0.64 0.30 0.35
15.00 67.21 -459.12 590.68 -146.57 0.04 0.61 -0.72 0.39 0.68 0.22 0.35
7.00 1.19 -147.83 -319.13 -571.14 -0.30 0.63 -0.02 0.38 0.92 0.38 0.62
10.00 5.40 -492.01 -375.73 143.69 0.11 0.49 0.42 0.65 0.12 0.41 0.83
7.00 0.38 -192.35 -252.22 652.78 0.66 -0.21 -0.94 0.35 0.93 0.47 0.84
7.00 3.68 300.88 504.99 489.25 -0.69 0.48 -0.32 0.86 0.62 0.69 0.39
9.00 12.89 372.85 -274.45 399.76 -0.14 -0.37 0.20 0.85 0.23 0.40 0.63
8.00 4.88 373.52 264.18 -67.87 -0.05 -0.36 0.59 0.88 0.66 0.64 0.73
6.00 2.61 592.14 -439.59 296.87 -0.06 -0.31 0.97 0.36 0.30 0.80 0.34
11.00 11.56 -329.76 -652.38 -8.41 0.50 -0.41 -0.08 0.51 0.05 0.20 0.97
6.00 1.30 -435.17 -239.26 -512.13 0.24 0.54 -0.24 0.83 0.51 0.30 0.24
19.00 86.09 94.95 -306.61 666.72 -0.90 -0.24 -0.70 0.19 0.18 0.45 0.62
6.00 11.32 -170.60 -77.01 333.43 -0.76 -0.16 0.97 0.46 0.43 0.63 0.19
14.00 20.99 142.63 572.99 329.56 0.36 -0.02 0.70 0.56 0.14 0.43 0.59
5.00 5.14 23.26 74.88 -436.65 -0.43 -0.64 0.50 0.67 0.05 0.39 0.32
9.00 23.90 -506.92 -62.91 38.85 -0.64 0.74 0.05 0.18 0.16 0.86 0.05
17.00 72.52 261.04 -695.64 -15.80 0.37 0.10 -0.92 0.19 0.74 0.28 0.06
5.00 7.80 542.09 -245.88 77.48 -0.73 -0.96 -0.14 0.79 0.77 0.46 0.53
6.00 4.26 5.77 -148.72 243.26 0.72 0.91 -0.05 0.91 0.44 0.96 0.81
7.00 6.11 -713.93 -41.50 88.18 0.40 0.38 0.60 0.36 0.87 0.93 0.01
17.00 30.67 -157.43 -202.99 743.22 0.08 0.37 0.85 0.71 0.95 0.50 0.63
20.00 34.29 -256.69 639.37 277.30 -0.54 0.08 -0.53 0.50 0.56 0.69 0.22
11.00 1.43 730.18 236.02 70.58 0.05 0.57 -0.76 0.31 0.29 0.33 0.40
6.00 11.00 -595.15 287.58 48.51 0.85 0.16 -0.09 0.47 0.04 0.67 0.73
24.00 110.37 -184.41 376.53 -476.02 -0.09 0.38 -0.97 0.10 0.28 0.83 0.97
13.00 13.84 -283.82 -167.08 586.07 0.99 0.21 0.20 0.64 0.94 0.67 0.31
14.00 2.00 346.86 -207.28 223.35 0.32 0.05 -0.19 0.83 0.98 0.70 0.48
14.00 31.87 245.10 108.55 321.43 0.88 -0.94 -0.60 0.42 0.14 0.83 0.19
24.00 6.80 164.96 236.90 12.79 0.53 -0.03 -0.17 0.27 0.62 0.45 0.25
6.00 6.92 319.88 -534.02 -212.35 0.62 0.72 -0.68 0.26 0.23 0.49 0.88
7.00 3.26 610.38 -494.53 -121.58 -0.59 0.64 0.17 0.02 0.85 0.57 0.34
18.00 65.91 12.63 -18.95 444.56 -0.60 0.73 0.94 0.70 0.43 1.00 0.63
13.00 39.61 98.87 -584.73 -506.08 0.39 -0.97 -0.15 0.13 0.22 0.41 0.85
11.00 4.81 344.44 -447.00 1.38 0.63 -0.88 -0.19 0.51 0.67 0.92 0.38
19.00 83.19 183.50 -613.95 -122.92 -0.85 0.65 -0.78 0.85 0.33 0.93 0.42
5.00 6.38 -188.82 249.97 599.62 -0.38 -0.98 0.47 0.12 0.93 0.81 0.08
10.00 8.68 -200.68 323.15 701.58 0.27 0.56 -0.03 0.99 0.98 0.93 0.24
13.00 3.20 506.87 37.77 -216.95 0.98 -0.92 -0.07 0.44 0.39 0.34 0.81
31.00 106.24 -693.93 38.45 -292.20 -0.73 0.53 0.87 0.12 0.95 0.85 0.52
18.00 21.31 -640.85 -225.81 -274.29 0.77 -0.50 0.28 0.38 0.95 0.04 0.23
6.00 3.59 668.42 -19.10 -203.68 -0.56 -0.70 -0.48 0.20 0.49 0.83 0.94
37.00 419.42 455.64 152.94 -547.07 0.51 -0.99 0.72 0.81 0.06 0.65 0.76
10.00 25.87 660.98 -179.50 205.85 -0.78 0.17 0.88 0.04 0.10 0.34 0.38
10.00 11.89 36.51 239.49 380.95 0.62 0.51 -0.38 0.33 0.86 0.82 0.65
35.00 147.28 -563.02 -100.07 -201.47 -0.69 -0.57 0.29 0.87 0.88 0.17 0.02
19.00 11.79 -5.88 81.20 -80.32 -0.48 0.59 -0.17 0.44 0.16 0.02 0.12
21.00 6.70 -93.31 -77.51 669.98 0.35 0.22 0.80 0.25 0.66 0.71 0.58
10.00 13.69 -346.40 -286.88 -187.46 0.94 0.36 0.52 0.50 0.22 0.64 0.00
5.00 2.13 -440.76 265.54 363.45 -0.50 -0.16 0.48 0.53 0.07 0.29 0.06
5.00 3.32 -544.85 -45.54 434.24 -0.08 0.53 0.57 0.53 0.08 0.93 0.34
36.00 57.53 712.96 341.89 97.43 -0.93 -0.05 -0.68 0.49 0.53 0.94 0.25
12.00 25.83 -13.34 -246.25 463.58 0.63 -0.67 -0.05 0.86 0.48 0.06 0.49
18.00 41.39 115.20 21.58 -194.87 0.56 0.43 0.17 0.42 0.84 0.47 0.62
7.00 5.40 673.34 -111.45 -315.95 0.95 0.34 -0.17 0.31 0.34 0.51 0.86
12.00 39.71 -537.10 -380.75 215.93 -0.33 0.95 0.07 0.68 0.78 0.90 0.75
19.00 79.61 -465.24 -209.95 -505.75 0.26 0.61 -1.00 0.11 0.69 0.50 0.38
8.00 10.33 -452.37 427.54 -369.55 0.69 -0.85 -0.29 0.92 0.17 0.96 0.27
6.00 0.82 -401.13 143.96 113.70 -0.59 0.70 -0.04 0.83 0.41 0.20 0.37
8.00 5.51 3.18 -192.46 494.93 0.71 0.40 -0.22 0.57 0.37 0.78 0.10
16.00 43.77 -156.84 298.41 359.89 -0.96 -0.25 0.70 0.33 0.40 0.42 0.89
37.00 282.02 147.06 -586.63 472.52 -0.79 0.76 -0.51 0.17 0.77 0.25 0.74
10.00 19.64 -477.89 292.29 110.23 0.47 0.24 0.44 0.14 0.85 0.09 0.88
14.00 37.56 -32.58 541.05 -68.49 0.01 0.46 0.06 0.31 0.20 0.02 0.15
8.00 19.19 -312.73 147.75 -600.80 -0.41 0.68 0.16 0.85 0.07 0.85 0.65
9.00 7.70 293.67 308.30 417.87 -0.72 -0.77 -0.16 0.50 0.48 0.91 0.76
30.00 148.21 -509.04 15.03 423.09 0.68 -0.99 -0.58 0.38 0.33 0.43 0.42
22.00 136.66 282.23 383.95 -559.24 0.90 -0.62 -0.03 0.20 0.34 0.11 0.67
8.00 5.57 -64.44 299.37 529.97 0.22 -0.23 0.19 0.43 0.63 0.23 0.80
30.00 220.77 -238.69 440.65 332.31 0.11 0.74 0.96 0.22 0.53 0.91 0.19
16.00 32.75 671.72 -255.99 343.61 0.10 0.37 -0.03 0.13 0.59 0.37 0.54
20.00 106.66 -108.05 -615.54 143.99 0.83 0.91 0.24 0.69 0.68 0.20 0.81
15.00 49.97 -340.64 -498.61 -39.74 -0.82 -0.57 0.09 0.32 0.90 0.73 0.22
6.00 0.65 232.56 -217.59 -20.95 0.31 -0.15 0.75 0.97 0.36 0.01 0.91
14.00 32.18 190.87 -203.70 -267.46 0.68 0.48 -0.66 0.11 0.25 0.71 0.42
26.00 160.49 -183.39 -379.42 -71.48 0.57 0.10 -0.56 0.27 0.47 0.99 0.22
11.00 7.94 -0.53 -244.42 612.40 -0.32 -0.25 -0.10 0.49 0.02 0.26 0.32
7.00 5.50 291.61 122.07 629.65 0.33 -0.05 0.34 0.76 0.53 0.23 0.63
31.00 206.21 502.40 144.19 565.99 0.64 0.19 0.40 0.62 0.98 0.76 0.74
12.00 19.04 145.21 -221.28 16.99 0.12 -0.25 -0.49 0.94 0.91 0.96 0.09
22.00 111.67 110.05 652.59 429.50 0.78 -0.79 -0.43 0.60 0.98 0.54 0.93
13.00 20.98 -41.74 662.94 411.39 -0.43 0.10 -0.00 0.55 0.88 0.38 0.37
5.00 4.84 -74.02 -116.76 -205.00 0.29 -0.31 0.16 0.80 0.49 0.22 0.31
5.00 7.28 247.48 397.92 358.85 0.08 -0.18 -0.07 0.16 0.03 0.32 0.29
17.00 14.25 99.56 -40.85 -760.97 -0.49 0.43 0.72 0.14 0.36 0.47 0.22
18.00 25.27 -537.77 -26.88 -210.45 0.70 0.05 0.21 0.82 0.36 0.29 0.28
8.00 7.35 100.98 -192.44 574.32 0.98 0.77 1.00 0.15 0.88 0.18 0.69
5.00 5.49 32.71 276.70 -16.31 0.11 -0.09 0.77 0.96 0.01 0.73 0.48
11.00 33.88 -713.70 -4.61 294.84 -0.97 0.91 -0.46 0.14 0.86 0.36 0.06
6.00 10.94 -183.49 233.58 624.52 0.19 0.27 -0.99 0.88 0.57 0.84 0.53
6.00 0.40 -70.83 -520.81 -574.14 0.82 -0.64 -0.46 0.63 0.13 0.12 0.77
12.00 13.66 -133.06 228.85 -237.88 0.18 -0.55 -0.16 0.29 0.63 0.15 0.92
13.00 6.79 340.62 526.29 36.40 0.58 0.81 0.83 0.05 0.35 0.94 0.57
7.00 9.56 392.82 -5.85 525.79 -0.29 -0.00 -0.38 0.85 0.24 0.01 0.62
7.00 0.35 -382.75 -636.51 119.46 0.43 -0.34 -0.93 0.58 0.36 0.97 0.60
31.00 73.83 185.03 231.76 -477.71 0.49 -0.88 -0.62 0.63 0.66 0.19 0.55
5.00 3.76 331.57 -605.63 8.44 0.56 -0.06 -0.96 0.40 0.03 0.71 0.57
5.00 6.44 265.31 -103.46 -126.14 -0.02 0.18 0.20 0.07 0.10 0.84 0.76
19.00 110.73 -82.09 -533.80 58.16 -0.52 0.78 0.55 0.57 0.03 0.99 0.14
9.00 12.88 230.39 284.13 203.72 -0.63 -0.80 -0.89 0.05 0.49 0.84 0.81
10.00 7.49 201.19 236.15 -522.71 -0.45 -0.10 -0.21 0.61 0.77 0.45 0.50
8.00 1.31 743.31 -74.52 78.78 0.21 -0.22 -0.31 0.29 0.07 0.35 0.34
9.00 19.65 628.73 181.53 -252.55 0.09 -0.21 0.18 0.75 0.24 0.77 0.28
5.00 7.27 476.35 226.05 -421.06 0.47 0.62 0.19 0.69 0.33 0.77 0.58
20.00 41.52 -15.41 35.84 254.91 -0.28 -0.27 0.12 0.79 0.82 0.47 0.01
18.00 63.69 387.52 525.18 -359.85 0.23 -0.39 0.82 0.06 0.28 0.16 0.96
23.00 6.32 444.79 -390.66 39.62 -0.56 -0.92 0.14 0.22 0.29 1.00 0.25
10.00 1.10 346.95 -36.81 -435.62 -0.78 -0.74 0.54 0.08 0.77 0.74 0.15
11.00 28.07 560.90 159.64 -104.98 -0.65 -0.35 -0.33 0.27 0.65 0.73 0.64
12.00 18.75 -207.26 521.09 -399.96 -0.32 0.66 0.19 0.43 0.61 0.86 0.08
7.00 6.71 -163.52 60.76 523.38 0.63 -0.82 0.93 0.56 0.45 0.27 0.24
10.00 28.96 356.61 181.49 -60.67 -0.28 -0.82 0.78 0.71 0.82 0.06 0.30
24.00 63.86 -79.92 502.06 -263.87 0.29 -0.59 0.10 0.58 0.61 0.95 0.10
11.00 3.49 -121.24 -339.18 -416.65 -0.61 0.31 -0.70 0.86 0.65 0.48 0.59
5.00 2.62 326.75 141.11 -397.69 -0.93 -0.77 -0.40 0.19 0.38 0.71 0.99
19.00 16.68 549.57 -152.11 -367.59 -0.50 0.16 0.33 0.40 0.02 0.41 0.27
26.00 210.28 577.99 -276.79 98.35 -0.15 0.76 0.38 0.73 0.31 0.38 0.86
8.00 12.33 598.09 -60.92 -292.09 0.75 0.51 0.82 0.37 0.51 0.21 0.83
10.00 24.16 17.03 -380.24 540.75 0.15 -0.09 0.37 0.19 0.00 0.46 0.49
13.00 8.81 -473.18 -29.53 -150.68 0.10 0.81 -0.72 0.41 0.41 0.47 0.73
8.00 12.24 390.99 -589.51 -260.72 0.64 0.60 0.30 0.83 0.07 0.70 0.92
7.00 12.23 513.62 -312.64 -518.05 -0.26 0.16 0.71 0.04 0.76 0.29 0.14
9.00 19.78 -96.03 317.75 410.20 0.91 -0.13 0.02 0.78 0.36 0.76 0.83
6.00 9.72 55.88 -404.87 122.66 -0.03 0.69 0.49 0.72 0.31 0.98 0.84
36.00 57.61 185.46 406.31 631.00 -0.84 0.38 0.32 0.54 0.99 0.27 0.23
15.00 7.59 -62.29 -385.25 187.79 0.44 0.14 -0.76 0.52 0.41 0.83 0.86
15.00 56.31 112.31 -516.54 405.37 -0.67 0.75 0.41 0.17 0.25 0.02 0.02
8.00 1.36 -499.23 -435.65 180.75 0.16 0.12 -0.46 0.16 0.57 0.32 0.63
10.00 18.55 463.27 -564.88 -276.45 -0.45 -0.89 0.32 0.92 0.13 0.45 0.88
15.00 71.01 -145.66 -72.28 -660.71 0.81 0.91 -0.21 0.84 0.50 0.34 0.95
5.00 7.66 -181.10 621.28 -342.45 -0.55 -0.27 -0.22 0.10 0.09 0.47 0.91
11.00 26.66 -58.43 209.04 -164.92 -0.34 -0.02 -0.99 0.74 0.50 0.78 0.20
6.00 9.52 45.07 547.29 -383.00 -0.29 0.23 0.69 0.86 0.60 0.75 0.72
5.00 6.63 -35.94 -333.81 658.81 -0.53 -0.77 -0.14 0.97 0.63 0.73 0.89
8.00 13.19 92.45 -40.24 -500.00 0.41 -0.69 -0.99 0.96 0.27 0.46 0.06
9.00 0.92 162.39 103.97 -122.41 -0.26 -0.85 0.00 0.36 0.98 0.95 0.36
7.00 0.46 63.81 247.94 77.96 -0.06 0.47 -0.35 0.17 0.22 0.44 0.81
21.00 79.87 573.46 145.19 -26.01 -0.53 -0.66 0.93 0.27 0.64 0.30 0.28
7.00 1.91 344.77 -170.86 -430.18 -0.21 0.79 -0.98 0.86 0.94 0.11 0.99
8.00 10.18 438.72 442.78 202.40 0.48 -0.65 0.24 0.53 0.14 0.19 0.55
22.00 44.02 -185.26 544.99 -311.24 0.09 -0.98 -0.71 0.54 0.10 0.41 0.65
23.00 47.03 -195.67 -673.37 86.88 0.46 -0.86 -0.44 0.25 0.76 0.03 0.46
17.00 37.13 -773.63 174.58 -78.10 -0.54 -0.24 -0.52 0.45 0.19 0.03 0.53
12.00 25.51 28.14 608.89 197.37 0.13 -0.90 0.82 0.34 0.99 0.25 0.68
6.00 7.10 15.08 -126.37 -687.82 -0.73 0.98 -0.81 0.19 0.95 0.01 0.95
9.00 19.38 127.20 -135.97 474.73 0.57 -0.76 -0.96 0.02 0.37 0.78 0.30
19.00 34.89 -218.43 -609.55 464.23 -0.97 0.05 0.09 0.35 0.09 0.08 0.22
7.00 11.06 -127.83 1.69 187.04 0.19 -0.74 -0.38 0.64 0.44 0.08 0.07
21.00 32.69 226.17 -86.96 -186.47 0.80 -0.71 0.21 0.77 0.87 0.93 0.27
5.00 7.55 -163.60 149.85 -746.09 -1.00 -0.75 -0.46 0.58 0.49 0.93 0.14
12.00 0.61 431.27 -32.37 547.18 0.33 -0.57 -0.35 0.65 0.03 0.91 0.01
14.00 18.89 335.89 659.65 -302.65 0.50 -0.70 -0.31 0.63 0.58 0.17 0.65
15.00 16.55 -69.12 -651.90 -402.01 -0.43 -0.06 -0.04 0.44 0.20 0.67 0.84
15.00 62.62 149.21 192.12 -499.03 0.11 -0.59 0.78 0.80 0.58 0.84 0.57
8.00 14.27 -75.22 -231.27 544.26 -0.23 0.91 -1.00 0.67 0.32 0.07 0.51
10.00 19.75 -150.82 624.53 -456.52 0.55 -0.31 -0.45 0.59 0.45 0.52 0.30
15.00 71.04 -235.28 76.68 577.41 0.17 0.68 0.46 0.32 0.13 0.45 0.67
13.00 35.40 -277.16 241.54 -74.40 -0.20 -0.26 0.72 0.40 0.47 0.09 0.37
5.00 6.73 -16.88 -465.79 -322.91 0.03 -0.09 0.36 0.25 0.98 0.93 0.33
14.00 11.48 -288.63 125.50 -717.57 0.22 -0.97 0.78 0.22 0.78 0.02 0.59
13.00 46.42 337.91 562.56 416.34 -0.68 -0.31 -0.48 0.63 0.85 0.86 0.69
5.00 2.53 142.21 -665.51 -41.80 0.30 -0.91 -0.10 0.21 0.21 0.30 0.75
11.00 2.01 -187.43 -344.79 199.66 0.63 -0.68 -0.78 0.15 0.44 0.11 0.81
6.00 10.34 497.80 -161.17 -556.80 0.77 0.16 0.75 0.39 0.22 0.22 0.21
6.00 2.97 -315.81 -396.80 -287.20 -0.55 0.55 0.69 0.94 0.75 0.29 0.54
13.00 26.52 113.66 127.95 772.55 -0.69 -0.69 0.77 0.76 0.59 0.52 0.21
9.00 12.99 -106.16 427.28 -250.66 0.90 0.90 0.79 0.80 0.81 0.43 0.24
10.00 3.01 577.11 -512.42 21.37 -0.14 0.34 -0.58 0.02 0.97 0.36 0.52
14.00 16.45 138.90 -361.87 421.19 0.92 0.15 -0.78 0.43 0.60 0.87 0.30
16.00 14.31 -431.44 -28.46 82.08 -0.62 0.09 0.61 0.11 0.10 0.44 0.67
6.00 10.15 -456.58 -281.60 -165.64 -0.32 0.07 -0.85 0.19 0.44 0.67 0.66
7.00 9.17 -590.74 234.00 -452.83 -0.82 -0.74 -1.00 0.74 0.28 0.98 0.65
10.00 3.16 531.55 307.25 107.30 -0.20 -0.64 0.07 0.11 0.43 0.76 0.23
6.00 11.43 -72.89 -143.25 -385.64 0.09 -0.56 0.05 0.73 0.52 0.92 0.83
12.00 1.37 274.77 -541.00 38.55 -0.21 -0.49 0.32 0.36 0.72 0.21 0.84
15.00 58.95 241.58 -453.02 -412.34 -0.61 -0.44 -0.37 0.40 0.65 0.50 0.99
10.00 6.86 -185.88 -379.03 -354.29 -0.13 -0.64 -0.68 0.45 0.02 0.60 0.00
5.00 6.95 130.48 -683.64 368.55 0.26 0.77 -0.01 0.02 0.12 0.13 0.36
11.00 8.35 -437.08 47.28 -127.11 -0.65 -0.74 -0.17 0.93 0.77 0.37 0.87
5.00 6.18 -283.10 -144.58 143.55 0.21 -0.92 -0.03 0.54 0.56 0.27 0.39
7.00 11.48 94.64 -329.71 169.39 -0.33 -0.08 0.62 0.50 0.13 0.60 0.89
8.00 14.22 -20.88 33.71 -8.83 -0.96 0.38 -0.89 0.83 0.96 0.88 0.21
12.00 38.59 -218.31 626.98 2.86 -0.02 -0.83 -0.60 0.71 0.01 0.24 0.87
13.00 12.08 336.67 -56.09 -527.13 0.12 -0.80 -0.74 0.25 0.96 0.01 0.30
14.00 13.75 -32.97 131.65 144.47 -0.04 -0.49 -1.00 0.04 0.52 0.82 0.31
37.00 90.93 716.79 55.73 108.47 -0.55 -0.87 -0.22 0.06 0.57 0.39 0.59
11.00 3.69 -168.58 753.77 -149.31 -0.57 -0.86 -0.40 0.97 0.73 0.62 0.90
7.00 13.71 557.56 -188.23 -291.30 0.68 -0.03 0.47 0.99 0.53 0.94 0.15
10.00 9.74 -390.75 -190.28 -564.53 0.84 0.41 0.71 0.49 0.40 0.90 0.81
14.00 54.94 -679.59 -88.30 -137.10 -0.26 0.48 0.95 0.71 0.38 0.13 0.46
17.00 7.12 365.31 -135.22 -115.02 0.80 0.39 0.42 0.60 0.33 0.79 0.67
9.00 22.64 204.59 -591.00 -44.42 0.60 -0.85 0.81 0.52 0.60 0.58 0.00
36.00 288.84 -157.82 211.38 485.61 -0.97 -0.51 -0.06 0.56 0.03 0.69 0.74
12.00 25.84 235.21 -354.50 -537.08 -1.00 0.99 0.36 0.09 0.47 0.79 0.33
10.00 10.29 518.84 -66.54 -449.96 -0.04 -0.70 -0.87 0.43 0.15 0.47 0.97
7.00 3.01 583.57 2.97 -207.67 -0.90 -0.67 -0.13 0.52 0.11 0.78 0.12
10.00 9.74 -113.14 -133.75 668.64 0.65 -0.28 0.83 0.76 0.98 0.67 0.62
9.00 7.43 344.54 261.74 -527.22 -0.23 0.64 -0.72 0.81 0.46 0.63 0.79
10.00 23.66 -378.85 -45.96 424.57 0.74 -0.58 -0.42 0.69 0.49 0.40 0.75
11.00 32.03 186.87 445.83 -511.67 -0.76 0.98 0.63 0.48 0.50 0.36 0.68
6.00 3.37 -324.38 -521.39 -311.69 0.14 -0.40 0.23 0.55 0.30 0.16 0.31
5.00 3.14 558.79 -93.59 -214.84 -0.43 0.39 0.25 0.12 0.79 0.09 0.06
35.00 389.42 -50.59 -325.15 -44.00 -0.92 0.14 -0.34 0.39 0.92 0.84 0.23
13.00 2.45 170.28 -204.96 681.72 0.14 0.01 0.23 0.58 0.17 0.90 0.70
6.00 2.20 108.44 595.95 -2.52 -0.11 0.04 -0.13 0.45 0.94 0.02 0.70
20.00 123.58 394.27 -214.67 -163.13 -0.44 0.53 0.53 0.53 0.69 0.72 0.34
7.00 14.44 -131.56 -163.18 -314.91 0.57 -0.22 0.14 0.69 0.62 0.83 0.47
8.00 20.11 -620.71 -236.73 409.18 0.83 0.60 0.83 0.15 0.78 0.53 0.52
17.00 65.75 187.83 399.83 -104.50 0.10 -0.87 -0.91 0.79 0.63 0.58 0.66
7.00 10.72 -286.83 -186.48 429.08 0.66 -0.46 0.15 0.09 0.96 0.88 0.32
12.00 40.18 24.06 239.39 186.74 0.70 -0.08 -0.17 0.35 0.05 0.87 0.02
9.00 4.78 -496.50 -131.37 193.27 -0.67 -0.58 0.16 0.13 0.97 0.09 0.18
9.00 22.98 621.44 -152.44 2.84 -0.30 -0.80 0.82 0.98 0.99 0.33 0.07
19.00 97.80 24.82 258.02 249.62 -0.63 0.09 0.43 0.67 0.79 0.86 0.21
7.00 3.70 -295.19 -616.70 236.26 0.60 -0.50 0.14 0.05 0.14 0.17 0.67
6.00 8.16 -67.18 343.04 303.34 -0.98 -0.35 0.82 0.14 0.18 0.88 0.24
8.00 13.23 152.52 165.59 -559.49 -0.26 0.35 -0.21 0.24 0.71 0.87 0.16
16.00 39.09 446.22 416.27 370.06 -0.44 0.85 -0.72 0.46 0.20 0.47 0.08
19.00 39.47 384.20 549.53 -79.25 -0.49 -0.11 0.90 0.63 0.43 0.25 0.31
9.00 11.60 244.11 647.77 -244.74 -0.16 -0.62 0.32 0.30 0.27 0.42 0.80
27.00 161.48 266.76 -214.18 -499.15 -0.31 -0.03 -0.73 0.13 0.86 0.10 0.99
12.00 35.28 -629.17 -46.64 397.48 0.08 0.80 0.11 0.75 0.83 0.67 0.21
6.00 6.76 -200.74 740.54 -130.54 0.57 0.45 -0.26 0.44 0.85 0.52 0.15
5.00 3.08 -306.13 555.46 -396.47 -0.94 0.64 0.34 0.34 0.87 0.03 0.11
14.00 12.08 709.05 -332.96 -120.15 0.95 -0.75 -0.78 0.34 0.27 0.11 0.22
9.00 11.44 -28.57 114.07 -654.02 -0.47 0.11 -0.45 0.44 0.25 0.43 0.78
15.00 45.97 172.76 -459.10 -441.28 -0.98 0.36 0.19 0.59 0.45 0.09 0.43
16.00 70.75 -234.25 170.78 -741.78 -0.60 0.81 -0.18 0.48 0.60 0.32 0.78
5.00 0.13 -70.43 -9.93 -98.87 -0.24 -0.33 0.95 0.92 0.31 0.85 0.27
27.00 158.89 81.17 -83.61 -679.85 -0.89 0.59 -0.99 0.71 0.87 0.50 0.52
8.00 18.75 -261.22 152.63 623.57 0.49 0.22 0.03 0.43 0.45 0.31 0.44
26.00 131.76 620.10 231.70 19.97 -0.23 -0.63 -0.91 0.21 1.00 0.59 0.61
34.00 112.18 -448.34 171.06 -496.61 0.04 0.92 0.99 0.75 0.76 0.51 0.32
11.00 10.65 290.48 -691.77 32.10 -0.78 0.72 0.71 1.00 0.24 0.45 0.80
21.00 77.75 -190.38 341.67 298.97 0.80 -0.02 -0.23 0.64 0.26 0.16 0.50
9.00 24.49 117.96 -734.71 66.90 0.05 0.78 -0.98 0.72 0.33 0.00 0.68
36.00 13.49 590.77 -478.14 149.79 -0.23 0.44 0.09 0.90 0.16 0.04 0.22
6.00 9.00 32.67 684.15 -233.58 -0.42 0.36 -0.41 0.62 0.36 0.69 0.42
7.00 3.40 -278.22 291.02 -44.85 -0.81 0.35 0.29 0.32 0.26 0.13 0.57
24.00 107.93 -103.43 168.35 283.21 -0.35 0.68 -0.71 0.86 0.61 0.76 0.13
8.00 18.63 -356.39 -216.78 612.63 -0.10 -0.71 -0.33 0.16 0.27 0.57 0.09
11.00 8.69 -41.65 -182.10 -160.44 -0.28 -0.71 -0.09 0.42 0.63 0.46 0.28
11.00 21.05 -291.53 191.47 158.05 -0.90 0.59 -0.12 0.04 0.33 0.98 0.00
8.00 11.02 -10.58 -219.03 -614.47 0.45 0.31 -0.22 0.28 0.48 0.34 0.39
11.00 35.15 574.00 233.18 -467.23 0.64 0.65 -0.72 0.47 0.23 0.78 0.35
6.00 3.68 -358.43 -467.61 56.53 0.34 0.71 -0.64 0.57 0.13 0.77 0.22
5.00 2.28 -139.75 -229.65 -93.57 0.57 0.04 0.79 0.86 0.35 0.03 0.02
12.00 1.76 -104.77 -651.04 94.89 0.29 0.60 -0.63 0.09 0.66 0.43 0.55
13.00 40.96 516.82 -381.45 -224.02 0.95 0.62 -0.88 0.07 0.80 0.22 0.23
11.00 33.91 324.10 -418.75 -249.02 0.72 0.09 0.64 0.63 0.86 0.44 0.58
30.00 272.93 503.21 386.29 308.56 0.85 -0.89 0.93 0.37 0.75 0.24 0.25
21.00 105.17 44.14 -709.45 -363.94 0.61 -0.30 0.48 0.66 1.00 0.69 0.09
13.00 43.30 215.45 171.29 145.78 -0.58 -0.69 -0.61 0.92 0.46 0.62 0.74
16.00 2.65 141.51 -245.08 -235.34 -0.43 0.60 -0.17 0.68 0.09 0.98 0.08
13.00 15.73 164.86 -288.55 -143.67 -0.14 0.18 0.39 0.77 0.02 0.83 0.08
29.00 224.59 620.53 444.83 105.11 0.21 -0.08 0.55 0.68 0.94 0.01 0.13
22.00 107.98 -324.57 725.42 45.97 -0.35 -0.50 -0.52 0.24 0.07 0.67 0.97
12.00 10.68 576.18 -315.99 375.76 0.04 0.47 -0.63 0.77 0.21 0.84 0.48
22.00 30.85 474.42 -214.79 180.13 -0.55 0.12 -0.14 0.34 0.94 0.89 0.27
10.00 1.24 -488.52 386.87 -179.15 -0.31 -0.48 -0.75 0.96 0.94 0.84 0.20
13.00 35.59 -93.93 -38.92 503.75 0.84 -0.07 0.22 0.28 0.45 0.09 0.89
31.00 16.12 206.60 -0.74 572.59 -0.46 -0.74 0.89 0.84 0.92 0.22 0.37
37.00 389.05 -100.11 -439.73 -529.10 0.41 0.06 -0.86 0.61 0.51 0.63 0.44
15.00 28.49 453.25 407.70 -24.15 -0.98 -0.42 0.18 0.11 0.50 0.94 0.48
16.00 61.35 -590.91 520.82 -121.33 0.65 0.90 -0.45 0.89 0.57 0.12 0.46
5.00 4.02 -264.90 590.77 211.94 -0.33 0.88 0.71 0.13 0.51 0.50 0.57
7.00 4.55 307.85 -56.68 32.94 -0.62 -0.14 0.54 0.97 0.61 0.34 0.82
29.00 204.51 -383.78 -338.18 -254.93 -0.96 0.59 -0.77 0.53 0.98 0.39 0.13
6.00 6.50 188.07 692.81 73.65 -0.80 -0.98 -0.09 0.76 0.62 0.28 0.88
13.00 37.00 93.45 181.38 -277.41 0.98 0.94 0.14 0.22 0.21 0.73 0.24
29.00 45.68 337.57 -431.00 -101.37 0.08 0.74 -0.25 0.50 0.67 0.44 0.63
9.00 19.61 -312.43 -354.77 246.22 -0.12 -0.07 -0.48 0.88 0.33 0.61 0.79
27.00 175.53 499.68 -570.83 -171.88 0.51 0.84 -0.64 0.29 0.98 0.06 0.42
10.00 16.17 -340.36 -144.88 619.27 0.60 0.47 -0.56 0.83 0.96 0.73 0.66
6.00 2.02 61.03 -264.64 308.74 -0.32 0.16 -0.13 0.76 0.14 0.02 0.36
24.00 159.53 -282.25 -311.09 324.32 0.39 0.27 -0.27 0.97 0.67 0.95 0.79
12.00 22.42 162.24 491.34 20.19 0.83 -0.89 -0.49 0.84 0.55 0.37 0.20
5.00 5.04 125.00 143.80 40.99 0.43 -0.21 -0.01 0.92 0.75 0.30 0.37
9.00 24.76 175.80 -305.52 -638.46 0.87 0.38 0.87 0.03 0.15 0.80 0.36
16.00 35.92 77.24 724.21 -300.33 0.11 0.80 0.30 0.12 0.48 0.43 0.15
5.00 1.65 527.12 -539.33 -135.83 -0.85 -0.03 0.84 0.97 0.53 0.57 0.63
10.00 6.91 267.11 -474.60 -532.62 0.66 -0.64 0.63 0.43 0.43 0.79 0.75
18.00 38.40 -477.46 375.78 139.20 -0.24 0.94 0.77 0.70 0.13 0.40 0.11
12.00 2.68 -69.39 -709.08 -79.63 -0.96 -0.93 0.39 0.70 0.07 0.59 0.80
34.00 338.36 501.39 -275.45 45.73 0.59 0.86 -0.55 0.81 0.59 0.78 0.96
12.00 38.20 328.42 239.10 40.08 -0.13 0.95 -0.04 0.68 0.18 0.18 0.11
9.00 23.94 337.22 335.24 123.61 -0.37 -0.03 0.85 0.01 0.69 0.52 0.74
11.00 22.57 273.78 293.18 607.48 0.86 -0.14 0.83 0.70 0.05 0.22 0.98
31.00 158.99 -537.80 -229.72 -248.11 -0.36 0.69 -0.66 0.38 0.44 0.60 0.99
12.00 22.99 62.83 380.27 -35.09 0.18 -0.96 0.11 0.08 0.67 0.49 0.57
14.00 38.41 305.37 344.66 -435.13 -0.84 -0.78 0.14 0.98 0.00 0.25 0.06
11.00 27.55 -280.91 19.03 570.74 0.46 -0.17 0.60 0.26 0.16 0.41 0.23
25.00 61.35 -290.00 -56.66 528.91 -0.15 0.12 0.62 0.92 0.99 0.30 0.20
22.00 34.41 33.23 -599.96 -33.88 -0.25 0.58 -0.42 0.81 0.56 0.07 0.88
14.00 22.75 528.28 422.49 -315.59 0.63 -0.56 -0.08 0.03 0.75 0.25 0.83
29.00 256.76 333.92 230.74 -257.30 -0.89 0.84 -0.67 0.58 0.90 0.79 0.44
11.00 2.17 -285.68 441.96 -590.51 0.89 0.37 -0.18 0.51 0.95 0.96 0.20
8.00 12.98 -227.67 734.98 -27.46 -0.15 -0.38 0.67 0.11 0.63 0.37 0.64
11.00 21.67 -475.89 304.88 -44.43 0.70 0.09 0.35 0.80 0.57 0.36 0.91
7.00 15.25 -209.56 -650.94 -394.89 0.20 -0.37 0.06 0.31 0.63 0.28 0.39
5.00 1.26 -332.82 537.45 163.27 0.26 0.83 0.48 0.65 0.37 0.06 0.25
12.00 39.73 -304.92 -161.67 -391.35 -0.45 0.83 -0.66 0.17 0.18 0.55 0.32
34.00 186.29 401.03 -201.07 661.44 0.88 0.73 0.44 0.93 0.24 0.13 0.94
10.00 29.84 146.30 -716.08 -5.10 -0.66 -0.17 0.13 0.61 0.99 0.63 0.81
8.00 7.23 -667.35 -109.62 -153.79 -0.64 -0.84 -0.35 0.29 0.84 0.54 0.52
11.00 32.02 314.83 511.52 -125.32 0.22 0.16 -0.12 0.09 0.50 0.97 0.59
18.00 63.36 757.94 225.60 -34.54 -0.44 0.90 0.95 0.38 0.10 0.48 0.24
10.00 9.14 37.96 -534.58 199.88 0.95 -0.07 0.46 0.70 0.48 0.90 0.98
5.00 1.75 -160.67 108.35 693.09 0.58 -0.89 -0.64 0.60 0.82 0.75 0.52
11.00 18.15 191.69 -219.01 -72.14 0.02 -0.31 0.18 0.08 0.24 0.48 0.06
6.00 8.89 227.74 431.60 -12.34 0.16 -0.01 -0.05 0.20 0.85 0.67 0.16
9.00 11.16 -246.76 469.52 218.52 -0.73 0.88 0.15 0.43 0.20 0.76 0.19
31.00 290.16 124.05 -172.45 733.75 0.90 -0.77 -0.77 0.14 0.77 0.25 0.00
7.00 12.09 -331.47 -269.33 442.66 0.10 -0.19 -0.27 0.70 0.70 0.27 0.82
11.00 27.84 -345.26 -612.70 353.72 0.86 0.51 0.68 0.41 0.17 0.72 0.82
12.00 31.52 -156.20 123.92 -19.08 -0.26 -0.59 -0.78 0.18 0.87 0.28 0.10
17.00 28.77 155.32 -282.52 333.53 -0.57 0.94 0.20 0.01 0.18 0.97 0.97
8.00 13.78 -5.81 -144.30 769.50 0.78 -0.71 -0.21 0.69 0.25 0.51 0.25
26.00 206.83 -387.06 -367.88 -586.87 -0.16 0.92 -0.11 0.90 0.01 0.80 0.55
6.00 10.82 -365.86 -395.29 -144.75 0.15 0.91 0.70 0.40 0.93 0.02 0.15
5.00 7.72 44.75 458.45 -267.71 0.04 -0.44 -0.46 0.80 0.17 0.25 0.14
9.00 19.38 245.53 -193.39 -276.12 -0.50 -0.06 0.40 0.00 0.45 0.89 0.50
9.00 6.68 -356.07 496.37 412.52 -0.98 0.26 0.45 0.81 0.67 0.52 0.43
9.00 18.51 38.61 -249.57 176.98 -0.29 0.61 0.41 0.16 0.37 0.73 0.78
11.00 30.36 215.58 -624.29 -106.33 -0.22 -0.53 -0.75 0.81 0.27 0.77 0.42
6.00 6.94 189.34 -597.35 -177.90 -0.45 -0.89 -0.02 0.44 0.86 0.99 0.13
7.00 5.19 -72.14 -138.50 621.62 -0.77 0.69 -0.56 0.13 0.32 0.25 0.33
11.00 7.11 237.61 -111.55 -93.26 0.74 0.91 0.95 0.37 0.91 0.30 0.78
6.00 7.42 -511.01 -469.02 170.74 -0.89 -0.14 0.20 0.49 0.48 0.66 0.15
17.00 33.27 -176.60 357.04 -103.85 -0.38 0.67 -0.67 0.04 0.93 0.77 0.88
16.00 59.66 40.10 -167.71 377.20 0.32 -0.22 0.73 0.76 0.62 0.74 0.40
23.00 75.03 652.07 305.85 283.68 0.68 0.46 0.36 0.29 0.36 0.20 0.44
9.00 6.93 -352.75 66.21 457.32 0.22 -0.44 -0.09 0.89 0.98 0.40 0.11
17.00 59.42 -122.19 710.65 88.17 -0.16 0.30 0.45 0.03 0.37 0.82 0.85
6.00 3.23 -18.23 122.96 -617.41 -0.22 -0.00 -0.07 0.24 0.03 0.37 0.56
19.00 80.56 -482.77 -635.20 53.87 0.90 0.16 0.56 0.93 0.55 0.83 0.52
18.00 69.04 6.80 -432.32 -139.73 -0.50 0.74 0.51 0.41 0.50 0.46 0.30
22.00 23.37 -236.98 504.66 -334.91 -0.47 -0.81 0.58 0.19 0.97 0.27 0.32
5.00 5.97 298.11 -453.74 511.83 0.84 -0.10 0.69 0.41 0.98 0.06 0.10
5.00 5.54 199.09 194.22 -106.67 -0.12 -0.06 0.52 0.48 0.56 0.27 0.87
18.00 3.81 -219.32 448.64 15.58 0.11 0.18 -0.21 0.46 0.19 0.23 0.05
8.00 14.52 -443.57 551.51 299.36 0.67 -0.02 -0.74 0.31 0.11 0.86 0.14
13.00 12.04 320.03 -340.57 618.03 -0.16 0.99 -0.23 0.31 0.67 0.83 0.29
5.00 7.27 -67.65 -228.09 169.67 -0.09 0.83 -0.74 0.46 0.91 0.34 0.71
6.00 0.15 -676.53 257.63 247.36 -0.64 0.91 0.46 0.71 0.04 0.43 0.83
6.00 11.49 130.55 -552.53 -315.61 -0.79 -0.31 -0.98 0.17 0.39 0.15 0.13
7.00 12.30 -376.43 385.01 -141.50 0.00 -0.86 0.81 0.56 0.63 0.84 0.75
10.00 6.94 570.65 246.92 445.05 0.34 0.79 -0.52 0.74 0.54 0.38 0.02
7.00 4.34 -586.01 74.33 151.04 -0.92 -0.72 0.06 0.55 0.15 0.36 0.95
13.00 1.01 688.79 235.78 62.27 -0.13 -0.36 0.96 0.28 0.52 0.51 0.69
13.00 31.26 213.81 343.49 48.69 0.53 -0.73 -0.56 0.97 0.15 0.64 0.20
25.00 86.10 -152.14 -656.92 -170.34 0.57 0.22 -0.63 0.68 0.42 0.61 0.99
8.00 4.26 -174.39 182.98 741.86 -0.57 0.42 0.34 0.93 0.64 0.97 0.01
21.00 92.79 -534.88 562.56 124.59 0.37 -0.72 0.89 0.79 0.54 0.41 0.71
8.00 12.12 -32.76 186.56 -252.86 -0.40 0.64 0.24 0.63 0.53 0.31 0.19
22.00 2.82 310.18 -390.10 348.33 0.44 -0.29 0.04 0.26 0.80 0.75 0.02
12.00 24.45 -518.87 -503.89 -335.91 -0.21 -0.54 0.20 0.91 0.10 0.28 0.22
12.00 43.69 439.42 -342.99 156.36 0.04 -0.28 0.91 0.12 0.34 0.40 0.99
9.00 24.47 -499.97 -456.69 -25.63 0.13 0.36 -0.50 0.12 0.38 0.83 0.55
13.00 39.65 -408.08 284.23 407.11 -0.45 0.39 0.68 0.83 0.96 0.53 0.25
10.00 6.03 322.07 -17.44 -715.04 1.00 0.21 0.31 0.04 0.28 0.82 0.88
5.00 5.31 142.90 -420.69 306.58 0.21 -0.07 0.80 0.41 0.29 0.61 0.58
6.00 9.43 169.03 -356.75 427.02 -0.94 0.48 0.97 0.46 0.48 0.80 0.18
7.00 13.68 -434.35 35.86 -472.41 0.61 -0.06 0.36 0.34 0.86 0.95 0.56
15.00 70.50 -650.25 142.16 341.41 -0.53 -0.47 -0.37 0.58 0.46 0.86 0.09
12.00 30.24 -135.46 -133.50 -723.85 0.20 -0.04 0.83 0.49 0.25 0.75 0.96
12.00 26.63 -342.04 245.22 -408.74 -0.29 0.26 0.74 0.59 0.66 0.02 0.59
21.00 7.37 314.23 697.82 -152.90 -0.50 0.34 0.30 0.09 0.41 0.47 0.09
26.00 132.94 450.51 253.98 446.20 0.64 -0.76 -0.75 0.51 0.52 0.55 0.37
16.00 70.12 106.43 204.54 29.49 0.28 0.60 0.16 0.89 0.83 0.31 0.23
35.00 220.80 -89.05 -633.57 423.09 -0.88 -0.23 -0.71 0.55 0.80 0.04 0.11
12.00 15.97 433.49 51.28 -386.94 0.95 -0.73 -0.80 0.44 0.11 0.45 0.38
15.00 27.21 -240.40 -462.58 173.35 -0.31 -0.13 -0.57 0.37 0.97 0.10 0.74
10.00 4.31 -185.69 -60.39 131.21 -0.84 -0.35 0.20 0.20 0.54 0.42 0.72
10.00 15.74 -293.98 704.89 132.86 -0.78 -0.77 -0.61 0.98 0.01 0.45 0.96
16.00 22.80 -450.55 287.19 -315.02 0.28 0.67 0.74 0.33 0.52 0.22 0.19
6.00 2.50 132.07 -104.22 -39.54 -0.47 -0.43 0.24 0.91 0.28 0.08 0.63
9.00 8.08 -145.25 113.85 663.19 -0.80 0.22 0.47 0.89 0.13 0.20 0.18
5.00 6.18 19.77 561.23 400.65 0.95 0.89 -0.27 0.76 0.37 0.93 0.02
8.00 3.53 -597.98 119.10 -261.56 -0.98 -0.13 0.58 0.07 0.07 0.47 0.40
22.00 131.10 -175.94 -624.71 76.58 -0.87 -0.76 0.04 0.84 0.72 0.71 0.30
8.00 9.66 -493.22 343.03 -149.57 -0.64 -0.60 0.44 0.55 0.49 0.32 0.49
5.00 6.06 485.07 -70.63 -596.78 -0.19 -0.34 -0.71 0.12 0.09 0.21 0.85
8.00 12.14 -206.72 -104.74 -691.05 0.55 -0.66 -0.50 0.88 0.25 0.43 0.50
8.00 14.06 283.55 -525.42 83.50 0.08 0.46 -0.00 0.06 0.40 0.11 0.37
14.00 19.81 589.17 -461.20 -50.85 -0.85 0.33 0.67 0.80 0.70 0.86 0.58
21.00 24.24 -307.66 591.98 -424.84 -0.89 -0.86 0.76 0.38 0.48 0.51 0.83
8.00 6.37 501.99 419.56 -450.77 -0.06 0.59 0.73 0.67 0.99 0.48 0.56
13.00 1.07 283.49 22.01 113.13 -0.71 0.62 0.56 0.82 0.12 0.82 0.56
24.00 87.84 241.67 -561.77 -56.00 0.82 0.32 -0.55 0.32 0.64 0.61 0.98
7.00 15.56 607.19 56.27 -485.57 0.49 -0.01 0.86 0.41 0.43 0.06 0.97
13.00 36.33 556.70 234.51 -522.53 -0.48 0.50 0.19 0.91 0.76 0.85 0.37
6.00 6.13 -280.80 578.49 -327.24 -0.84 -0.33 0.92 0.63 0.58 0.06 0.83
6.00 8.58 569.19 -434.17 301.35 0.15 0.22 0.27 0.95 0.85 0.14 0.61
7.00 0.72 407.49 -110.09 -299.07 -0.90 -0.24 -0.08 0.53 0.17 0.79 0.37
23.00 140.72 -524.14 -316.49 -214.56 -0.46 -1.00 -0.17 0.42 0.42 0.03 0.55
14.00 9.62 227.63 81.17 -247.82 0.93 0.63 0.51 0.63 0.33 0.51 0.95
6.00 8.69 -515.42 436.61 287.37 0.27 -0.05 0.29 0.80 0.15 0.37 0.91
15.00 25.27 -730.55 -6.27 -205.52 -0.47 -0.18 0.80 0.74 0.56 0.27 0.45
5.00 1.32 254.10 -614.08 14.63 0.37 1.00 0.62 0.67 0.72 0.34 0.29
13.00 13.30 495.95 -476.93 94.94 -0.33 -0.83 -0.52 0.54 0.50 0.06 0.86
5.00 2.30 680.91 -228.47 18.03 -0.98 -0.90 0.34 0.07 0.07 0.17 0.79
10.00 30.44 469.20 -379.91 -93.91 0.68 0.42 0.40 0.16 0.87 0.92 0.84
21.00 11.65 -94.56 140.76 -582.31 0.87 0.76 0.04 0.55 0.04 0.52 0.24
11.00 38.26 144.81 -134.18 581.92 -0.48 -0.88 0.93 0.81 0.30 0.01 0.92
10.00 12.57 368.77 21.45 221.70 -0.24 0.96 0.36 0.86 0.72 0.24 0.07
16.00 29.91 -533.90 130.09 308.69 -0.38 -0.49 -0.78 0.75 0.53 0.11 0.50
7.00 1.02 474.42 -26.23 -263.71 -0.82 -0.26 -0.02 0.85 0.30 0.73 0.19
11.00 8.43 326.64 207.65 -211.71 -0.05 -0.95 -0.53 0.99 1.00 0.79 0.55
13.00 10.22 129.64 -604.82 404.00 -0.93 0.11 0.19 0.62 0.42 0.85 0.53
8.00 15.74 79.42 -352.58 436.63 0.49 0.57 0.71 0.48 0.68 0.70 0.51
14.00 53.34 -225.83 496.85 -423.46 0.00 -0.23 -0.89 0.77 0.39 0.21 0.90
19.00 77.09 -257.86 563.67 293.16 -0.66 -0.54 0.72 0.24 0.77 0.19 0.56
11.00 35.58 -253.09 439.93 -464.31 -0.87 -0.50 0.67 0.01 0.02 0.82 0.01
9.00 24.79 249.17 557.11 222.15 -0.81 -0.57 -0.85 0.63 0.22 0.35 0.29
24.00 156.77 326.42 329.68 634.19 0.06 0.02 0.30 0.19 0.11 0.50 0.95
9.00 13.27 599.31 -345.20 -202.07 -0.77 -0.63 -0.13 0.40 0.49 0.80 0.77
8.00 9.02 118.53 233.48 95.17 -0.96 -0.27 0.35 0.54 0.68 0.93 0.99
15.00 3.75 -143.39 426.21 299.03 -0.86 -0.01 0.44 0.81 0.66 0.27 0.55
10.00 11.44 495.30 222.86 -11.90 0.49 -0.19 0.83 0.43 0.44 0.90 0.97
20.00 96.66 47.71 318.27 -154.44 -0.79 -0.65 0.01 0.69 0.59 0.13 0.83
8.00 12.21 -645.56 155.16 374.38 -0.37 0.64 0.94 0.93 0.34 0.45 0.35
5.00 3.81 -174.86 332.99 -310.20 -0.17 -0.06 0.88 0.30 0.18 0.79 0.84
17.00 40.45 -369.27 -627.67 -181.16 -0.44 0.01 -0.29 0.46 0.57 0.57 0.49
6.00 6.78 -123.26 -432.24 515.83 -0.06 0.95 -0.47 0.47 0.64 0.54 0.80
16.00 36.08 690.30 285.76 143.96 -0.32 -0.76 -0.31 0.20 0.20 0.44 0.89
7.00 3.09 63.98 -394.30 440.90 -0.09 0.96 0.38 0.12 0.68 0.53 0.63
6.00 10.86 -393.31 -155.12 -164.77 0.33 0.81 -0.30 0.07 0.73 0.08 0.70
6.00 0.60 319.95 509.18 425.26 0.27 -0.17 -0.75 0.28 0.24 0.56 0.39
7.00 1.57 314.53 -32.32 668.75 -0.19 0.26 0.73 0.17 0.37 0.75 0.99
11.00 21.09 -44.57 496.09 -13.75 -0.49 -0.60 -0.21 0.72 0.98 0.52 0.90
10.00 21.83 -638.56 -278.98 388.91 -0.98 0.02 0.28 0.36 0.46 0.70 0.83
26.00 95.83 304.94 101.59 321.46 -0.11 0.60 0.42 0.03 0.75 0.76 0.61
9.00 0.91 -589.63 314.92 263.28 0.76 0.99 -0.73 0.37 0.15 0.42 0.18
11.00 0.81 -573.43 429.81 182.45 -0.26 0.42 0.50 0.38 0.09 0.97 0.45
18.00 93.50 -393.48 573.18 128.53 -0.81 -0.83 0.03 0.63 0.65 0.11 0.09
12.00 16.93 127.76 104.75 395.98 -0.44 -0.15 0.45 0.97 0.72 0.31 0.20
11.00 14.20 -0.08 542.32 392.75 -0.38 0.15 -0.23 0.58 0.16 0.20 0.60
7.00 2.29 -703.46 -108.66 -328.92 -0.86 -0.05 -0.42 0.24 0.02 0.64 0.75
8.00 15.13 -293.15 54.60 624.71 0.38 0.21 -0.56 0.18 0.50 0.97 0.81
5.00 4.17 84.48 34.03 654.06 -0.75 0.92 -0.03 0.02 0.96 0.35 0.21
21.00 1.29 -198.34 -470.66 86.72 -0.44 -0.90 -0.93 0.05 0.49 0.55 0.34
11.00 29.75 361.12 -65.24 -100.11 -0.84 0.21 -0.16 0.46 0.64 0.27 0.23
9.00 19.65 91.42 -2.17 -441.97 -0.87 0.23 -0.92 0.98 0.95 0.76 0.61
6.00 9.43 -401.58 -168.66 -424.92 -0.11 0.82 -0.54 0.92 0.46 0.93 0.59
13.00 12.51 -237.46 62.95 200.08 0.32 -0.53 -0.05 0.15 0.75 0.16 0.06
6.00 0.12 395.77 -569.72 -393.98 0.13 -0.98 -0.57 0.12 0.30 0.88 0.90
14.00 12.50 -242.42 -59.99 46.83 0.17 -0.76 -0.03 0.20 0.04 0.98 0.31
19.00 51.61 103.64 -557.24 -407.05 0.05 0.28 0.64 0.44 0.89 0.02 0.66
26.00 69.26 -651.58 -232.54 377.51 -0.43 -0.13 -0.85 0.88 0.06 0.61 0.86
14.00 27.74 149.66 466.68 506.40 1.00 -0.47 0.85 0.59 0.12 0.73 1.00
9.00 3.50 18.60 200.93 -555.05 -0.22 0.64 0.27 0.47 0.47 0.91 0.15
5.00 7.12 -207.77 190.40 219.30 0.05 0.92 -0.82 0.38 0.44 0.05 0.35
6.00 6.30 -109.67 226.90 743.11 0.10 -0.38 0.57 0.71 0.63 0.80 0.00
6.00 2.25 47.20 -171.63 -405.95 0.60 -0.19 -0.68 0.57 0.09 0.13 0.67
6.00 1.12 41.30 268.04 93.99 -0.89 -0.62 0.89 0.40 0.19 0.55 0.50
6.00 10.25 -416.23 334.34 524.38 -0.36 -0.13 -0.22 0.50 0.56 0.59 0.43
7.00 13.73 90.93 470.26 574.43 0.42 0.69 0.81 0.78 0.70 0.41 0.03
26.00 6.25 -377.00 29.74 509.28 -0.42 -0.90 0.55 1.00 0.53 0.04 0.11
20.00 76.87 -316.25 -158.04 -238.61 -0.29 0.95 0.33 0.30 0.20 0.34 0.16
6.00 10.80 165.93 317.50 315.81 -0.65 0.47 -0.06 0.33 0.32 0.66 0.62
11.00 32.11 120.31 -91.06 -726.48 0.19 -0.80 0.60 0.87 0.48 0.27 0.53
8.00 12.91 -281.18 128.95 367.38 -0.40 0.10 -0.92 0.12 0.45 0.24 0.09
16.00 74.56 -493.84 323.19 426.35 0.84 -0.41 0.93 0.68 0.34 0.74 0.59
15.00 14.56 -388.57 594.27 315.06 -0.61 -0.75 0.23 0.85 0.36 0.80 0.29
6.00 2.74 -537.37 -277.84 488.08 -0.68 -0.91 -0.87 0.67 0.56 0.48 0.82
9.00 5.91 417.03 1.27 308.60 -0.10 -0.11 0.40 0.18 0.67 0.90 0.95
13.00 50.70 408.11 41.11 363.80 -0.52 0.13 0.25 0.67 0.84 0.84 0.48
15.00 7.91 147.63 -370.54 -385.28 0.44 0.56 -0.36 0.49 0.20 0.96 0.88
30.00 195.30 -430.37 382.65 -269.26 0.39 0.07 0.78 0.75 0.99 0.60 0.05
25.00 193.03 -351.79 -298.74 -547.52 -0.52 0.38 0.92 0.17 0.47 0.83 0.88
5.00 3.65 -386.41 156.45 237.99 -0.96 0.15 -0.20 0.14 0.14 0.63 0.49
18.00 61.51 -648.64 -350.78 -22.61 -0.19 -0.18 0.63 0.85 0.50 0.96 0.03
11.00 12.83 -109.86 -652.86 139.99 0.43 -0.24 -0.93 0.94 0.19 0.28 0.26
15.00 56.78 245.31 95.70 -137.03 -0.17 0.87 -0.87 0.99 0.44 0.50 0.07
12.00 10.11 -251.13 0.67 428.05 -0.57 0.21 0.66 0.08 0.56 0.24 0.70
14.00 2.52 527.44 228.82 340.55 0.62 0.97 -0.80 0.02 0.31 0.15 0.29
17.00 9.87 -178.49 301.19 67.92 -0.86 -0.77 -0.94 0.82 0.02 0.69 0.28
7.00 4.18 -62.99 -478.21 500.09 -0.46 0.72 0.28 0.31 0.46 0.67 0.92
19.00 110.52 -67.47 -132.53 -752.56 0.13 0.47 0.12 0.93 0.66 0.58 0.24
12.00 23.00 225.27 -118.43 587.14 -0.32 0.07 -0.35 0.30 0.69 0.40 0.61
6.00 2.51 -255.89 -36.82 573.63 -0.24 -0.05 -0.54 0.29 0.22 0.07 0.24
9.00 24.68 195.00 -503.48 302.39 0.86 -0.21 0.04 0.76 0.09 0.17 0.99
20.00 125.90 40.74 -89.95 -780.09 0.99 0.49 -0.11 0.63 0.30 0.88 0.16
18.00 63.20 -435.85 478.10 -48.12 -0.26 0.54 0.37 0.37 0.60 0.29 0.45
8.00 13.91 -270.03 -39.50 -190.88 0.57 -0.30 -0.13 0.80 0.38 0.37 0.61
11.00 38.29 309.24 292.20 -607.16 -0.22 0.65 -0.15 0.43 0.21 0.80 0.07
10.00 10.17 391.97 450.53 369.09 0.81 1.00 -0.56 0.65 0.82 0.14 0.86
5.00 6.58 -308.89 538.46 -135.27 0.08 -0.42 -0.92 0.30 0.93 0.54 0.93
19.00 51.88 -514.36 -1.89 80.14 -0.63 0.54 0.84 0.51 0.13 0.55 0.83
13.00 48.37 137.60 346.86 -659.91 -0.42 0.57 0.51 0.35 0.21 0.20 0.98
12.00 43.90 -306.86 439.82 -84.89 0.88 -0.92 0.80 0.62 0.69 0.24 0.22
19.00 54.22 -399.58 83.81 -606.15 -0.81 -0.48 0.84 0.14 0.37 0.38 0.88
14.00 48.81 477.06 -106.59 -228.65 0.82 -0.93 -0.58 0.78 0.68 0.90 0.06
6.00 9.86 384.82 42.62 -286.99 -0.75 -0.48 -0.35 0.69 0.23 0.91 0.36
7.00 12.63 -217.46 413.97 -569.33 0.66 0.67 -0.29 0.29 0.69 0.27 0.00
7.00 14.90 9.70 -31.03 36.89 -0.03 0.29 0.40 0.31 0.67 0.58 0.07
16.00 70.54 -451.83 -221.53 -463.32 -0.46 -0.19 -0.68 0.04 0.85 0.90 0.74
5.00 2.26 649.31 -127.97 -342.26 -0.42 -0.38 -0.76 0.03 0.39 0.86 0.10
39.00 142.23 -588.86 -377.38 -132.19 0.82 0.23 -0.32 0.62 0.49 0.12 0.66
15.00 38.68 294.81 -25.71 325.76 -1.00 0.12 -0.11 0.70 0.87 0.68 0.35
10.00 8.87 78.93 -196.61 -409.61 -0.56 0.69 0.45 0.63 0.51 0.95 0.40
5.00 1.74 373.90 -201.31 -466.94 0.48 -0.87 -0.88 0.50 0.54 0.36 0.99
9.00 2.99 -114.94 605.68 -465.90 -0.02 0.99 0.87 0.49 0.07 0.73 0.27
24.00 17.13 -330.23 -506.86 -413.85 0.60 -0.76 -0.70 0.61 0.66 0.32 0.97
11.00 29.50 377.20 -55.05 -142.55 -0.88 0.21 -0.25 0.81 0.73 0.09 0.53
7.00 12.67 431.30 127.62 -629.56 0.91 -0.12 -0.10 0.69 0.57 0.68 0.30
20.00 13.74 -200.05 -676.52 243.27 0.96 -0.33 -0.04 0.03 0.24 0.26 0.75
12.00 36.85 476.87 -477.17 -66.27 -0.00 0.49 0.14 0.30 0.91 0.45 0.51
10.00 32.00 173.81 185.93 672.04 0.65 -0.49 0.02 0.96 0.34 0.71 0.73
16.00 7.00 -568.92 387.16 -352.01 -0.29 0.64 -0.06 0.80 0.65 0.57 0.14
11.00 33.62 124.08 -468.39 -222.63 -0.01 -0.07 0.58 0.47 0.34 0.66 0.88
8.00 15.94 -594.39 -151.62 -92.88 0.22 0.73 -0.18 0.47 0.88 0.11 0.90
9.00 12.89 -23.92 -721.23 212.53 -0.89 -0.01 -0.19 0.47 0.48 0.57 0.42
21.00 32.46 60.91 -441.16 -149.13 -0.22 0.55 -0.87 0.69 0.88 0.21 0.99
10.00 17.76 505.60 372.36 -120.48 -0.89 0.43 -0.84 0.43 0.96 0.37 0.52
10.00 16.27 51.00 331.80 179.90 0.22 -0.51 -0.08 0.90 0.84 0.52 0.10
29.00 185.97 265.61 585.16 -162.83 -0.24 -0.56 -0.52 0.66 0.72 0.27 0.87
23.00 120.29 -187.73 352.40 -222.85 0.50 -0.06 -0.29 0.55 0.11 0.70 0.84
26.00 67.55 177.30 504.16 -453.02 -0.42 0.80 0.45 0.86 0.20 0.22 0.46
11.00 4.03 -215.19 -87.47 -762.02 0.06 -0.41 0.45 0.55 0.88 0.98 0.00
8.00 10.22 -610.96 156.94 -344.18 -0.87 -0.20 -0.77 0.60 0.19 0.74 0.74
10.00 5.94 -536.18 440.99 -73.11 -0.80 0.29 -0.86 0.61 0.20 0.05 0.80
12.00 18.61 401.46 465.42 -343.81 0.54 -0.79 -0.93 0.53 0.15 0.02 0.14
5.00 0.73 -420.65 -74.05 330.11 0.34 -0.90 -0.04 0.36 0.83 0.33 0.21
26.00 108.77 -525.65 183.13 389.34 -0.36 -0.48 -0.17 0.76 0.75 0.89 0.69
9.00 9.94 413.92 -115.43 -232.00 0.08 -0.34 0.66 0.47 0.33 0.79 0.33
9.00 3.13 -506.06 -270.28 -19.53 0.48 0.05 0.43 0.47 0.52 0.34 0.14
13.00 47.45 74.45 207.34 -473.66 -0.22 0.61 -0.07 0.70 0.84 0.62 0.72
14.00 48.59 463.39 90.89 28.53 -0.05 -0.62 -0.02 0.57 0.24 0.91 0.78
24.00 1.08 635.73 -256.40 -304.42 -0.84 0.27 0.21 0.29 0.99 0.99 0.49
6.00 10.26 -194.87 -4.12 223.48 0.50 0.09 0.48 0.77 0.43 0.49 0.87
17.00 25.61 327.91 -257.21 -423.74 0.54 0.07 0.01 0.59 0.50 0.74 0.13
13.00 7.53 -291.73 237.29 -151.65 -0.16 -0.17 -0.71 0.45 0.96 0.70 0.29
10.00 3.84 -382.83 -431.02 383.82 -0.23 0.06 -0.60 0.68 0.03 0.53 0.00
5.00 6.31 155.23 -184.12 -381.88 -0.91 -0.53 0.47 0.72 0.05 0.52 0.71
15.00 47.69 -82.43 -52.13 -728.23 -0.68 0.74 0.79 0.66 0.01 0.17 0.23
18.00 97.71 100.05 474.69 16.32 -0.52 0.38 -0.68 0.03 0.19 0.36 0.11
11.00 36.00 -235.88 -199.00 459.95 -0.54 0.87 0.97 0.58 0.32 0.81 0.86
5.00 1.85 557.00 -343.75 270.90 0.67 -0.34 -0.52 0.37 0.53 0.40 0.85
14.00 26.64 -432.87 -568.05 -18.05 -0.95 0.00 -0.71 0.79 0.42 0.55 0.28
5.00 0.63 -51.29 6.15 327.24 0.84 -0.77 0.16 0.57 0.08 0.16 0.02
5.00 0.48 -219.35 478.82 -395.57 0.61 -0.49 -0.52 0.64 0.95 0.59 0.02
9.00 23.56 127.49 307.77 295.75 -0.27 -0.55 0.63 0.93 0.08 0.05 0.68
7.00 11.74 224.92 -295.76 -249.88 0.20 0.89 0.02 0.54 0.32 0.90 0.72
20.00 69.62 581.34 112.00 -353.45 0.80 -0.62 -0.11 0.84 0.85 0.58 0.51
9.00 16.04 -257.88 276.25 515.54 0.70 0.03 -0.16 0.64 0.57 0.55 0.29
5.00 6.56 -433.14 -159.96 -448.49 -0.29 0.18 0.73 0.82 0.03 0.78 0.28
7.00 8.08 328.19 363.67 117.67 0.17 0.46 0.16 0.53 0.83 0.40 0.30
9.00 16.14 699.90 267.28 -242.12 0.34 -0.74 -0.79 0.94 0.37 0.41 0.81
8.00 19.66 617.56 -102.22 -364.23 -0.72 0.93 -0.15 0.47 0.25 0.66 0.34
31.00 164.08 -465.63 -328.24 -182.05 -0.46 0.43 -0.31 0.16 0.22 0.37 0.75
38.00 242.87 374.34 -217.55 -371.86 -0.16 0.76 0.43 0.27 0.16 0.99 0.42
14.00 13.36 721.16 114.21 128.71 -0.09 0.78 0.91 0.17 0.57 0.29 0.44
11.00 31.91 118.73 -375.91 325.25 -0.46 0.03 0.58 0.82 0.85 0.09 0.54
23.00 35.58 -224.80 -489.60 -4.68 0.47 0.77 -0.57 0.18 0.68 0.13 0.61
14.00 56.48 162.61 -25.17 727.43 -0.36 0.31 0.92 0.80 0.07 0.26 0.72
12.00 35.01 503.08 17.70 -379.44 0.42 0.19 -0.49 0.33 0.73 0.47 0.11
28.00 37.34 -227.25 -278.12 -5.98 0.57 -0.82 0.34 0.99 0.19 0.25 0.56
17.00 92.59 -110.08 250.94 -298.96 0.40 0.45 -0.75 0.31 0.92 0.86 0.58
12.00 13.60 -387.67 351.86 -324.71 -0.45 -0.84 0.71 0.53 0.20 0.62 0.18
27.00 182.08 -144.32 -259.41 644.16 -0.68 0.69 0.39 0.58 0.54 0.98 0.10
20.00 82.93 -354.29 105.07 -313.46 0.14 -0.87 -0.13 0.59 0.37 0.55 0.17
11.00 20.03 66.85 149.71 -136.79 0.81 -0.09 -0.93 0.58 0.42 0.62 0.96
6.00 0.75 -150.37 -488.49 156.48 0.70 0.58 0.11 0.46 0.67 0.58 0.80
11.00 6.64 95.26 342.98 84.97 -0.39 -0.39 -0.73 0.33 0.69 0.89 0.18
36.00 250.32 -76.26 -61.95 -625.83 -0.95 0.48 0.63 0.86 0.34 0.26 0.60
11.00 32.07 301.48 233.23 -515.80 0.81 0.26 0.32 0.42 0.11 0.75 0.36
36.00 85.80 -96.73 -337.17 -699.11 -0.37 -0.20 0.50 0.56 0.94 0.95 0.85
5.00 0.93 -488.56 -87.80 -620.69 -0.20 -0.99 0.66 0.31 0.07 0.79 0.73
7.00 8.54 225.52 404.69 -249.64 -0.71 -0.25 -0.53 0.06 0.48 0.39 0.51
7.00 4.93 164.96 393.54 491.73 0.53 0.09 -0.94 0.42 0.03 0.14 0.42
7.00 8.23 227.08 591.39 -471.32 0.24 0.28 -0.07 0.13 0.54 0.99 0.38
14.00 33.36 405.99 -331.38 442.11 -0.61 0.14 0.33 0.96 0.20 0.23 0.64
10.00 7.32 266.79 -33.07 342.72 -0.10 -0.52 -0.12 0.67 0.54 0.43 0.74
37.00 217.79 409.23 641.35 233.91 0.44 -0.57 0.70 0.86 0.87 0.49 0.44
10.00 13.36 -716.31 192.38 -73.13 -0.07 0.64 0.79 0.71 0.70 0.20 0.32
9.00 24.26 259.59 529.39 -529.32 -0.31 -0.69 0.74 0.95 0.43 0.53 0.17
13.00 45.61 184.01 -323.88 -392.36 0.86 0.44 -0.18 0.64 0.26 0.89 0.85
12.00 18.72 198.25 258.10 -585.91 -0.99 0.07 0.80 0.67 0.61 0.57 0.97
36.00 38.04 184.67 -155.37 -535.80 0.14 -0.12 0.40 0.11 0.80 0.97 0.65
10.00 9.54 235.81 57.47 242.19 -0.84 0.89 -0.53 0.29 0.79 0.53 0.49
23.00 14.11 533.11 237.63 -223.73 -0.69 -0.69 -0.22 0.22 0.84 0.43 0.32
18.00 13.06 82.93 -208.94 142.43 -0.31 -0.22 0.51 0.32 0.32 0.09 0.82
37.00 298.39 -474.26 -602.49 -37.63 -0.20 -0.04 0.02 0.71 0.93 0.43 0.81
34.00 88.79 307.27 528.79 -278.21 0.79 -0.43 -0.13 0.11 0.49 0.98 0.61
13.00 49.04 416.40 234.24 392.31 -0.90 0.58 0.31 0.77 0.92 0.34 0.12
9.00 25.43 28.69 -62.81 248.86 0.15 -0.90 -0.69 0.84 0.82 0.81 1.00
10.00 12.57 -28.71 -565.08 3.93 -0.82 0.44 0.25 0.61 0.19 0.57 0.37
10.00 10.12 -370.05 -115.59 -415.61 -0.05 -0.23 -0.55 0.07 0.85 0.67 0.34
18.00 40.11 118.39 -189.78 -473.24 0.95 -0.09 -0.94 0.66 0.81 0.46 0.85
13.00 19.65 -546.18 -73.01 -49.92 0.22 0.56 -0.47 0.78 0.15 0.72 0.10
25.00 196.05 -268.53 237.19 -209.33 0.01 -0.49 0.96 0.47 0.26 0.03 0.02
5.00 6.71 142.42 -486.23 557.90 -0.11 0.71 -0.24 0.71 0.31 0.64 0.22
7.00 15.08 -672.81 -57.17 -41.87 -0.25 0.99 0.44 0.70 0.89 0.29 0.28
28.00 141.16 241.75 159.97 17.72 0.48 0.47 0.08 0.62 0.33 0.88 0.36
5.00 1.76 -184.53 242.54 -368.88 0.20 -0.43 0.39 0.45 0.91 0.08 0.31
5.00 3.80 -364.38 117.58 -10.44 0.50 -0.07 -0.73 0.10 0.79 0.30 0.89
14.00 55.27 573.87 -163.13 -287.08 -0.87 0.16 -0.84 0.58 0.14 0.14 0.68
7.00 12.78 706.24 283.78 4.31 0.85 0.43 0.08 0.22 0.45 0.43 0.19
7.00 0.58 193.45 -581.37 -446.51 -0.34 0.97 0.85 0.91 0.72 0.89 0.52
14.00 23.07 74.04 300.91 87.83 -0.32 0.91 0.38 0.52 0.83 0.28 0.42
18.00 14.43 145.21 620.11 402.06 0.15 0.62 0.86 0.19 0.04 0.23 0.57
7.00 10.81 42.27 -95.27 -298.00 0.49 0.95 0.06 0.71 0.93 0.68 0.84
7.00 13.45 25.91 -14.30 273.40 -0.50 -0.19 -0.18 0.35 0.41 0.28 0.82
7.00 5.99 278.72 584.77 101.45 -0.91 -0.86 0.36 0.46 0.39 0.45 0.59
17.00 36.00 17.07 38.46 419.93 -0.58 -0.17 -0.16 0.23 0.87 0.20 0.53
11.00 22.72 100.41 -430.42 473.21 0.51 -0.01 -0.03 0.92 0.78 0.72 0.35
7.00 13.04 304.58 266.25 -679.85 -0.72 0.92 0.05 0.83 0.90 0.28 0.90
6.00 5.92 582.03 387.17 -214.72 -0.22 0.80 0.40 0.42 0.57 0.60 0.03