5.69 300
11.00 0.17 -145.00 116.27 31.27 1.75 1.95 1.33 0.36 0.01 0.10 0.72
32.00 0.45 78.82 -1.72 71.82 1.62 -0.22 2.23 0.29 0.34 0.37 0.48
13.00 0.56 -7.85 148.79 104.17 -2.17 -0.85 0.07 0.13 0.65 0.37 0.75
26.00 0.45 -14.41 -109.64 137.85 -0.45 0.22 -2.17 0.88 0.37 0.90 0.25
14.00 0.09 -143.62 125.62 -9.29 0.05 -2.17 0.85 0.42 0.34 0.24 0.70
37.00 0.11 -104.48 39.19 158.90 0.70 -0.72 1.85 0.77 0.72 0.52 0.25
22.00 0.18 -115.35 -46.28 -44.28 -1.00 -1.00 -0.78 0.59 0.03 0.30 0.84
21.00 0.53 100.84 137.34 -15.40 1.62 1.23 1.82 0.60 0.79 0.22 0.01
36.00 0.22 22.23 167.66 8.47 -1.88 -2.23 -1.85 0.16 0.61 0.61 0.77
12.00 0.41 105.28 95.01 31.82 -1.77 -2.05 2.45 0.40 0.17 0.04 0.66
6.00 0.38 -60.21 -40.50 -31.54 1.30 -1.50 1.65 0.81 0.34 0.02 0.42
6.00 0.46 -104.66 -143.20 -69.61 1.17 -0.68 -1.17 0.85 0.55 0.05 0.85
14.00 0.07 -161.09 1.62 22.03 -2.50 -1.57 0.93 0.11 0.97 0.21 0.58
13.00 0.42 -0.25 -65.42 129.33 -1.30 1.85 -1.27 0.95 0.75 0.04 0.27
9.00 0.04 -112.02 -130.17 64.76 -1.60 -0.68 2.35 0.44 0.89 0.58 0.64
31.00 0.37 -49.11 -159.71 86.22 -1.20 -0.20 0.90 0.82 0.78 0.88 0.01
23.00 0.54 141.95 105.64 3.29 0.12 -0.78 -2.00 0.00 0.34 0.81 0.16
32.00 0.53 -10.94 101.71 70.96 -0.47 -0.90 -2.42 0.56 0.65 0.11 0.30
28.00 0.19 34.51 80.12 152.86 1.82 0.38 -1.25 0.58 0.87 0.95 0.07
28.00 0.05 67.44 -35.68 171.85 0.35 -1.45 -0.18 0.39 0.12 0.56 0.66
12.00 0.48 -53.31 95.17 -164.84 -0.65 2.20 -2.27 0.46 0.62 0.97 0.55
19.00 0.03 142.08 -47.79 129.66 1.70 1.88 0.83 0.11 0.29 0.32 0.14
7.00 0.05 33.28 -39.99 -185.51 -0.35 1.90 0.20 0.22 0.21 0.28 0.89
30.00 0.00 -82.12 12.47 28.23 -1.23 -0.68 1.27 0.08 0.26 0.49 0.54
17.00 0.07 137.74 -69.38 -126.62 -2.38 -0.47 1.68 0.38 0.60 0.41 0.95
17.00 0.18 22.85 -4.61 80.70 -0.58 1.57 -0.12 0.42 0.81 0.90 0.53
16.00 0.31 31.17 -174.55 7.03 2.23 1.50 -1.25 0.06 0.42 0.58 0.06
28.00 0.20 -10.14 -50.48 -134.53 2.15 1.50 1.35 0.94 0.17 0.88 0.08
11.00 0.18 78.77 70.63 -41.50 1.65 -1.65 -1.77 0.41 0.89 0.74 0.96
13.00 0.06 -74.80 -28.00 -175.61 -0.47 -0.03 -0.20 0.33 0.36 0.52 0.92
13.00 0.49 -179.17 -80.08 20.48 -0.38 2.23 -1.35 0.80 0.51 0.95 0.33
19.00 0.24 162.71 -56.12 -72.14 -1.20 -2.33 -0.60 0.68 0.48 0.84 0.14
27.00 0.10 -95.06 -82.39 -6.32 0.68 -2.42 0.03 0.29 0.23 0.95 0.94
8.00 0.52 7.31 -154.26 83.80 2.35 2.35 -0.68 0.12 0.37 0.06 0.29
19.00 0.32 15.75 67.85 1.90 -0.72 -1.38 -1.45 0.35 0.76 0.51 0.75
17.00 0.49 40.42 -118.65 124.80 2.30 0.15 0.47 0.23 0.34 0.50 0.53
34.00 0.30 -46.00 -28.24 -76.29 1.05 1.68 -1.15 0.72 0.68 0.08 0.74
25.00 0.39 -132.92 51.61 -87.91 -1.30 1.90 -0.80 0.63 0.15 0.64 0.34
16.00 0.22 -197.32 -12.39 7.29 -0.18 -1.62 -0.80 0.24 0.06 0.77 0.60
31.00 0.06 69.77 -109.65 -148.21 -0.10 0.30 1.27 0.23 0.58 0.85 0.47
10.00 0.21 57.03 -55.08 36.65 -0.83 1.30 -2.15 0.70 0.26 0.49 0.47
26.00 0.05 140.62 68.86 53.53 1.25 2.23 -1.23 0.80 0.26 0.57 0.52
7.00 0.33 -108.05 105.82 91.77 1.70 1.70 -1.98 0.99 0.57 0.35 0.05
13.00 0.19 21.34 -3.56 171.19 -0.15 0.90 0.53 0.29 0.45 0.97 0.46
37.00 0.40 12.24 -91.55 -63.51 -0.83 0.80 2.07 0.70 0.74 0.28 0.51
37.00 0.36 93.96 -100.08 106.00 1.75 -2.00 -0.65 0.73 0.33 0.72 0.17
35.00 0.40 -130.50 -22.51 77.31 2.30 0.62 0.28 0.52 0.20 0.69 0.88
9.00 0.52 -116.69 83.37 66.47 1.70 -1.05 2.40 0.15 0.81 0.96 0.82
25.00 0.15 -70.89 162.60 -59.89 -0.95 -1.50 2.12 0.60 0.10 0.06 0.15
13.00 0.17 -38.22 -10.14 66.02 1.68 -1.50 -2.10 0.24 0.81 0.85 0.03
39.00 0.51 -4.67 104.23 -120.42 1.30 1.12 -2.03 0.84 0.56 0.58 0.47
23.00 0.35 90.61 -111.98 5.00 2.23 -2.10 -2.45 0.44 0.27 0.93 0.92
34.00 0.23 39.64 6.75 -53.35 -1.38 0.43 -1.42 0.37 0.43 0.59 0.15
13.00 0.40 -104.32 82.03 31.23 -0.10 2.38 2.35 0.58 0.61 0.79 0.86
36.00 0.25 109.93 23.43 4.57 1.90 0.05 0.72 0.06 0.37 0.74 0.35
16.00 0.37 73.89 82.90 102.97 2.27 -2.25 1.50 0.95 0.53 0.62 0.27
11.00 0.29 96.12 126.08 46.62 -2.15 2.23 -0.22 0.68 0.09 0.41 0.15
36.00 0.41 27.20 -107.86 45.05 -1.93 -1.00 -0.75 0.66 0.89 0.33 0.05
34.00 0.03 -133.61 -40.12 -135.00 -2.23 0.10 -1.98 0.21 0.11 0.79 0.19
30.00 0.39 108.74 -21.82 -138.03 1.62 0.03 0.33 0.65 0.30 0.47 0.42
32.00 0.15 169.22 59.84 -69.77 -2.25 0.25 -1.68 0.65 0.47 0.41 0.41
18.00 0.15 -28.27 47.10 38.01 -1.42 -0.30 2.25 0.98 0.56 0.48 0.88
8.00 0.27 55.25 -191.14 18.16 -0.33 1.68 -1.45 0.90 0.66 0.59 0.74
7.00 0.50 48.66 98.87 98.23 -2.23 -2.30 1.23 0.44 0.34 0.71 0.50
30.00 0.05 -33.63 -115.17 -5.73 -0.88 -1.17 1.02 0.06 0.38 0.18 0.50
7.00 0.00 -155.46 13.83 -77.80 -2.15 2.35 2.10 0.12 0.62 0.51 0.95
27.00 0.12 32.38 -33.30 118.26 1.40 -1.10 -1.02 0.28 0.80 0.07 0.79
26.00 0.50 -33.16 34.03 -131.47 -1.85 -2.38 -1.10 0.30 0.02 0.92 0.53
27.00 0.30 -49.88 -88.49 57.02 0.80 1.30 0.12 0.83 0.38 0.89 0.75
6.00 0.25 -114.87 -106.72 -39.82 2.20 -1.27 0.95 0.03 0.21 0.45 0.60
33.00 0.06 -97.68 -161.18 -9.90 -1.75 1.05 0.22 0.96 0.48 0.00 0.56
8.00 0.43 -169.60 -16.97 -61.58 0.78 1.27 0.28 0.29 0.78 0.01 0.47
27.00 0.55 2.29 21.27 -175.39 0.53 0.47 -0.62 0.46 0.10 0.96 0.09
12.00 0.24 141.76 14.49 108.88 0.03 2.45 1.65 0.53 0.39 0.70 0.13
17.00 0.48 144.52 -41.84 17.69 2.40 -1.68 2.48 0.70 0.45 0.43 0.04
18.00 0.34 -114.34 -106.28 -73.68 -0.12 -0.12 0.33 0.99 0.87 0.86 0.33
26.00 0.55 42.58 65.63 61.85 0.35 1.85 0.68 0.96 0.58 0.53 0.90
20.00 0.35 27.68 -68.96 -177.36 -0.53 0.33 1.98 0.25 0.69 0.31 0.11
18.00 0.42 52.59 132.89 -74.42 0.20 -1.55 1.20 0.60 0.11 0.45 0.98
21.00 0.05 66.56 4.14 -175.47 1.38 2.07 -0.60 0.55 0.92 0.27 0.85
7.00 0.38 -24.04 95.43 146.32 1.12 1.57 2.07 0.42 0.22 0.65 0.92
20.00 0.28 -73.60 114.99 114.33 -0.62 -0.95 -0.78 0.66 0.94 0.01 0.17
17.00 0.29 -89.86 -111.48 106.91 2.00 0.95 -1.05 0.64 0.55 0.77 0.65
10.00 0.07 -30.41 169.11 -37.01 0.15 1.33 0.85 0.41 0.23 0.40 0.86
28.00 0.27 -156.62 41.36 110.46 -2.17 -1.17 -0.72 0.34 0.42 0.91 0.80
18.00 0.04 134.29 -103.01 1.29 -0.03 -1.68 -1.00 0.92 0.90 0.01 0.93
16.00 0.39 -51.54 -75.35 174.17 -2.45 -1.02 2.30 0.91 0.98 0.03 0.12
7.00 0.42 26.70 88.34 -166.78 -0.03 2.05 -1.38 0.06 0.53 0.88 0.50
6.00 0.28 -88.57 103.77 -105.87 1.60 0.60 1.47 0.43 0.61 0.44 0.51
13.00 0.12 122.11 -68.53 17.61 -1.55 0.65 2.07 0.42 0.74 0.84 0.91
7.00 0.15 67.94 153.24 -104.04 0.33 0.83 0.70 0.35 0.67 0.67 0.30
34.00 0.54 100.64 123.32 -103.96 1.72 -0.68 -0.03 0.37 0.08 0.63 0.26
8.00 0.10 -5.31 -164.84 57.96 -0.85 -2.05 0.25 0.64 0.37 0.40 0.50
6.00 0.23 1.21 137.21 -37.20 -0.03 1.20 -0.45 0.09 0.05 0.97 0.34
9.00 0.28 -65.44 71.22 -110.29 -2.25 0.38 0.88 0.45 0.68 0.20 0.75
7.00 0.47 171.60 70.81 -29.02 2.05 -1.52 -0.03 0.45 0.60 0.93 0.54
19.00 0.02 94.12 -20.62 -47.26 -2.20 0.68 -2.35 1.00 0.62 0.55 0.94
8.00 0.07 41.89 -163.95 77.25 -0.68 0.93 -0.15 0.35 0.26 0.80 0.58
6.00 0.47 -71.54 -22.89 -120.48 -1.55 1.27 0.43 0.56 0.81 0.54 0.28
5.00 0.45 -49.69 125.08 -119.44 -0.33 -0.45 1.88 0.30 0.83 0.79 0.76
19.00 0.19 91.09 -37.53 -89.49 -1.90 -0.25 0.35 0.31 0.68 0.23 0.62
11.00 0.14 -60.79 -6.02 103.49 -1.50 1.90 1.55 0.78 0.54 0.03 0.51
21.00 0.16 -24.73 42.27 115.20 -1.60 -1.93 -0.88 0.36 0.03 0.61 0.55
14.00 0.21 104.77 109.19 80.71 -0.38 1.85 -2.27 0.70 0.92 0.16 0.68
7.00 0.26 12.06 -162.41 35.17 -0.83 0.07 1.17 0.60 0.98 0.84 0.17
31.00 0.26 101.03 -164.10 36.15 0.18 -0.98 1.45 0.53 0.38 0.69 0.01
8.00 0.43 -64.33 -96.11 160.92 1.47 2.15 1.62 0.73 0.56 0.04 0.61
18.00 0.50 -4.50 35.09 181.27 -1.47 0.70 -0.83 0.07 0.55 0.36 0.54
7.00 0.49 163.26 -76.45 74.07 1.17 -0.25 1.57 0.16 0.45 0.76 0.42
10.00 0.39 -80.22 -87.47 86.32 2.03 -0.80 -1.17 0.76 0.97 0.05 0.62
6.00 0.00 7.59 -178.98 -50.87 -1.45 -1.70 -0.07 0.58 0.66 0.83 0.96
22.00 0.27 -35.01 -33.18 7.48 -0.60 -1.80 1.82 0.45 0.82 0.84 0.63
18.00 0.40 -63.13 61.96 22.25 1.95 -1.00 0.45 0.41 0.35 0.62 1.00
5.00 0.22 129.36 -11.08 -37.08 -0.93 -1.07 -0.12 0.65 0.38 0.51 0.47
10.00 0.20 78.24 -116.22 -90.55 -1.90 2.33 -2.12 0.57 0.25 0.69 0.51
11.00 0.10 -58.81 58.07 -22.17 1.90 -1.65 0.20 0.51 0.84 0.34 0.64
10.00 0.38 46.13 34.37 -133.63 -1.23 0.05 -1.50 0.99 0.12 0.94 0.73
7.00 0.48 -151.18 40.80 -14.00 -2.40 -1.00 -0.68 0.17 0.03 0.68 0.89
8.00 0.09 -131.36 100.05 14.84 -1.25 0.33 1.82 0.78 0.69 0.42 0.78
12.00 0.55 -117.83 53.92 13.00 2.03 0.68 2.00 0.18 0.22 0.61 0.35
16.00 0.46 -48.74 -68.16 -162.46 -1.68 0.03 0.40 0.80 0.47 0.03 0.81
12.00 0.10 -122.02 -37.75 142.03 -0.62 -1.05 -0.98 0.64 0.89 0.61 0.19
22.00 0.50 -30.59 127.35 141.17 1.65 -0.45 0.72 0.12 0.94 0.10 0.17
12.00 0.21 -1.64 21.63 142.59 1.38 -2.33 0.22 0.22 0.94 0.02 0.80
13.00 0.12 129.44 -128.23 -73.00 2.48 -1.62 -1.33 0.45 0.40 0.11 0.68
18.00 0.53 -51.39 90.86 -6.06 1.72 0.45 -1.85 0.31 1.00 0.14 0.50
7.00 0.03 177.01 54.86 30.08 0.85 1.33 -1.07 0.34 0.24 0.92 0.89
9.00 0.13 -1.71 100.77 -14.21 -1.07 0.30 -0.80 0.59 0.19 0.30 0.23
19.00 0.01 33.09 -40.15 -15.17 -2.33 2.42 0.58 0.48 0.46 0.73 0.10
9.00 0.07 -26.37 -73.31 27.11 1.35 -1.38 -2.33 0.60 0.72 0.18 0.60
23.00 0.43 75.72 26.07 173.32 -0.55 0.65 2.25 0.88 0.09 0.90 0.96
7.00 0.05 -76.20 69.16 -137.44 -1.82 -2.03 -0.53 0.80 0.55 0.20 0.34
5.00 0.56 1.86 -56.26 33.27 0.88 1.10 -1.98 0.07 0.98 0.99 0.86
9.00 0.03 -16.60 0.14 25.39 0.05 0.20 -1.00 0.34 0.32 0.50 0.04
30.00 0.21 -103.01 -104.21 -124.50 -1.33 -0.70 -0.53 0.27 0.40 0.15 0.79
13.00 0.51 -118.75 97.34 -45.15 -1.77 -1.00 2.35 0.71 0.12 0.15 0.13
9.00 0.16 155.82 -105.36 44.79 2.00 2.30 -1.47 0.96 0.79 0.93 0.56
6.00 0.02 -47.26 -105.84 -47.51 -0.83 -0.93 -1.72 0.14 0.81 0.30 0.41
5.00 0.22 18.64 6.29 -114.97 0.12 2.45 -0.53 0.96 0.01 0.49 0.97
5.00 0.05 -81.88 74.05 -65.63 -1.70 -1.17 -2.05 0.58 0.23 0.23 0.84
18.00 0.49 -91.90 4.54 -151.09 -1.80 -1.17 0.03 0.57 0.76 0.07 0.87
17.00 0.39 -161.39 -95.27 -3.45 -0.33 0.47 -0.40 0.05 0.40 0.37 0.92
7.00 0.46 183.77 -52.17 11.67 1.90 -2.27 -0.18 0.16 0.47 0.05 0.02
7.00 0.24 38.73 -80.13 1.77 -0.30 0.58 1.82 0.49 0.23 0.61 0.67
12.00 0.25 97.37 55.23 105.75 -1.57 -1.82 -0.07 0.99 0.27 0.96 0.30
24.00 0.12 162.12 -28.64 -112.40 -0.12 1.93 1.25 0.49 0.46 0.32 0.07
5.00 0.25 166.34 39.54 74.02 0.10 -1.57 -0.43 0.52 0.81 0.34 0.47
16.00 0.24 122.65 57.09 131.89 -0.50 -0.18 -2.17 0.59 0.70 0.08 0.32
14.00 0.06 98.20 76.54 -20.85 -0.78 0.58 1.00 0.27 0.62 0.92 0.13
21.00 0.15 -62.48 116.79 -38.77 -1.77 0.65 -1.90 0.34 0.65 0.07 0.42
5.00 0.07 -6.68 166.41 -82.86 -1.00 -0.58 1.62 0.71 0.41 0.93 0.06
12.00 0.14 25.35 150.41 -80.35 1.60 1.07 -1.82 0.56 0.86 0.89 0.67
12.00 0.42 -68.47 102.42 156.09 2.40 -1.77 -1.40 0.95 0.39 0.89 0.56
21.00 0.46 -24.71 -40.32 149.82 -1.55 2.45 1.85 0.49 0.15 0.90 0.20
23.00 0.50 33.32 -0.63 21.90 -2.38 -0.18 1.05 0.42 0.99 0.62 0.15
7.00 0.29 -163.25 -8.17 44.25 -2.05 1.40 1.70 0.13 0.24 0.88 0.91
16.00 0.09 -29.16 -134.28 -67.37 2.00 0.65 1.33 0.86 0.26 0.19 0.61
8.00 0.42 140.16 -128.66 48.51 -2.42 -1.98 1.80 0.72 0.33 0.42 0.29
12.00 0.49 11.27 73.62 -72.69 -2.00 -1.02 -0.58 0.26 0.17 0.93 0.93
17.00 0.30 -139.72 77.56 44.17 0.40 1.40 1.42 0.90 0.53 0.97 0.97
19.00 0.39 38.90 49.00 -101.47 -1.88 0.50 0.75 0.43 0.53 0.69 0.82
21.00 0.02 65.14 46.21 118.15 -2.00 0.85 -0.90 0.26 0.38 0.59 0.47
24.00 0.01 -55.22 166.90 75.76 -1.45 2.50 2.33 0.31 0.67 0.83 0.18
5.00 0.35 -37.73 -191.29 31.04 -2.10 -0.03 -0.58 0.43 0.94 0.42 0.29
8.00 0.31 185.28 12.44 34.65 -1.90 1.38 1.90 0.66 0.63 0.62 0.75
10.00 0.43 -53.64 -32.50 101.45 -2.25 -1.25 -1.38 0.78 0.72 0.88 0.34
5.00 0.44 89.78 -114.43 -38.44 2.20 -1.27 -0.15 0.38 0.99 0.77 0.21
5.00 0.36 17.05 -128.43 118.43 -0.18 0.10 0.35 0.79 0.69 0.49 0.65
10.00 0.44 42.54 27.73 85.31 -0.55 1.47 -1.12 0.19 0.74 0.98 0.54
16.00 0.07 -164.17 -34.16 -35.77 -1.42 2.15 0.68 0.42 0.24 0.06 0.67
9.00 0.28 94.01 13.66 -84.51 -2.10 1.85 -2.17 0.94 0.09 0.64 0.51
5.00 0.23 -54.54 -26.87 62.79 -1.47 0.78 0.38 0.34 0.71 0.56 0.84
12.00 0.06 -36.27 22.69 -36.12 0.95 0.80 0.72 0.50 0.34 0.65 0.27
6.00 0.14 39.20 -41.22 58.32 2.42 1.40 -0.65 0.31 0.47 0.03 0.59
7.00 0.25 28.16 -11.21 -178.98 0.85 -1.42 0.40 0.10 0.33 0.09 0.21
6.00 0.50 117.04 44.59 -129.70 -1.65 -2.05 -2.35 0.26 0.80 0.93 0.89
26.00 0.53 35.77 148.73 97.13 -0.53 -1.15 -2.42 0.72 0.01 0.33 0.58
7.00 0.31 58.85 80.28 -139.60 0.50 -2.00 1.72 0.88 0.44 0.21 0.36
11.00 0.05 -36.81 109.09 27.46 -1.10 -0.30 -0.45 0.08 0.61 0.89 0.22
8.00 0.08 71.07 111.74 -28.71 2.35 1.70 -2.33 0.89 0.87 0.74 0.89
13.00 0.33 113.68 -69.74 -57.34 2.42 1.57 -0.98 0.78 0.23 0.91 0.25
9.00 0.17 -66.31 -26.34 39.65 -1.90 1.80 1.95 0.03 0.55 0.70 0.97
14.00 0.16 50.87 -156.93 30.67 1.50 1.42 1.00 0.99 0.79 0.94 0.17
10.00 0.13 26.21 -154.75 -75.91 1.82 -0.93 -2.12 0.16 0.02 0.45 0.72
22.00 0.51 -21.24 -125.82 -125.23 -1.00 1.52 -0.33 0.70 0.68 0.13 0.50
6.00 0.01 -148.89 -9.74 129.01 -2.20 1.45 0.50 0.53 0.32 0.80 0.72
5.00 0.32 56.10 -116.74 78.48 -0.72 1.25 1.35 0.15 0.38 0.19 0.75
11.00 0.41 -73.93 84.60 54.99 -2.25 1.93 -1.15 0.57 0.29 0.19 0.18
7.00 0.53 -149.40 10.77 -104.00 -0.33 -1.33 1.10 0.37 0.92 0.54 0.45
11.00 0.04 33.81 11.70 118.82 -0.35 2.00 -1.05 0.06 0.77 0.55 0.84
12.00 0.44 66.01 70.41 -116.46 -1.02 -0.18 0.88 0.52 0.02 0.24 0.07
6.00 0.40 -145.11 -0.59 -45.99 -1.93 -1.90 -1.30 0.94 0.61 0.82 0.02
10.00 0.15 -59.55 71.61 138.34 2.23 -1.55 0.53 0.35 0.99 0.47 0.97
16.00 0.39 89.02 52.12 -105.51 2.17 2.35 2.00 0.03 0.68 0.88 0.47
29.00 0.37 174.83 -3.09 83.96 1.68 1.10 -1.55 0.71 0.85 0.57 0.42
13.00 0.53 -60.93 87.54 -91.10 0.85 2.20 1.93 0.89 0.52 0.86 0.37
19.00 0.10 -139.21 -90.21 36.29 2.35 1.33 -0.18 0.55 0.47 0.25 0.43
7.00 0.13 100.97 -42.49 133.49 -1.72 1.00 1.85 0.74 0.02 0.40 0.81
5.00 0.27 24.71 110.26 -77.92 -0.80 -2.33 0.98 0.92 0.06 0.67 0.35
10.00 0.55 -126.35 37.49 34.51 0.18 -2.50 0.78 0.59 0.17 1.00 0.39
7.00 0.20 96.87 128.45 -56.57 -1.12 -1.07 -0.55 0.49 0.67 0.26 0.83
5.00 0.26 -174.45 -10.73 75.17 0.35 2.33 1.75 0.16 0.53 0.06 0.52
8.00 0.06 -110.66 130.73 -80.74 1.38 2.35 0.05 0.12 0.51 0.43 0.52
9.00 0.07 -42.96 75.22 -55.37 -0.98 0.03 2.42 0.95 0.81 0.45 0.34
8.00 0.53 -138.18 -54.39 30.60 1.50 -1.40 -1.55 0.55 0.50 0.78 0.71
6.00 0.29 -100.11 64.57 -88.26 -0.55 0.12 -2.10 0.50 0.68 0.94 0.43
13.00 0.22 -120.75 128.76 42.27 0.85 -2.05 0.85 0.41 0.62 0.76 0.87
6.00 0.46 -158.62 33.42 7.44 1.68 0.60 -0.25 0.55 0.21 0.82 0.66
11.00 0.39 -110.80 -74.11 79.23 -1.17 -1.62 0.62 0.40 0.05 0.75 0.27
13.00 0.46 -70.29 -159.93 -65.50 -1.72 -0.00 -1.55 0.85 0.01 0.27 0.30
12.00 0.23 -37.53 182.90 13.59 -1.60 -1.25 1.77 0.44 0.89 0.21 0.56
12.00 0.37 -107.43 -2.43 -72.52 -1.70 -1.72 -0.07 0.81 0.83 0.06 0.46
6.00 0.09 -64.76 1.58 -27.13 -2.12 0.45 0.33 0.63 0.74 0.52 0.17
12.00 0.17 -110.66 85.23 -80.89 0.30 -0.10 1.90 0.37 0.10 0.22 0.82
6.00 0.21 42.88 -68.36 62.37 0.53 1.80 -0.22 0.96 0.87 0.28 0.79
9.00 0.43 100.39 -62.83 -121.35 1.47 0.28 1.75 0.79 0.16 0.16 0.34
9.00 0.44 -52.58 -72.63 5.12 -1.25 -0.68 -0.98 0.44 0.43 0.15 0.25
13.00 0.50 -20.56 -54.22 48.74 1.27 1.33 0.15 0.78 0.74 0.80 0.21
9.00 0.52 -59.38 132.73 65.84 -2.48 -0.62 0.53 0.71 0.07 0.72 0.49
8.00 0.29 -112.48 72.74 -7.12 1.75 -1.47 -0.47 0.57 0.43 1.00 0.27
7.00 0.11 -43.68 -33.98 -176.79 -1.33 -0.95 0.83 0.48 0.28 0.92 0.69
12.00 0.24 5.36 -13.02 -116.15 1.77 2.00 1.23 0.36 0.74 0.89 0.14
17.00 0.39 170.10 -11.92 -0.84 0.78 -0.18 -0.85 0.18 0.85 0.83 0.27
8.00 0.14 -178.04 53.32 -66.71 0.68 -2.15 -1.65 0.72 0.21 0.07 0.64
8.00 0.18 -9.72 -184.78 -75.20 0.68 2.48 2.15 0.05 0.81 0.39 0.89
13.00 0.19 -22.77 55.95 -6.76 -0.90 2.40 -1.75 0.94 0.26 0.29 0.28
5.00 0.26 -122.04 29.51 52.82 0.10 1.12 -0.65 0.10 0.04 0.27 0.57
6.00 0.06 42.53 90.13 3.74 0.90 0.75 -0.80 0.38 0.71 0.10 0.38
12.00 0.11 83.85 39.54 -138.17 1.05 -0.68 -0.00 0.56 0.06 0.33 0.66
11.00 0.13 -127.56 -9.36 144.88 -2.38 -1.88 -0.33 0.24 0.55 0.97 0.69
26.00 0.43 -112.18 163.86 17.24 -1.20 -1.45 1.93 0.72 0.59 0.46 0.26
5.00 0.54 21.16 27.83 51.38 1.70 0.35 -1.50 0.55 0.96 0.77 0.62
11.00 0.45 -50.74 -90.51 116.31 -1.65 0.20 2.48 0.44 0.40 0.39 0.17
10.00 0.12 -80.08 -151.99 35.99 -0.45 -0.35 0.70 0.12 0.22 0.35 0.91
9.00 0.31 81.01 -19.84 30.81 -0.83 -2.50 1.42 0.81 0.79 0.21 0.99
12.00 0.54 80.32 -5.61 -88.28 -2.33 -0.15 2.38 0.83 0.22 0.09 0.66
6.00 0.05 134.23 -140.71 -40.81 2.00 1.45 -0.60 0.43 0.25 0.40 0.06
7.00 0.36 76.14 -81.87 156.47 0.12 -1.93 2.23 0.27 0.55 0.90 0.87
15.00 0.45 -11.48 -176.29 -24.50 -1.88 -1.77 0.43 0.10 0.62 0.89 0.21
8.00 0.38 -23.88 -17.06 -161.73 -1.20 -0.45 -2.48 0.70 0.79 0.39 0.38
15.00 0.29 161.29 20.71 -37.29 -0.28 -0.43 0.58 0.17 0.34 0.16 0.12
14.00 0.16 34.90 -171.97 53.11 2.07 2.35 1.07 0.51 0.07 0.43 0.11
12.00 0.18 129.48 -87.81 -86.84 -0.10 -2.38 -0.38 0.38 0.95 0.85 0.64
17.00 0.31 22.63 -155.53 110.56 -1.80 -0.33 1.50 0.11 0.08 0.19 0.17
10.00 0.41 -116.12 61.81 103.53 2.38 1.15 -1.40 0.20 0.31 0.70 0.21
6.00 0.02 -161.92 -57.83 52.95 1.35 1.72 1.68 0.83 0.71 0.93 0.34
17.00 0.21 25.56 101.24 -32.36 -2.23 0.38 -0.15 0.93 0.10 0.56 0.90
9.00 0.28 3.65 119.65 114.63 -1.25 -1.42 0.12 0.13 0.47 0.26 0.90
5.00 0.20 101.52 89.66 -59.75 0.62 0.12 -1.30 0.83 0.95 0.43 0.33
6.00 0.54 132.56 -20.32 45.76 -1.95 -0.22 -1.42 0.18 0.94 0.80 0.23
9.00 0.04 64.66 47.20 -157.23 -0.00 2.40 -2.40 0.64 0.02 0.06 0.06
11.00 0.45 -2.76 -61.04 189.11 0.85 0.20 -2.40 0.32 0.02 0.72 0.16
6.00 0.15 -17.19 -7.55 -19.74 1.23 -0.80 -0.03 0.79 0.94 0.44 0.00
5.00 0.11 -109.18 26.64 -110.23 2.00 -2.33 -0.12 0.69 0.82 0.83 0.20
13.00 0.10 -84.72 -124.39 -69.87 0.18 -0.80 0.10 0.20 0.54 0.87 0.67
8.00 0.38 -70.95 -144.52 -114.95 -1.85 -0.98 0.03 0.94 0.04 0.93 0.09
11.00 0.13 -47.88 95.81 133.41 -1.20 0.40 0.93 0.12 0.90 0.92 0.10
6.00 0.32 -35.75 91.53 -83.78 -0.15 -0.88 -2.50 0.54 0.41 0.12 0.24
9.00 0.30 -155.49 79.79 -44.52 1.52 1.72 -0.60 0.89 0.31 0.37 0.99
11.00 0.36 72.79 -164.42 76.61 -1.60 -0.50 0.53 0.66 0.46 0.09 0.43
18.00 0.19 100.76 150.91 68.60 -0.47 -2.35 0.03 0.71 0.53 0.57 0.93
5.00 0.53 185.48 -54.68 38.05 2.15 -1.55 -2.30 0.82 0.93 0.11 0.07
8.00 0.25 -106.57 -117.83 11.15 -1.17 1.40 0.75 0.17 0.63 0.11 0.56
8.00 0.39 -141.09 -129.72 -37.61 -1.82 -0.70 1.55 0.94 0.61 0.94 0.45
14.00 0.02 70.21 -148.64 -71.24 1.33 0.93 -0.80 0.33 0.48 0.12 0.23
10.00 0.20 -98.81 -23.28 -10.33 0.93 0.58 1.42 0.74 0.99 0.57 0.18
5.00 0.50 164.34 -88.37 -37.55 2.33 0.35 -1.77 0.19 0.20 0.85 0.78
8.00 0.49 44.78 -111.96 -97.03 -1.20 1.60 -0.68 0.53 0.87 0.90 0.98
15.00 0.20 -9.34 64.06 -186.04 0.88 1.65 -2.17 0.50 0.30 0.43 0.25
15.00 0.25 -189.06 55.56 -32.95 2.20 0.40 -0.22 0.99 0.17 0.18 0.46
7.00 0.35 -76.39 -104.73 -81.05 2.05 0.12 -0.58 0.67 0.28 0.04 0.23
10.00 0.19 63.37 166.19 -59.50 -2.50 -2.45 -1.17 0.04 0.87 0.48 0.77
7.00 0.21 2.18 52.92 147.99 1.00 -0.10 -0.10 0.52 0.18 0.13 0.13
13.00 0.53 -32.10 -156.90 -98.22 -1.42 2.48 -0.20 0.01 0.19 0.39 0.43
5.00 0.52 -155.96 91.28 -71.61 0.65 -1.52 -0.70 0.08 0.30 0.99 0.27
12.00 0.04 132.03 8.51 -79.52 -0.53 2.33 2.12 0.83 0.32 0.62 0.10
11.00 0.27 70.74 126.54 88.77 1.35 -0.65 -0.70 0.25 0.41 0.77 0.56
14.00 0.48 15.78 -125.28 95.67 1.88 -2.25 -1.77 0.72 0.53 0.95 0.59
9.00 0.09 15.94 -61.21 70.89 1.82 0.75 1.70 0.95 0.19 0.70 0.99
10.00 0.18 -73.82 19.70 -94.24 1.50 0.12 0.12 0.18 0.58 0.42 0.09
17.00 0.48 59.26 -74.46 -15.81 -0.38 -2.23 1.35 0.15 0.77 0.18 0.02
9.00 0.17 -148.66 -45.49 122.08 -0.95 1.12 0.85 0.17 0.94 0.79 0.05
15.00 0.23 104.89 107.33 -44.94 1.93 1.93 1.02 0.08 0.43 0.00 0.74
9.00 0.44 6.71 159.45 -111.18 -1.82 1.77 -2.23 0.01 0.86 0.50 0.09
11.00 0.24 -119.33 -1.52 -39.56 -0.95 -1.25 0.65 0.69 0.27 0.32 0.76
11.00 0.38 -55.52 -12.05 -137.94 2.17 -1.02 0.98 0.87 0.13 0.97 0.65
6.00 0.15 -49.31 -143.96 -101.94 -0.75 -1.50 1.05 0.69 0.44 0.33 0.17
13.00 0.08 -130.94 -92.45 70.71 -1.15 2.25 -0.07 0.60 0.75 0.63 0.11
12.00 0.53 -57.70 -73.69 -34.03 1.38 -2.40 0.45 0.53 0.25 0.25 0.02
12.00 0.08 178.85 -71.06 -11.15 -1.00 0.83 -0.25 0.76 0.66 0.60 0.92
8.00 0.16 82.36 49.36 64.78 2.05 -2.35 -0.75 0.37 0.73 0.32 0.17
6.00 0.13 -98.95 19.07 67.34 2.30 0.50 2.38 0.20 0.55 0.66 0.87
5.00 0.50 110.57 12.68 163.24 -0.85 1.57 -1.23 0.08 0.04 0.83 0.14
17.00 0.43 -28.47 -65.30 -20.78 -0.88 0.60 1.45 0.54 1.00 0.67 0.00
9.00 0.22 43.55 1.03 -146.45 2.48 0.58 -0.85 0.27 0.51 0.27 0.15
11.00 0.56 84.13 -56.15 -10.43 0.83 -2.45 -1.65 0.31 0.38 0.26 0.63
5.00 0.23 -0.54 85.29 160.27 -0.65 2.10 -2.25 0.02 0.39 0.20 0.34
9.00 0.32 158.37 14.28 -88.34 1.98 1.72 -1.02 0.58 0.83 0.85 0.31
7.00 0.42 -18.98 118.71 -19.25 -1.10 -1.35 2.50 0.17 0.79 0.65 0.86
7.00 0.46 66.80 -58.07 -77.86 1.52 1.72 0.68 0.97 0.40 0.25 0.59
