17.82 1385
11.00 11.77 395.25 499.64 -271.64 -0.78 0.23 -0.30 0.81 0.11 0.10 0.92
17.00 14.97 334.87 31.10 -189.34 -0.15 0.46 0.27 0.86 0.05 0.42 0.93
14.00 30.66 -47.48 -186.22 89.65 0.29 -0.91 0.88 0.43 0.57 0.61 0.66
12.00 5.51 -298.86 -519.31 -223.69 -0.08 -0.06 -0.35 0.57 0.32 0.32 0.41
18.00 39.07 95.03 -220.74 -249.79 0.22 0.27 -0.26 0.43 0.32 0.99 0.14
7.00 6.79 -657.16 71.84 445.13 -0.52 -0.96 0.01 0.59 0.05 0.38 0.74
9.00 1.32 476.07 562.56 244.99 -0.51 0.42 0.07 0.00 0.87 0.48 0.13
6.00 4.28 -226.74 -473.81 -166.85 0.93 -0.67 -0.81 0.85 0.81 0.76 0.04
5.00 3.99 452.40 -231.91 282.35 -0.68 0.15 -0.86 0.20 0.89 0.72 0.05
6.00 0.73 276.66 164.23 -658.91 0.96 -0.08 0.75 0.21 0.88 0.43 0.08
25.00 63.78 36.74 610.29 -389.06 0.27 0.28 -0.66 0.30 0.52 0.72 0.83
7.00 0.83 164.33 -247.10 -261.46 0.65 -0.97 0.12 0.93 0.52 0.57 0.61
32.00 215.03 -65.01 67.60 156.02 0.71 -0.71 -0.57 0.08 0.75 0.30 0.13
9.00 1.22 76.03 -509.61 162.09 0.77 -0.53 -0.91 0.52 0.08 0.06 0.69
8.00 0.21 -288.90 149.96 470.43 -0.57 -0.40 -0.92 0.32 0.50 0.38 0.34
14.00 46.57 -202.77 291.29 -257.84 0.21 -0.82 0.07 0.06 0.85 0.45 0.25
27.00 45.78 266.76 -214.18 -499.15 -0.60 0.60 0.13 0.18 0.30 0.57 0.76
9.00 15.23 -622.16 -295.97 -191.08 0.77 0.51 0.02 0.40 0.13 0.42 0.62
30.00 43.89 404.14 -524.93 170.09 -0.40 0.54 -0.32 0.26 0.33 0.90 0.10
6.00 6.65 223.63 418.18 -364.13 0.72 0.87 -0.84 0.96 0.60 0.84 0.31
17.00 62.45 -534.93 -33.46 405.70 0.63 0.71 -0.31 0.35 0.77 0.62 0.54
26.00 30.26 20.25 -394.49 374.83 0.61 -0.25 0.38 0.44 0.85 0.66 0.60
8.00 1.03 558.30 -33.48 74.74 -0.78 0.06 -0.81 0.95 0.17 0.53 0.75
15.00 4.15 -166.12 -751.59 50.16 -0.79 -0.13 0.07 0.47 0.20 0.72 0.34
19.00 80.67 359.86 496.87 472.40 -0.43 -0.55 0.92 0.47 0.44 0.37 0.98
31.00 113.43 -149.18 181.11 -567.83 0.16 0.15 -1.00 0.84 0.85 0.19 0.09
29.00 164.68 -469.05 -615.39 -199.58 0.08 0.32 -0.24 0.51 0.41 0.66 0.69
5.00 6.61 -45.89 312.97 -74.65 -0.12 -0.38 -0.75 0.91 0.82 0.69 0.98
26.00 14.99 53.89 -104.63 31.48 -0.49 0.27 0.03 0.69 0.75 0.29 0.90
20.00 95.11 53.56 524.22 453.26 0.58 -0.39 -0.76 0.11 0.96 0.57 0.79
17.00 38.58 680.87 44.66 -381.90 0.93 0.21 0.27 0.44 0.99 0.33 0.03
15.00 7.39 168.40 -159.09 438.17 -0.12 0.92 0.56 0.12 0.92 0.13 0.43
9.00 3.84 299.16 -579.10 -450.79 -0.91 0.62 -0.77 1.00 0.74 0.10 0.50
9.00 18.53 -15.27 469.33 365.69 -0.27 -0.90 -0.60 0.37 0.61 0.11 0.67
14.00 35.53 -81.11 77.84 -382.10 -0.65 0.09 -0.11 0.91 0.96 0.13 0.52
9.00 1.82 -285.97 -418.29 232.96 0.43 -0.92 0.76 0.79 0.41 0.45 0.12
17.00 30.82 -210.55 -453.40 -176.22 0.62 0.75 0.80 0.41 0.94 0.61 0.77
5.00 6.21 546.65 -164.89 -321.98 0.43 0.32 -0.32 0.35 0.01 0.98 0.91
10.00 5.59 -430.74 557.21 -80.06 0.92 0.51 -0.58 0.40 0.31 0.22 0.19
32.00 117.27 -20.30 -116.72 220.83 0.51 -0.92 -0.99 0.12 0.23 0.20 0.11
9.00 2.77 -206.97 313.85 -562.83 0.29 -0.12 0.84 0.27 0.16 0.38 0.08
12.00 33.64 -124.19 -109.84 417.07 -0.78 -0.62 0.21 0.20 0.22 0.16 0.79
19.00 51.08 -5.40 -319.35 702.89 0.48 0.74 0.57 0.96 0.31 0.61 0.55
17.00 72.57 -431.17 -273.22 483.89 -0.39 0.75 -0.16 0.82 0.72 0.44 0.52
9.00 3.35 -43.68 -344.46 681.21 0.54 0.78 -0.66 0.51 0.58 0.99 0.21
6.00 1.53 593.00 19.33 -208.12 0.47 -0.79 -0.71 0.93 0.46 0.51 0.97
5.00 0.33 628.57 276.96 -53.50 -0.89 -0.99 0.28 0.88 0.28 0.02 0.25
7.00 2.48 -268.74 417.30 395.37 -0.43 -0.78 0.29 0.36 0.96 0.35 0.40
8.00 6.56 -378.13 -381.14 -422.69 -0.12 -0.67 0.84 0.08 0.13 0.90 0.10
12.00 11.28 423.72 365.82 439.52 0.39 0.83 0.47 0.38 0.35 0.97 0.99
9.00 3.56 561.28 21.95 -550.20 -0.80 -0.42 -0.03 0.10 0.72 0.20 0.62
11.00 5.01 296.46 647.80 176.97 -0.96 0.34 0.38 0.27 0.51 0.92 0.36
13.00 17.75 67.90 146.66 94.78 0.16 0.37 -0.10 0.92 0.83 0.82 0.24
5.00 5.87 233.86 198.38 728.21 -0.53 -0.97 -0.80 0.96 0.74 0.90 0.03
8.00 12.97 -172.75 -248.30 479.78 -0.46 0.38 -0.89 0.21 0.51 0.53 0.15
16.00 43.97 -373.74 310.02 -332.01 0.02 0.45 0.14 0.96 0.26 0.00 0.97
31.00 46.49 134.34 -178.57 -13.76 -0.73 -0.91 -0.05 0.05 0.79 0.42 0.53
32.00 29.54 8.16 96.90 -314.93 0.03 -0.63 0.02 0.53 0.59 0.11 0.84
29.00 15.06 -274.90 457.04 -238.89 -0.47 -0.99 -0.40 0.80 0.02 0.96 0.19
10.00 14.97 -93.44 348.10 -137.20 0.67 0.74 -0.05 0.57 0.28 0.98 0.48
30.00 151.29 -110.52 15.77 -432.19 0.47 0.53 -0.09 0.60 0.49 0.80 0.08
7.00 9.42 -147.28 341.01 331.75 -0.00 -0.13 0.69 0.93 0.78 0.20 0.15
6.00 7.82 24.49 277.93 94.06 0.25 0.63 -0.41 0.13 1.00 0.06 0.58
8.00 9.53 565.74 246.71 264.14 -0.14 -0.95 -0.05 0.67 0.33 0.59 0.93
5.00 3.03 -225.70 -659.24 -302.44 0.49 -0.35 -0.80 0.46 0.49 0.12 0.62
9.00 6.68 363.35 135.33 -81.57 0.65 0.91 -0.79 0.73 0.52 0.57 0.78
15.00 17.23 -158.62 204.07 -247.64 -0.61 -0.10 0.95 0.16 0.51 0.04 0.10
7.00 8.51 342.70 -219.77 162.19 0.44 -0.22 -0.04 0.59 0.54 0.32 0.52
28.00 9.17 -40.87 249.35 -430.43 0.02 -0.17 0.79 0.65 0.35 0.62 0.56
5.00 4.29 568.57 -246.20 55.48 0.65 0.50 0.03 0.99 0.91 0.37 0.61
26.00 170.89 338.15 -7.43 404.72 0.47 0.48 -0.06 0.88 0.04 0.25 0.47
21.00 41.64 -70.93 -165.80 -715.24 -0.08 -0.66 0.16 0.20 0.36 0.95 0.66
6.00 9.43 503.63 -328.96 -109.56 -0.33 0.74 -0.15 0.91 0.52 0.35 0.20
5.00 4.89 105.04 31.92 -522.70 0.17 -0.99 0.37 0.36 0.99 0.14 0.27
8.00 4.10 406.79 33.68 -384.64 -0.67 -0.22 0.09 0.60 0.58 0.61 0.32
8.00 7.65 146.45 -146.23 -622.05 0.14 0.82 -0.10 0.21 0.98 0.30 0.77
6.00 7.30 396.91 393.63 82.82 0.99 -0.21 0.11 0.29 0.10 0.80 0.47
20.00 42.50 -573.01 134.73 176.02 -0.74 0.56 0.11 0.95 0.89 0.09 0.58
9.00 1.43 72.67 -148.04 744.97 0.60 0.06 -0.51 0.75 0.45 0.64 0.97
9.00 11.16 16.10 175.16 -306.37 0.38 0.46 0.75 0.29 0.14 0.57 0.05
10.00 24.17 -309.57 435.36 471.93 0.86 0.86 -0.88 0.27 0.27 0.25 0.88
13.00 9.40 320.06 -407.42 216.79 -0.55 -0.85 -0.25 0.79 0.43 0.21 0.78
9.00 21.09 343.56 -77.46 223.18 0.24 -0.64 -0.88 0.32 0.91 0.71 0.78
18.00 71.32 82.93 -208.94 142.43 0.32 -0.25 -0.98 0.80 0.21 0.03 0.23
10.00 10.10 -253.62 -335.68 110.14 0.39 -0.43 0.57 0.72 1.00 0.78 0.24
9.00 0.75 -412.68 328.94 -480.42 0.64 -0.87 -0.23 0.70 0.19 0.52 0.12
20.00 68.38 65.18 660.71 -336.31 -0.94 0.07 -0.78 0.51 0.30 0.46 0.73
8.00 1.64 -219.54 68.57 112.56 -0.02 0.60 0.15 0.23 0.11 0.09 0.44
10.00 1.58 541.01 -315.58 305.58 0.36 0.12 -0.63 0.11 0.32 0.33 0.21
30.00 42.93 -83.40 194.24 429.28 -0.64 -0.04 0.63 0.89 1.00 0.62 0.38
7.00 11.55 -62.99 -478.21 500.09 0.24 0.09 0.50 0.05 0.99 0.29 0.43
20.00 24.71 198.14 299.96 -468.65 0.41 -0.81 -1.00 0.44 0.30 0.98 0.85
13.00 16.69 -157.56 154.83 -14.67 -0.37 0.28 0.09 0.25 0.35 0.44 0.61
17.00 16.69 -11.28 147.60 -477.81 0.93 0.73 0.44 0.63 0.05 0.21 0.16
13.00 19.39 478.82 331.93 291.97 0.19 -0.78 -0.32 0.75 0.07 0.77 0.22
6.00 9.44 298.86 281.01 198.53 -0.23 0.96 -0.87 0.32 0.12 0.45 0.73
13.00 44.66 65.99 -200.35 398.01 -0.37 0.75 -0.34 0.83 0.25 0.35 0.64
22.00 92.31 259.36 352.80 -210.92 -0.80 -0.72 -0.87 0.64 0.72 0.35 0.69
14.00 34.18 -425.95 425.53 357.53 -0.11 -0.98 0.19 0.22 0.87 0.14 0.38
6.00 5.18 86.90 -67.68 412.78 0.91 -0.47 0.38 0.76 0.54 0.54 0.23
11.00 21.33 116.21 -189.31 -293.90 0.42 -0.42 -0.48 0.46 0.34 0.69 0.22
7.00 11.49 -74.90 -110.17 605.46 0.17 0.75 0.02 0.73 0.95 0.11 0.04
33.00 77.95 -543.48 -45.25 -141.48 -0.55 -0.37 0.71 0.47 0.76 0.42 0.25
14.00 35.45 178.66 602.06 156.87 0.22 0.13 0.97 0.02 0.32 0.35 0.80
7.00 11.83 -270.20 -82.27 269.56 0.95 -0.91 -0.77 0.90 0.16 0.08 0.11
24.00 1.23 -438.36 -544.42 93.38 0.28 0.66 0.23 0.65 0.60 0.47 0.01
7.00 11.96 -384.40 149.14 -9.09 -0.73 0.62 -0.98 0.65 0.31 0.72 0.52
11.00 7.64 369.10 -299.75 633.33 -0.61 -0.87 -0.83 0.02 0.31 0.31 0.53
8.00 0.54 -595.94 26.34 2.31 -0.70 0.10 -0.86 0.75 0.08 0.72 0.04
5.00 6.13 364.03 -435.51 302.19 -0.84 0.16 0.47 0.84 0.54 0.21 0.57
17.00 18.23 -373.28 93.97 107.25 0.55 -0.49 -0.83 0.15 0.79 0.82 0.24
5.00 2.07 -656.54 214.10 236.57 0.16 0.28 0.32 0.44 0.33 0.05 0.97
6.00 4.67 -410.85 174.47 -268.82 0.65 -0.68 -0.87 0.73 0.40 0.45 0.99
8.00 5.90 373.67 70.41 -222.61 -0.79 -0.67 -0.65 0.04 0.49 0.82 0.32
10.00 14.83 -515.94 -522.82 98.08 -0.22 0.22 -0.55 0.48 0.19 0.03 0.07
7.00 10.37 -44.55 -640.48 277.53 -0.39 -0.93 -0.08 0.97 0.09 0.85 0.06
27.00 137.32 -322.59 -74.73 -360.79 0.97 0.35 -0.98 0.41 0.48 0.62 0.04
12.00 27.77 557.96 -225.10 -522.19 -0.18 -0.39 0.92 0.82 0.32 0.09 0.22
8.00 15.70 -667.35 -109.62 -153.79 -0.99 0.73 -0.41 0.89 0.88 0.53 0.47
18.00 65.76 697.97 164.56 -224.79 0.47 -0.91 -0.36 0.19 0.84 0.62 0.19
9.00 9.97 360.59 594.71 -70.01 0.88 -0.17 0.93 0.76 0.63 0.36 0.07
9.00 18.69 -334.42 -9.76 -343.72 -0.60 -0.48 0.55 0.50 0.17 0.76 0.01
5.00 5.75 3.04 -333.91 -642.29 0.49 0.31 0.48 0.43 0.05 0.68 0.26
6.00 7.84 -103.33 397.93 -557.69 0.51 -0.66 -0.17 0.19 0.46 0.05 0.83
23.00 119.14 -116.23 -227.17 503.35 -0.28 -0.03 0.86 0.22 0.18 0.33 0.39
25.00 95.10 -393.49 -618.56 34.33 -0.96 -0.16 0.55 0.06 0.53 0.64 0.44
13.00 3.22 -590.72 -351.92 158.98 0.68 0.78 -0.36 0.66 0.42 0.13 0.44
11.00 7.47 361.75 278.50 533.41 -0.86 -0.75 0.58 0.24 0.59 0.18 0.16
8.00 6.55 -264.97 277.25 466.88 -0.22 0.82 0.59 0.84 0.28 0.07 0.02
17.00 50.84 -669.27 176.90 77.98 0.06 -0.19 -0.03 0.87 0.87 0.84 0.76
19.00 26.25 -12.94 721.14 -221.73 -0.81 0.81 0.73 0.88 0.59 0.91 0.05
15.00 27.82 -111.36 -23.76 5.08 -0.67 0.38 -0.13 0.83 0.88 0.55 0.95
24.00 60.63 3.79 471.83 -403.91 0.73 -0.19 -0.11 0.90 0.37 0.73 0.67
5.00 2.13 79.65 -53.75 281.35 -0.20 0.85 -0.34 0.93 0.27 0.66 0.16
7.00 13.06 160.14 -30.32 769.95 0.19 0.97 0.75 0.55 0.77 0.77 0.78
24.00 26.16 557.64 -404.67 -141.40 -0.36 0.61 -0.80 0.02 0.27 0.84 0.16
10.00 2.94 219.39 108.71 -50.67 0.70 -0.95 -0.88 0.20 0.55 0.44 0.98
5.00 4.80 -81.70 649.16 44.63 -0.55 -0.67 -1.00 0.60 0.91 0.64 0.85
10.00 0.93 327.83 320.10 -30.18 -0.53 -0.30 -0.53 0.53 0.97 0.73 0.91
10.00 16.18 -618.27 -224.87 -11.57 0.16 -0.25 0.71 0.34 0.65 0.48 0.94
21.00 58.49 -22.01 314.89 336.34 0.92 -0.65 0.61 0.72 0.16 0.57 0.62
12.00 38.56 -110.47 -647.40 215.16 -0.74 -0.13 -0.44 0.21 0.96 0.08 0.15
24.00 77.89 -167.38 -430.94 -604.70 0.15 0.09 -0.80 0.75 0.51 0.12 0.17
21.00 24.20 -117.64 -705.04 -286.97 -0.50 0.64 0.00 0.92 0.12 0.19 0.56
5.00 2.08 149.88 -611.84 -267.13 0.84 -0.60 0.51 0.71 0.73 0.14 0.52
27.00 49.72 48.92 134.99 485.70 0.43 -0.50 -0.39 0.15 0.15 0.49 0.56
5.00 6.24 361.06 -56.98 197.62 0.83 0.22 0.44 0.82 0.69 0.98 0.69
5.00 4.92 65.29 186.31 503.89 -0.48 0.06 0.08 0.12 0.81 0.39 0.22
8.00 10.39 -66.01 388.39 -245.93 0.42 0.14 -0.97 0.93 0.13 0.36 0.44
7.00 3.58 -200.36 -234.31 -646.41 -0.10 -0.63 0.14 0.56 0.41 0.14 0.80
12.00 4.34 -602.16 -358.42 9.84 -0.76 1.00 -0.99 0.39 0.90 0.58 0.53
26.00 163.72 -193.63 172.50 -637.16 -0.42 0.33 0.55 0.98 0.04 0.17 0.59
5.00 0.29 -330.45 -97.99 -628.58 0.66 0.93 -0.94 0.40 0.99 0.15 0.08
15.00 10.93 451.61 -297.38 -34.09 0.64 0.49 -0.82 0.60 0.75 0.76 0.80
16.00 18.42 -212.71 -155.33 28.97 0.62 -0.77 0.08 0.48 0.48 0.57 0.44
9.00 21.66 225.98 -33.27 724.26 -0.76 0.02 0.12 0.44 0.65 0.64 0.59
15.00 57.85 637.41 -44.15 -307.45 -0.32 -0.37 -0.68 0.86 0.54 0.13 0.89
8.00 14.81 399.58 309.21 -133.98 0.05 0.02 -0.26 0.68 0.71 0.94 0.65
10.00 19.71 197.45 -178.43 563.43 0.34 0.22 0.96 0.25 0.94 0.79 0.68
7.00 7.12 461.89 -409.92 -79.42 -0.11 0.55 0.62 0.07 0.16 0.78 0.71
7.00 5.63 -407.38 -42.95 -198.93 0.28 -0.35 0.29 0.87 0.36 0.74 0.45
10.00 1.92 466.25 -485.25 349.00 0.77 -0.88 0.82 0.23 0.26 0.33 0.82
20.00 103.78 -15.41 35.84 254.91 0.65 -0.17 0.26 0.71 0.59 0.08 0.36
11.00 20.81 394.27 -427.95 -253.63 0.45 0.68 -0.11 0.12 0.56 0.05 0.85
18.00 13.95 -271.40 -428.30 -124.43 0.48 -0.92 0.22 0.52 0.04 0.92 0.65
21.00 117.89 -271.13 -148.20 -34.69 -0.39 0.30 -0.38 0.50 0.68 0.03 0.36
22.00 115.44 428.32 5.00 250.27 0.08 0.05 0.49 0.70 0.40 0.29 0.83
7.00 8.84 -108.67 -335.61 -17.90 0.38 -0.56 0.00 0.58 0.61 0.12 0.62
16.00 13.33 15.86 557.70 -450.71 0.04 0.66 0.60 0.56 0.50 0.89 0.89
9.00 4.01 2.97 496.86 110.36 -0.08 -0.95 0.26 0.51 0.05 0.51 0.37
22.00 62.61 236.13 334.03 584.58 0.01 0.96 0.44 0.89 0.43 0.35 0.55
18.00 17.07 -476.78 -199.34 33.01 -0.20 -0.99 0.84 0.31 0.16 0.41 0.34
7.00 13.01 136.28 -80.03 -358.61 0.85 -0.63 -0.65 0.99 0.28 0.30 0.14
12.00 36.29 371.97 89.65 -96.21 -0.95 0.95 -0.19 0.67 0.70 0.41 0.14
16.00 18.84 -540.61 306.07 -10.47 -0.02 0.96 0.20 0.55 0.91 0.98 0.19
6.00 0.89 221.91 441.74 -510.13 -0.86 -0.99 -0.23 0.17 0.07 0.61 0.84
10.00 15.40 -56.70 -112.63 -609.35 0.46 1.00 -0.06 0.42 0.61 0.88 0.10
17.00 60.32 -85.52 624.82 -41.10 0.67 -0.94 0.33 0.34 0.44 0.88 0.22
5.00 0.05 -312.80 390.51 248.84 0.31 0.59 -0.94 0.96 0.58 0.75 0.35
13.00 37.71 20.63 -452.74 381.35 -0.83 -0.15 0.37 0.74 0.70 0.61 0.44
10.00 13.74 -184.15 -530.49 -491.75 -0.86 -0.55 0.49 0.21 0.93 0.22 0.66
10.00 10.13 -330.65 -410.38 95.37 -0.00 0.73 -0.33 0.14 0.41 0.00 0.41
18.00 66.03 -691.50 -331.40 -47.80 0.39 -0.23 -0.37 0.25 0.23 0.32 0.99
9.00 20.26 -348.47 -345.78 98.59 0.35 -0.07 0.88 0.75 0.31 0.95 0.28
26.00 49.93 -51.18 -774.77 -177.29 -0.38 0.23 0.80 0.93 0.72 0.34 0.31
5.00 4.07 -340.79 249.59 535.34 -0.63 -0.50 0.44 0.28 0.93 0.60 0.95
16.00 67.06 -14.49 -495.46 332.81 -0.65 -0.67 -0.93 0.97 0.55 0.26 0.95
36.00 146.10 590.77 -478.14 149.79 0.75 0.30 0.07 0.40 0.84 0.45 0.30
14.00 51.44 -73.65 -374.32 -494.09 0.70 0.79 -0.73 0.29 0.83 0.70 0.41
36.00 253.88 266.82 -105.83 445.29 -0.10 -0.74 -0.29 0.80 0.50 0.13 0.62
12.00 16.05 143.26 -109.39 102.93 0.27 -0.11 0.08 0.54 0.35 0.45 0.42
24.00 98.67 -138.73 -338.28 -60.05 0.19 0.09 -0.23 0.83 0.41 0.03 0.80
7.00 11.59 398.56 -238.60 60.86 -0.46 0.40 0.69 0.87 0.93 0.42 0.91
6.00 1.68 -344.28 201.99 413.53 0.15 0.17 0.19 0.69 0.66 0.58 0.34
17.00 75.33 274.77 -108.52 -659.94 -0.24 -0.72 -0.53 0.05 0.68 0.64 0.83
12.00 14.07 443.83 -360.31 212.56 0.50 0.98 0.36 0.88 0.32 0.63 0.33
5.00 3.69 -599.82 -271.32 368.44 0.77 -0.42 0.73 0.76 0.34 0.25 0.38
10.00 6.18 28.72 -4.41 -412.49 -0.58 -0.70 0.28 0.47 0.36 0.60 0.48
13.00 20.69 59.84 -410.10 -118.02 -0.78 -0.53 -0.81 0.91 0.17 0.11 0.26
11.00 5.49 479.52 404.47 71.43 0.77 0.62 0.89 0.45 0.49 0.08 0.82
7.00 8.69 -415.63 -54.21 314.50 -0.17 0.65 0.64 0.55 0.05 0.75 0.67
18.00 5.26 -391.68 173.53 102.71 0.25 -0.32 0.24 0.35 0.66 0.60 0.57
29.00 55.42 127.44 -427.04 621.20 -0.52 -0.03 -0.14 0.32 0.53 0.98 0.22
18.00 48.12 172.31 -333.53 45.00 -0.14 0.93 -0.28 0.10 0.60 0.80 0.33
7.00 8.50 -322.80 74.76 189.30 0.36 0.61 -0.89 0.24 0.22 0.51 0.93
12.00 4.53 -228.76 -390.54 186.34 0.33 0.04 0.92 0.05 0.10 0.28 0.25
27.00 191.85 164.89 93.85 -549.64 0.94 0.65 -0.50 0.34 0.13 0.64 0.29
20.00 61.29 253.08 -57.92 -404.23 0.26 -0.64 -0.74 0.27 0.18 0.33 0.45
7.00 5.20 193.81 249.17 -327.84 0.95 -0.46 -0.82 0.73 0.85 0.49 0.32
22.00 19.89 -555.46 311.48 144.60 -0.24 0.18 -0.46 0.38 0.02 0.45 0.38
6.00 1.99 30.18 -267.55 74.29 -0.56 0.24 0.80 0.06 0.20 0.96 0.40
12.00 19.25 -207.26 521.09 -399.96 -0.11 -0.69 -0.32 0.68 0.56 0.67 0.82
5.00 4.47 -484.89 -65.65 401.58 0.08 -0.47 -0.73 0.36 0.25 0.14 0.47
36.00 241.03 184.67 -155.37 -535.80 -0.75 0.09 -0.10 0.01 0.42 0.02 0.82
35.00 125.50 128.26 -434.02 -127.93 0.75 0.37 0.60 0.57 0.45 0.73 0.26
13.00 36.46 -540.50 -54.10 325.27 -0.49 0.03 0.25 0.96 0.25 0.12 0.75
8.00 15.69 648.20 375.69 209.85 0.59 -0.54 0.87 0.13 0.39 0.99 0.99
7.00 5.61 -333.71 484.72 178.68 0.98 -0.14 0.45 0.22 0.73 0.88 0.38
10.00 21.71 -326.85 634.15 -297.26 0.70 0.32 -0.65 0.25 0.38 0.85 0.26
23.00 129.53 -478.85 -465.15 175.69 -0.82 -0.62 -0.87 0.63 0.81 0.47 0.72
6.00 4.10 -612.04 -394.62 -93.08 -0.87 -0.27 -0.36 0.77 0.69 0.71 0.67
16.00 57.17 -216.65 -126.54 448.32 0.85 -0.18 -0.33 0.17 0.28 0.49 0.41
10.00 17.63 278.18 208.28 -241.29 -0.30 0.22 -0.29 0.12 0.71 0.86 0.81
6.00 1.18 21.05 624.26 149.53 0.11 0.03 0.65 0.98 0.50 0.15 0.68
8.00 5.97 -416.97 -266.78 44.37 0.25 -0.82 -0.56 0.14 0.07 0.20 0.15
12.00 4.22 -179.82 487.07 -379.08 -0.46 -0.45 -0.83 0.78 0.89 0.62 0.54
14.00 13.13 589.12 294.99 217.02 0.14 -0.66 0.98 0.95 0.93 0.90 0.52
15.00 47.31 -170.51 -419.19 180.59 0.81 0.57 -0.05 0.40 0.84 0.05 0.38
35.00 77.07 -154.89 -159.06 408.24 0.69 -0.31 0.48 0.81 0.63 0.38 0.03
7.00 2.89 414.64 -180.82 178.13 -0.14 -0.93 0.27 0.38 0.90 0.59 0.46
22.00 35.56 180.61 429.70 422.76 0.79 -0.82 -0.84 0.20 0.01 0.31 0.05
14.00 26.88 593.24 -241.09 282.58 0.15 -0.15 0.52 0.54 0.54 0.10 0.93
15.00 28.89 -74.92 -594.94 -286.65 -0.40 -0.04 -0.67 0.99 0.77 0.41 0.84
12.00 26.50 -700.22 309.05 -131.40 -0.70 -0.70 -0.89 0.80 0.99 0.39 0.85
10.00 11.15 -231.24 351.90 -442.94 -0.36 0.58 0.06 0.00 0.87 0.70 0.71
15.00 26.05 -255.24 -156.48 -709.59 0.73 -0.13 0.70 0.09 0.51 0.94 0.81
14.00 0.97 -390.30 213.76 179.19 -0.22 -0.10 0.17 0.37 0.28 0.76 0.86
8.00 2.86 278.86 622.29 -47.62 -0.94 0.00 -0.01 0.50 0.13 0.61 0.99
8.00 8.30 142.46 708.82 231.60 0.56 0.03 0.19 0.47 0.46 0.17 0.98
9.00 2.14 -716.72 19.16 -157.15 0.58 -0.91 0.36 0.49 0.11 0.76 0.41
5.00 2.43 80.81 389.10 445.39 -0.45 -0.89 -0.35 0.62 0.47 0.12 0.49
19.00 81.84 90.38 -438.26 417.97 0.51 0.12 0.18 0.39 0.25 0.51 0.61
16.00 68.15 -131.92 -524.20 -144.21 0.25 -0.36 -0.72 0.21 0.37 0.16 0.59
5.00 5.72 614.94 136.22 -289.46 -0.72 -0.77 -0.26 0.22 0.55 0.67 0.28
20.00 55.75 -281.18 249.95 324.54 -0.36 0.49 -0.71 0.39 0.23 0.46 0.52
11.00 19.92 -89.68 742.98 154.80 -0.18 -0.93 -0.35 0.48 0.99 0.59 0.55
17.00 6.03 -100.09 -151.64 477.11 -0.78 -0.84 0.46 0.95 0.77 0.27 0.13
7.00 9.58 568.52 -179.43 248.19 0.66 -0.17 -0.56 0.08 0.01 0.89 0.87
14.00 32.62 321.31 112.45 652.35 -0.76 1.00 0.27 0.03 0.52 0.80 0.09
34.00 198.87 -115.98 519.38 274.82 -0.91 -0.95 -0.41 0.84 0.90 0.77 0.33
20.00 43.54 -174.89 474.80 -326.93 -0.37 -0.35 -0.20 0.46 0.80 0.53 0.34
12.00 34.13 588.19 -224.46 -208.23 0.36 0.69 0.19 0.97 0.54 0.18 0.38
7.00 3.70 -194.22 -115.06 -652.23 0.92 -0.68 0.75 0.90 0.40 0.57 0.30
5.00 2.66 183.35 -404.08 -271.07 -0.28 -0.59 0.59 0.07 0.37 0.36 0.57
19.00 51.23 -243.10 -26.52 -496.95 -0.05 0.99 -0.36 0.96 0.95 0.13 0.18
12.00 2.21 464.67 -327.82 316.57 -0.85 0.44 0.57 0.62 0.60 0.58 0.70
21.00 19.18 83.33 -252.67 140.13 -0.97 -0.45 -0.43 0.86 0.59 0.68 0.95
11.00 27.10 -561.77 8.96 166.74 0.94 0.03 -0.19 0.92 0.62 0.99 0.85
10.00 11.25 -529.43 322.31 395.86 -0.57 -0.33 -0.75 0.41 0.99 0.81 0.65
5.00 2.17 -140.04 56.21 140.35 -0.96 0.50 0.13 0.37 0.61 0.06 0.60
6.00 8.20 25.68 -220.15 -516.92 0.35 0.39 -0.55 0.46 0.97 0.05 0.43
10.00 24.91 -396.28 46.56 -161.24 0.43 -0.20 -0.93 0.52 0.25 0.10 0.08
5.00 6.67 356.23 -234.05 619.23 -0.00 0.86 -0.35 0.43 0.73 0.11 0.33
17.00 47.93 -179.63 -175.90 246.02 -0.47 -0.95 -0.30 0.24 0.88 0.75 0.83
19.00 44.17 508.73 -159.02 423.25 -0.02 0.74 0.37 0.40 0.15 0.54 0.74
32.00 190.97 -453.99 -299.83 429.40 0.55 0.53 -0.45 0.55 0.51 0.06 0.39
15.00 7.12 -130.95 -607.68 -429.44 -0.58 -1.00 -0.50 0.64 0.25 0.82 0.92
7.00 1.06 321.64 327.86 486.56 0.68 0.65 -0.66 0.90 0.72 0.74 0.73
10.00 14.98 421.71 106.23 262.07 -0.05 -0.02 0.16 0.03 0.40 0.77 0.98
13.00 35.64 361.04 144.78 -126.58 -0.08 -0.57 -0.22 0.21 0.95 0.61 0.15
10.00 16.66 -571.91 -65.21 -249.62 -0.12 -0.04 0.45 0.06 0.31 0.12 0.09
7.00 8.32 -190.71 420.45 -463.55 0.45 -0.70 -0.83 0.10 0.77 0.44 0.15
35.00 187.73 119.97 644.47 -253.53 0.20 -0.87 -0.63 0.99 0.00 0.86 0.43
17.00 7.87 274.11 -55.68 -365.03 0.60 0.22 0.03 0.64 0.08 0.24 0.41
22.00 18.52 -129.32 477.76 33.45 -0.18 -0.01 -0.07 0.27 0.21 0.82 0.44
12.00 3.78 -231.01 477.48 -71.62 0.62 0.87 -0.97 0.04 0.50 0.95 0.66
7.00 5.64 668.51 -179.68 -300.61 0.09 0.03 -0.65 0.69 0.99 0.89 0.10
7.00 4.73 -396.07 -471.43 32.99 -0.71 0.78 0.31 0.54 0.28 0.61 0.45
22.00 4.15 -29.76 523.26 -587.06 -0.26 0.93 -0.47 0.73 0.21 0.62 0.19
20.00 66.71 27.93 330.82 -370.95 0.38 0.44 -0.90 0.14 0.99 0.83 0.28
10.00 22.62 189.37 230.94 -213.74 0.98 -0.41 -0.48 0.13 0.75 0.22 0.68
13.00 29.45 -281.97 663.56 313.73 -0.28 -0.22 -0.43 0.97 0.29 0.53 0.93
29.00 150.98 -387.76 128.97 317.83 -0.99 -0.57 0.31 0.53 0.51 0.28 1.00
8.00 9.39 -396.84 -173.67 28.32 0.96 0.60 -0.59 0.65 0.52 0.99 0.94
7.00 6.69 442.81 259.94 -314.37 -0.16 0.38 -0.03 0.69 0.19 0.62 0.16
21.00 50.50 146.82 6.39 775.82 -1.00 0.11 0.08 0.43 0.23 0.41 0.19
8.00 14.99 -304.04 -29.84 -69.84 0.64 -0.17 -0.19 0.03 0.33 0.61 0.41
5.00 6.14 145.97 -327.81 230.03 -0.72 0.40 0.98 0.92 0.93 0.63 0.92
6.00 6.30 -375.05 142.13 -132.46 0.46 0.12 0.29 0.42 0.30 0.82 0.66
6.00 6.57 -280.80 578.49 -327.24 0.80 0.15 0.98 0.91 0.84 0.52 0.92
5.00 0.01 -256.04 -90.92 -407.18 0.07 0.64 0.87 0.29 0.31 0.84 0.89
10.00 5.97 -251.16 -452.46 -568.82 -0.41 -0.70 -0.50 0.01 0.14 0.06 0.60
9.00 13.51 138.68 543.41 215.08 -0.32 0.35 -0.34 0.21 0.68 0.66 0.32
18.00 79.96 72.73 233.90 393.43 -0.65 0.95 -0.91 0.32 0.63 0.99 0.37
11.00 21.34 -46.13 513.18 40.68 0.67 -0.81 -0.12 0.87 0.51 0.05 0.18
9.00 7.91 -246.76 469.52 218.52 0.05 0.12 0.29 0.85 0.01 0.16 0.45
15.00 27.91 -192.63 9.20 346.87 0.85 -0.10 -0.47 0.82 0.29 0.47 0.67
12.00 29.07 65.94 786.15 118.70 -0.45 0.14 0.72 0.07 0.96 0.85 0.66
22.00 25.72 -410.61 -288.21 -607.52 -0.97 0.01 -0.68 0.51 0.86 0.22 0.96
8.00 6.89 -40.99 -521.73 -336.01 0.84 0.20 -0.77 0.13 0.34 0.93 0.54
16.00 56.63 721.49 165.15 62.31 -0.02 0.50 0.62 0.22 0.82 0.27 0.36
14.00 27.80 -668.73 -203.41 -73.94 0.99 -0.31 0.54 0.09 0.74 0.90 0.60
23.00 141.04 331.67 -566.26 -215.21 -0.77 -0.46 0.99 0.38 0.38 0.45 0.11
8.00 14.03 -25.03 -136.79 106.89 0.45 -0.69 0.42 0.28 0.42 0.06 0.14
13.00 28.29 -293.58 -178.95 530.39 -0.59 -0.19 0.63 0.48 0.22 0.19 0.32
24.00 115.95 -547.20 -201.77 505.91 -0.71 -0.71 -0.88 0.05 0.48 0.49 0.88
23.00 81.42 -86.06 -548.78 189.63 0.22 -0.53 -0.50 0.47 0.84 0.44 0.19
15.00 13.63 -504.17 -299.26 439.16 -0.48 -0.21 0.47 0.28 0.97 0.18 0.24
29.00 79.90 383.25 -58.49 -250.37 -0.10 0.45 0.83 0.01 0.65 0.80 0.41
10.00 23.39 -393.31 -580.50 -343.35 0.74 -0.86 0.00 0.74 0.64 0.35 0.71
16.00 50.02 -169.20 1.67 28.08 0.73 -0.87 -0.83 0.64 0.53 0.60 0.38
28.00 38.33 264.20 -317.34 236.53 -0.99 0.71 0.62 0.22 0.31 0.76 0.68
11.00 21.38 -262.47 26.93 430.65 -0.51 0.43 -0.49 0.15 0.21 0.04 0.06
13.00 34.04 299.38 359.10 14.19 -0.86 0.60 -0.49 0.99 0.91 0.07 0.63
27.00 151.85 283.76 -299.73 373.54 0.22 -0.36 -0.35 0.82 0.44 0.63 0.47
12.00 27.16 -196.27 482.03 -18.69 0.41 0.55 -0.71 0.77 0.17 0.90 0.31
6.00 5.93 418.90 -193.63 -328.13 -0.16 -0.06 -0.34 0.07 0.72 0.93 0.78
19.00 21.53 -55.12 -475.80 -341.24 0.03 0.80 0.76 0.06 0.70 0.78 0.66
19.00 83.95 262.05 614.38 -113.32 0.17 -0.49 0.44 0.60 0.39 0.67 0.11
31.00 196.17 185.03 231.76 -477.71 0.41 0.10 -0.91 0.38 0.14 0.28 0.09
20.00 96.32 2.83 488.13 -510.96 0.44 -0.21 0.68 0.47 0.08 0.32 0.56
5.00 3.26 -3.15 -249.86 575.99 0.98 -0.99 0.17 0.19 0.44 0.78 0.53
25.00 53.73 485.39 321.68 420.45 0.52 -0.16 0.15 0.88 0.02 0.55 0.76
5.00 1.86 -8.41 -50.27 -645.59 -0.17 0.65 -0.67 0.90 0.50 0.01 0.56
13.00 12.31 465.86 570.28 -201.77 -0.08 -0.78 0.12 0.86 0.85 0.67 0.44
16.00 0.51 509.14 -441.54 338.59 -0.96 -0.53 0.16 0.69 0.61 0.66 0.30
17.00 76.60 -24.47 24.92 740.57 -0.39 -0.34 0.23 0.20 0.64 0.93 0.66
21.00 36.66 523.25 117.22 -465.86 0.25 0.33 -0.40 0.22 0.26 0.32 0.33
11.00 29.32 -672.68 191.20 351.56 -0.84 -0.51 0.34 0.21 0.02 0.48 0.09
27.00 61.04 11.72 -512.21 -540.67 0.89 -0.08 0.30 0.47 0.02 0.77 0.84
10.00 2.58 -615.56 -305.19 -299.21 0.68 -0.36 0.10 0.74 0.29 0.96 0.04
36.00 289.94 366.87 245.10 -420.79 0.06 -0.70 -0.16 0.49 0.39 0.05 0.36
5.00 5.60 265.97 -14.20 -549.18 -0.53 0.25 0.70 0.81 0.44 0.11 0.45
20.00 42.28 -452.42 107.74 -244.96 0.21 -0.87 0.22 0.13 0.22 0.65 0.87
33.00 173.80 455.39 -281.50 121.87 -0.87 -0.62 -0.69 0.02 0.05 0.76 0.60
7.00 2.66 -490.59 54.88 313.89 0.62 0.68 -0.42 0.39 0.36 0.85 0.61
12.00 2.69 200.34 24.21 -111.30 -0.19 -0.11 0.39 0.50 0.17 0.36 0.48
20.00 59.26 -54.80 269.06 42.21 -0.30 0.46 0.62 0.18 0.35 0.61 0.96
5.00 2.22 -316.99 -350.49 192.21 -0.79 -0.66 -0.65 0.49 0.60 0.05 0.19
12.00 26.70 157.91 289.55 -412.25 -0.78 -0.01 0.54 0.28 0.51 0.75 0.09
17.00 47.15 492.89 63.30 -242.04 -0.96 -0.41 0.07 0.86 0.91 0.83 0.13
9.00 10.41 -520.27 282.63 385.49 -0.95 0.55 -0.30 0.18 0.13 0.90 0.01
11.00 9.81 -35.67 -575.54 436.98 -0.37 -0.18 0.79 0.11 0.85 0.81 0.89
5.00 2.18 490.63 426.05 -14.11 -0.59 0.91 -0.83 0.39 0.76 0.79 0.85
15.00 58.39 -371.08 472.64 -438.96 0.07 -0.90 0.45 0.36 0.16 0.46 0.99
9.00 4.62 638.79 -63.79 63.07 0.33 -0.74 0.41 0.67 0.90 0.51 0.05
11.00 19.64 255.35 472.82 278.60 0.47 0.45 0.57 0.54 0.69 0.89 0.21
20.00 35.04 -103.10 686.53 -176.87 -0.20 -0.21 -0.42 0.45 0.37 0.62 0.50
37.00 283.61 124.67 -625.57 182.90 -0.81 -0.63 -0.63 0.97 0.58 0.33 0.83
6.00 1.37 -199.10 469.43 152.25 0.97 0.22 -0.34 0.30 0.50 0.67 0.16
23.00 21.12 270.51 -1.38 241.89 0.09 -0.92 0.59 0.73 0.02 0.33 0.90
17.00 13.34 -277.18 -667.77 321.15 -0.49 0.60 0.37 0.49 0.03 0.65 0.57
6.00 7.37 -122.92 -568.74 -413.04 0.59 0.08 -0.89 0.96 0.63 0.05 0.07
22.00 66.98 345.52 -206.19 69.13 0.73 0.57 -0.46 0.70 0.16 0.51 0.62
12.00 7.23 339.06 -83.56 -30.12 -0.02 -0.17 0.80 0.62 0.02 0.42 0.57
10.00 19.18 -530.17 217.67 -270.35 0.05 -0.73 0.13 0.76 0.23 0.51 0.16
5.00 1.39 363.31 -300.32 -565.10 0.26 -0.19 -0.03 0.38 0.91 0.75 0.66
16.00 17.02 -576.31 527.90 -169.58 -0.53 0.56 0.59 0.34 0.18 0.54 0.40
12.00 25.17 26.24 -12.84 -484.59 -0.56 -0.16 0.80 0.86 0.05 0.71 0.83
23.00 106.40 -36.08 -414.44 580.32 -0.73 0.84 0.76 0.10 0.53 0.37 0.82
13.00 36.85 -532.46 163.39 -377.76 0.86 0.81 0.44 0.30 0.84 0.47 0.67
13.00 23.80 506.87 37.77 -216.95 -0.20 0.95 0.24 0.24 0.72 0.42 0.77
11.00 21.28 -113.14 -355.92 -584.56 0.79 -0.83 0.17 0.94 0.65 0.70 0.18
13.00 8.16 327.14 -420.33 431.20 -0.00 -0.62 0.69 0.97 0.77 0.09 0.71
5.00 5.18 553.41 -295.18 -444.71 -0.04 0.30 -0.90 0.15 0.89 0.77 0.71
8.00 7.47 232.42 -382.92 -557.97 0.52 0.16 -0.82 0.83 0.18 0.35 0.33
11.00 24.18 -353.93 -33.87 623.52 0.58 0.26 -0.80 0.74 0.99 0.60 0.41
6.00 2.52 -537.37 -277.84 488.08 0.47 -0.24 -0.01 0.25 0.12 0.68 0.54
12.00 31.95 458.97 -302.77 -550.66 0.11 -0.78 0.65 0.20 0.10 0.36 0.05
14.00 26.26 -369.71 -564.28 217.31 -0.51 -0.40 -0.46 1.00 0.03 0.33 0.59
39.00 184.45 -708.63 -211.28 -236.84 0.76 -0.84 -0.82 0.11 0.06 0.33 0.61
15.00 47.79 425.45 -390.30 484.03 -0.20 0.23 0.85 0.58 0.99 0.79 0.74
11.00 28.04 -164.24 547.07 -60.54 0.11 -0.54 0.69 0.42 0.73 0.49 0.05
32.00 242.91 625.07 -302.33 -165.13 0.75 -0.29 0.49 0.30 0.28 0.39 0.90
24.00 18.03 -592.18 -252.57 -466.64 0.93 0.97 0.75 0.90 0.18 0.83 0.92
8.00 14.80 140.70 -285.21 441.22 -0.44 -0.26 0.04 0.22 0.87 0.10 0.89
16.00 52.96 425.65 268.63 550.86 -0.15 0.00 0.35 0.14 0.21 0.48 0.10
21.00 53.91 224.37 99.60 -598.03 0.76 -0.74 0.94 0.13 0.86 0.51 0.40
6.00 5.75 80.44 -243.77 -415.47 0.34 -0.03 0.16 0.12 0.69 0.72 0.66
11.00 19.01 -533.18 -319.84 -356.03 0.55 0.97 -0.50 0.94 0.87 0.57 0.35
13.00 21.32 -640.95 83.65 -406.90 0.04 -1.00 0.62 0.16 0.98 0.66 0.36
17.00 29.88 -12.84 -376.19 26.29 0.26 0.79 0.87 0.02 0.00 0.69 0.33
10.00 24.48 5.70 -228.68 -609.55 -0.26 0.29 -0.69 0.44 0.52 0.56 0.21
5.00 2.30 75.13 640.93 410.99 -0.61 0.44 0.61 0.89 0.36 0.68 0.28
5.00 0.73 -46.67 279.65 277.68 -0.12 0.38 -0.59 0.59 0.05 0.03 0.19
16.00 15.96 186.23 -380.62 426.37 0.37 -0.96 -0.63 0.60 0.20 0.31 0.38
7.00 6.34 294.68 -638.02 -109.68 -0.90 0.66 0.03 0.41 0.24 0.98 0.87
15.00 35.74 517.58 4.06 388.59 0.38 0.95 0.25 0.14 0.90 0.14 0.99
13.00 20.81 107.17 66.03 -292.67 -0.02 0.35 -0.79 0.69 0.04 0.47 0.97
7.00 10.55 -136.78 71.94 582.44 0.40 -0.78 -0.22 0.70 0.61 0.26 0.90
7.00 1.78 -447.98 -30.87 377.00 0.39 0.16 -0.04 0.18 0.34 0.83 0.85
13.00 34.70 599.12 367.16 -299.53 -0.29 0.91 -0.46 0.74 0.77 0.92 0.81
8.00 3.91 -323.57 271.34 516.81 -0.19 -0.36 0.26 0.75 0.13 0.84 0.89
7.00 10.83 47.40 356.12 418.48 0.22 0.29 -0.32 0.10 0.11 0.15 0.24
8.00 9.25 -621.50 268.46 235.00 -0.93 0.52 0.06 0.89 0.44 0.92 0.93
25.00 145.58 281.09 -265.93 324.43 0.49 -0.33 -0.91 0.81 0.16 0.24 0.78
23.00 71.35 -457.93 -519.57 -162.42 0.94 -0.57 0.56 0.07 0.72 0.88 0.42
15.00 31.19 511.61 -277.91 224.13 0.31 -0.92 -0.88 0.78 0.73 0.42 0.27
8.00 8.48 150.27 320.05 -512.54 -0.83 0.31 -0.84 0.12 0.71 0.79 0.86
21.00 28.80 -235.61 155.43 -660.26 -0.55 -0.56 0.16 0.14 0.83 0.23 0.19
20.00 76.25 -471.74 -298.40 248.40 0.36 0.38 -0.43 0.19 0.82 0.10 0.09
12.00 3.32 239.51 410.35 -348.95 0.81 0.65 0.08 0.50 0.24 0.91 0.58
7.00 9.46 474.58 -574.83 -264.65 0.36 -0.65 -0.48 0.17 0.42 0.55 0.94
9.00 0.96 -30.25 471.51 -0.62 -0.64 0.76 0.46 0.54 0.38 0.76 0.23
19.00 71.34 509.09 494.62 144.18 0.96 -0.98 -0.30 0.26 0.10 0.63 0.37
6.00 2.55 667.94 424.38 57.60 0.43 -0.73 -0.88 0.15 0.74 0.14 0.29
19.00 9.63 -277.17 -708.25 -230.24 0.63 0.31 -0.25 0.71 0.15 0.99 0.70
12.00 7.85 306.86 144.38 318.36 -0.79 -0.39 -0.78 0.55 0.10 0.03 0.84
8.00 9.14 3.18 -192.46 494.93 -0.49 -0.83 -0.47 0.39 0.55 0.31 0.66
10.00 12.23 60.25 -488.31 -149.58 0.40 0.45 -0.40 0.50 0.58 0.21 0.61
6.00 7.38 -480.08 -188.78 473.42 0.37 0.72 0.99 0.71 0.67 0.09 0.67
9.00 20.60 10.72 -493.16 -32.23 -0.52 0.93 0.84 0.34 0.34 0.67 0.38
13.00 38.73 -703.36 -213.03 80.03 -0.95 0.74 0.61 0.71 0.19 0.25 0.88
14.00 41.60 -722.75 30.37 283.82 0.22 0.04 0.93 0.12 0.39 0.35 0.38
19.00 23.06 -395.99 -212.81 7.27 0.64 0.64 0.81 0.59 0.68 0.47 0.18
5.00 2.78 242.56 -425.16 188.98 0.31 0.38 -0.02 0.14 0.15 0.78 0.66
5.00 4.89 -84.23 341.28 491.89 -0.73 0.34 -0.08 0.99 0.67 0.78 0.76
9.00 17.26 -387.68 -575.68 128.28 -0.70 -0.62 -0.03 0.30 0.70 0.97 0.68
12.00 37.79 439.42 -342.99 156.36 0.89 -0.99 -0.41 0.22 0.94 0.97 0.29
12.00 22.14 -620.99 -150.24 456.14 0.82 -0.76 0.18 0.10 0.30 0.64 0.67
8.00 16.75 121.46 36.96 107.37 -0.25 0.96 -0.53 0.94 0.25 0.96 0.48
32.00 129.40 -55.04 296.33 -286.93 0.19 0.94 0.41 0.11 0.50 0.13 0.09
7.00 11.69 308.71 -159.72 -355.52 0.59 -0.85 -0.77 0.42 0.17 0.84 0.47
11.00 10.79 -49.30 126.45 387.15 -0.27 -0.59 -0.15 0.87 0.44 0.23 0.23
5.00 3.63 -215.76 -360.67 149.31 -0.79 0.29 -0.73 0.45 0.76 0.38 0.97
14.00 18.16 -33.07 172.02 555.45 -0.82 -0.19 0.87 0.48 0.01 0.57 0.97
9.00 1.61 -529.06 319.10 -307.67 -0.71 0.70 0.22 0.60 0.50 0.97 0.13
11.00 23.03 19.10 579.31 72.81 0.35 0.59 0.19 0.90 0.39 0.68 0.90
36.00 140.91 -436.81 618.90 -218.27 0.08 -0.93 0.35 0.66 0.56 0.76 0.48
22.00 88.10 -397.31 -388.15 -88.98 -0.77 0.06 -0.63 0.52 0.33 0.54 0.09
9.00 19.13 295.21 369.56 566.98 -0.52 0.77 0.64 0.25 0.71 0.87 0.69
34.00 244.97 -87.83 704.72 -65.08 0.07 -0.56 -0.56 0.68 0.46 0.25 0.05
10.00 13.45 -518.86 243.44 417.32 0.02 0.10 0.40 0.33 0.96 0.75 0.35
10.00 24.77 -451.45 -31.60 138.77 -0.81 0.63 -0.81 0.42 0.96 0.78 0.71
7.00 6.20 -638.78 -121.71 -231.81 0.81 0.32 0.68 0.77 1.00 0.27 0.13
21.00 50.05 -427.49 -491.91 254.22 -1.00 0.69 -0.73 0.99 0.64 0.15 0.24
15.00 2.04 24.83 -566.41 -552.81 -0.77 0.34 0.18 0.43 0.31 0.35 0.41
35.00 206.63 137.81 -335.59 -535.13 0.56 0.29 -0.71 0.18 0.74 0.41 0.63
11.00 7.17 -376.46 -71.12 191.78 0.78 0.06 -0.99 0.95 0.48 0.16 0.42
32.00 44.89 -417.01 -10.83 413.19 -0.72 0.07 -0.59 0.90 0.43 0.93 0.16
7.00 0.69 212.00 368.39 323.80 -0.50 -0.39 0.43 0.00 0.25 0.96 0.24
11.00 11.23 -329.76 -652.38 -8.41 0.39 -0.33 -0.37 0.64 0.09 0.43 0.20
7.00 2.97 100.88 -81.49 687.94 -0.61 0.48 0.80 0.51 0.41 0.78 0.72
13.00 15.21 118.33 67.44 468.57 -0.91 -0.23 -0.85 0.25 0.91 0.82 0.22
7.00 10.56 -27.58 231.97 369.00 -0.22 -0.42 0.74 0.84 0.39 0.87 0.40
13.00 43.82 177.29 530.98 -268.44 0.40 0.36 0.95 0.63 0.74 0.01 0.68
6.00 4.35 40.12 -569.10 437.00 -0.87 0.69 -0.43 0.06 0.21 0.25 0.48
12.00 8.15 -245.41 -97.65 -548.16 0.10 0.89 -0.91 0.97 0.71 0.72 0.27
14.00 14.09 -223.10 -395.56 -512.02 -0.85 -0.99 0.84 0.17 0.75 0.24 0.23
14.00 7.75 146.70 625.43 -401.30 -0.86 -0.07 0.02 0.89 0.59 0.75 0.79
10.00 21.82 -477.89 292.29 110.23 -0.40 0.07 -0.43 0.80 0.75 0.39 0.22
5.00 6.01 216.71 -236.93 -473.46 -0.86 -0.90 -0.78 0.42 0.92 0.62 0.42
7.00 5.33 373.90 -77.41 30.90 0.31 0.74 -0.88 0.62 0.67 0.45 0.82
15.00 10.07 -49.82 -395.87 443.85 -0.24 0.53 0.46 0.44 0.22 0.56 0.23
10.00 23.77 -209.45 543.87 -525.82 0.01 -0.93 0.72 0.17 0.91 0.06 0.72
7.00 11.37 -192.35 -252.22 652.78 -0.33 0.03 0.71 0.78 0.99 0.58 0.80
5.00 6.62 28.66 212.40 423.60 -0.91 0.90 0.84 0.42 0.09 0.57 0.20
32.00 123.32 -116.20 -575.34 -242.81 -0.08 -0.38 -0.05 0.72 0.23 0.28 0.99
7.00 3.04 117.41 14.06 -717.07 0.16 -0.12 0.55 0.42 0.82 0.91 0.74
15.00 25.45 347.64 -72.25 -219.04 0.64 0.24 -0.65 0.18 1.00 0.47 0.02
26.00 82.49 -202.13 19.83 -689.90 -0.22 0.48 -0.96 0.89 0.73 0.61 0.10
17.00 76.51 -664.34 146.36 106.11 0.39 -0.06 -0.51 0.04 0.63 0.12 0.95
8.00 15.17 -590.78 473.76 -50.53 -0.01 -0.02 -0.75 0.76 0.12 0.95 0.47
5.00 0.85 582.13 -227.39 -275.42 0.76 0.51 0.82 0.55 0.41 0.88 0.93
12.00 14.55 447.97 -360.32 -423.49 0.76 -0.44 0.52 0.96 0.28 0.77 0.87
18.00 19.49 410.19 -147.93 257.80 0.02 0.93 -0.96 0.68 0.92 0.83 0.58
9.00 9.98 -231.69 -109.99 135.48 0.14 0.27 0.55 0.72 0.34 0.92 0.66
10.00 6.24 -11.71 30.58 -701.62 0.92 -0.36 0.43 0.46 0.15 0.94 0.85
38.00 332.54 374.34 -217.55 -371.86 -0.62 0.46 -0.77 0.22 0.28 0.00 0.83
14.00 28.60 38.63 270.32 -255.02 0.12 0.34 -0.00 0.48 0.72 0.58 0.38
6.00 6.40 108.78 550.71 98.43 -0.19 0.72 -0.36 0.64 0.83 0.92 0.70
10.00 2.73 -442.42 -374.14 -516.75 0.20 0.54 0.73 0.79 0.42 0.21 0.56
13.00 29.76 -232.69 -574.46 -19.09 0.67 -0.59 0.15 0.02 0.55 0.76 0.71
9.00 1.78 690.78 -261.78 70.93 0.57 -0.88 -0.41 0.49 0.07 0.96 0.15
14.00 7.87 -61.95 362.55 182.03 0.22 -0.72 0.64 0.07 0.00 0.01 0.89
33.00 198.74 43.26 60.55 609.31 0.99 -0.44 -0.72 0.79 0.51 0.35 0.30
12.00 8.58 -45.46 -266.15 55.25 -0.76 -0.27 -0.58 0.01 0.70 0.95 0.15
12.00 23.48 298.11 -445.44 -83.46 0.40 -0.02 0.91 0.51 0.32 0.23 0.27
14.00 37.17 80.42 -383.75 427.28 -0.28 -0.81 -0.42 0.59 0.14 1.00 0.26
5.00 1.64 -322.10 -144.12 -201.30 0.56 -0.17 0.27 0.91 0.99 0.26 0.00
18.00 37.68 -326.87 -378.63 33.42 0.63 -0.40 -0.13 0.82 0.96 0.76 0.70
15.00 57.31 -85.68 107.25 543.73 -0.07 -0.51 0.52 0.27 0.10 0.19 0.85
6.00 0.29 -674.86 -171.07 194.08 0.46 0.79 0.07 0.19 0.69 0.42 0.14
19.00 26.51 -157.88 -530.82 221.78 -1.00 0.20 0.68 0.27 0.03 0.70 0.80
13.00 35.00 -343.30 -194.21 60.28 0.81 -0.36 0.68 0.41 0.82 0.55 0.29
22.00 5.33 199.24 -569.44 -404.70 0.59 -0.24 0.23 0.63 0.06 0.84 0.38
13.00 32.67 -280.32 -673.32 -187.75 0.03 -0.91 0.14 0.86 0.27 0.71 0.63
17.00 27.77 187.83 399.83 -104.50 0.19 0.18 -0.10 0.81 0.27 0.45 0.89
9.00 21.04 68.58 752.62 -20.80 0.32 0.23 -0.12 0.19 0.09 0.00 0.93
17.00 40.26 474.35 285.30 522.03 -0.38 0.35 0.50 0.71 0.76 0.53 0.08
10.00 18.64 266.79 -33.07 342.72 0.55 -0.41 -0.91 0.47 0.90 0.74 1.00
5.00 5.65 -378.05 146.88 380.24 -0.60 -0.43 -0.44 0.66 0.56 0.75 0.13
19.00 1.46 699.17 24.62 -188.25 -0.90 0.61 0.10 0.48 0.20 0.97 0.12
30.00 154.34 -94.64 -194.57 -374.18 0.54 -0.17 0.76 0.28 0.27 0.70 0.38
24.00 79.68 -130.46 20.46 -357.65 0.91 0.03 0.58 0.85 0.48 0.30 0.80
21.00 42.17 580.29 -191.26 -362.07 0.46 0.42 -0.25 0.30 0.93 0.63 0.14
5.00 5.30 378.10 -347.42 -347.76 -0.67 -0.38 -0.55 0.35 0.36 0.46 0.05
17.00 47.10 -365.44 -227.06 446.07 -0.61 0.17 0.22 0.01 0.84 0.43 0.01
17.00 30.59 17.85 142.31 148.02 -0.65 0.16 -0.23 0.24 0.12 0.57 0.95
11.00 27.15 -342.79 -434.71 -261.84 -0.22 0.10 -0.10 0.63 0.09 0.91 0.10
12.00 28.14 -784.93 -45.85 -60.89 0.51 0.59 0.40 0.38 0.98 0.29 0.34
7.00 1.49 238.55 313.72 -454.23 0.74 0.95 -0.45 0.46 0.64 0.40 0.91
18.00 0.80 -428.75 184.48 367.95 -0.18 0.15 0.17 0.30 0.20 0.87 0.04
7.00 4.05 377.78 -704.16 -6.73 0.82 0.31 -0.07 0.43 0.60 0.49 0.29
12.00 13.82 169.89 580.95 321.39 -0.86 -0.67 0.01 0.91 0.84 0.88 0.17
17.00 57.55 -426.76 166.17 -348.01 0.87 -0.03 -0.98 0.82 0.17 0.34 0.19
10.00 9.41 87.39 412.06 206.84 0.05 0.49 0.36 0.64 0.34 0.35 0.94
24.00 32.27 -282.25 -311.09 324.32 0.49 0.89 -0.81 0.98 0.77 0.86 0.20
14.00 33.99 -8.83 -196.30 101.52 -0.82 0.29 -0.46 0.51 0.59 0.88 0.90
7.00 4.64 147.82 -90.35 368.56 -0.21 0.85 -0.21 0.43 0.62 0.32 0.30
17.00 13.61 -540.06 180.44 -235.20 0.57 0.94 0.51 0.44 0.91 0.44 0.58
9.00 19.62 -89.76 -328.93 -9.87 -0.97 -0.29 0.59 0.34 0.97 0.81 0.59
17.00 65.51 -134.01 -471.35 427.00 -0.21 0.87 -0.20 0.81 0.01 0.79 0.97
38.00 121.37 685.48 181.64 -55.86 -0.41 0.81 0.29 0.95 0.90 0.19 0.95
25.00 20.91 180.21 0.97 102.56 0.47 -0.98 -0.73 0.06 0.85 0.25 0.81
8.00 7.82 180.70 163.94 -747.83 0.04 -0.83 0.84 0.38 0.94 0.99 0.42
11.00 9.66 -563.53 309.81 233.21 0.56 -0.73 0.57 0.45 0.89 0.32 0.32
21.00 40.89 349.13 302.06 -540.90 -0.06 0.61 0.94 0.32 0.58 0.08 0.53
13.00 37.88 -555.15 -276.60 -375.97 0.16 0.83 -0.96 0.34 0.84 0.94 0.91
10.00 12.81 -475.39 368.35 251.40 -0.74 -0.42 -0.26 0.69 0.08 0.86 0.20
19.00 71.67 295.91 469.66 172.94 -0.30 0.20 -0.85 0.70 0.98 0.06 0.58
7.00 4.02 -206.48 -561.75 263.22 0.84 -0.35 -0.42 0.97 0.25 0.59 0.96
25.00 84.35 -623.07 375.64 -82.59 -0.31 0.30 -0.99 0.60 0.38 0.24 0.20
8.00 15.43 384.31 -241.13 428.19 0.33 -0.30 0.71 0.25 0.78 0.40 0.26
5.00 4.89 -602.81 -5.59 -67.37 -0.97 -0.10 -0.75 0.40 0.13 0.55 0.80
9.00 9.47 180.95 -675.34 -361.38 -0.04 -0.99 0.91 0.44 0.36 0.47 0.20
11.00 19.16 53.45 575.68 187.17 0.42 0.37 -0.67 0.99 0.52 0.16 0.29
39.00 5.89 -616.38 301.04 -23.78 0.54 0.25 0.35 0.61 0.86 0.23 1.00
14.00 31.59 -257.21 183.95 -56.07 0.89 0.17 0.93 0.68 0.49 0.42 0.61
17.00 5.50 564.56 -90.05 155.61 -0.42 -0.12 0.60 0.63 0.16 0.61 0.56
5.00 6.20 -451.86 -311.49 -124.08 0.24 0.15 0.71 0.62 0.35 0.72 0.56
7.00 11.14 184.88 -285.99 -551.83 0.23 -0.15 0.61 0.78 0.78 0.94 0.11
23.00 69.77 -520.32 -256.41 -159.27 -0.78 -0.70 -0.12 0.12 0.49 0.60 0.56
21.00 105.31 -24.59 -332.94 -635.60 -0.76 0.71 -0.63 0.21 0.90 0.44 0.83
21.00 100.30 55.56 -573.18 340.40 0.99 0.46 0.58 0.08 0.30 0.99 0.37
10.00 19.12 153.46 -330.27 156.76 -0.75 0.03 0.29 0.30 0.06 0.87 0.27
12.00 29.78 -175.43 -85.13 -122.78 0.52 0.49 -0.16 0.97 1.00 0.19 0.04
6.00 7.15 -85.45 602.74 -19.39 -0.14 -0.97 -0.73 0.37 0.29 0.71 0.92
5.00 0.06 -257.61 305.98 634.91 0.22 -0.12 -0.06 0.11 0.21 0.88 0.24
30.00 48.71 406.92 58.68 -318.45 -0.88 0.54 -0.73 0.29 0.22 0.35 0.55
9.00 20.57 146.54 216.17 -598.48 -0.56 0.43 0.40 0.85 0.96 0.26 0.89
9.00 5.16 351.08 14.94 202.86 0.47 -0.86 0.44 0.35 0.41 0.22 0.04
34.00 173.16 335.94 497.71 259.30 0.61 -0.46 0.45 0.53 0.46 0.67 0.80
11.00 24.99 -258.12 -106.31 -124.47 0.62 -0.27 0.45 0.73 0.66 0.13 0.60
9.00 1.05 -458.02 -623.98 -148.02 0.45 -0.19 -0.23 0.32 0.78 0.62 0.03
10.00 18.91 -15.00 556.95 -305.28 -0.99 0.85 0.50 0.50 0.41 0.67 0.38
5.00 2.13 -701.89 71.43 -123.32 -0.38 0.27 -0.44 0.51 0.94 0.06 0.61
14.00 35.58 -101.13 -26.64 397.93 -0.24 -0.61 0.95 0.84 0.76 0.30 0.87
9.00 4.89 432.38 411.63 -254.98 -0.16 -0.12 -0.57 0.32 0.76 0.49 0.73
26.00 142.65 358.36 103.87 -372.86 0.29 -0.37 0.52 0.17 0.10 0.00 0.67
5.00 3.28 201.31 -609.84 -409.55 0.79 -0.38 0.32 0.60 0.06 0.29 0.18
15.00 20.59 -562.33 -120.78 545.80 -0.65 0.45 0.71 0.27 0.21 0.17 0.63
7.00 10.18 63.98 -394.30 440.90 -0.92 0.03 -0.87 0.78 0.93 0.82 0.75
5.00 4.05 -687.39 -43.31 -48.63 -0.86 0.77 -0.80 0.26 0.97 0.09 0.35
5.00 3.58 342.71 475.03 -228.23 0.04 -0.23 0.15 0.50 0.88 0.11 0.72
22.00 65.85 -681.17 -77.43 137.32 -0.20 0.97 -0.15 0.73 0.04 0.79 0.58
6.00 8.56 -474.14 -217.32 -258.49 0.91 -0.08 -0.56 0.67 0.45 0.26 0.99
22.00 27.49 -106.94 -314.49 -581.10 0.38 0.82 -0.39 0.51 0.38 0.66 0.41
8.00 14.01 414.43 8.84 -301.28 0.29 0.37 0.34 0.20 0.19 0.61 0.67
34.00 300.07 680.48 -302.25 188.46 0.19 0.30 -0.90 0.24 0.27 0.73 0.03
26.00 27.92 62.03 -0.23 44.02 -0.88 -0.06 0.52 0.66 0.25 0.37 0.24
12.00 37.09 571.38 -455.51 250.25 -0.22 0.57 0.77 0.70 0.88 0.13 0.42
31.00 97.18 -98.61 -621.19 296.43 0.10 0.66 -0.76 0.96 0.66 0.71 0.64
6.00 6.08 -615.36 -403.73 118.44 -0.43 0.50 -0.39 0.52 0.13 0.99 0.01
24.00 10.15 -99.09 -495.04 -473.61 0.02 0.32 0.16 0.70 0.55 0.56 0.95
7.00 4.41 -80.90 -13.65 -714.16 0.31 -0.93 -0.76 0.67 0.65 0.82 0.95
5.00 2.34 -554.35 24.80 436.15 -0.38 -0.09 0.33 0.04 0.29 0.68 0.18
15.00 1.29 144.46 -126.99 622.09 -0.08 0.10 0.68 0.63 0.28 0.38 0.44
14.00 23.69 -621.13 248.96 267.30 0.03 0.81 0.20 0.06 0.64 0.42 0.09
12.00 5.14 480.65 183.33 153.57 0.69 0.71 -0.50 0.07 0.50 0.18 0.46
16.00 19.64 -559.77 285.01 73.44 0.68 0.32 -0.66 0.03 0.01 0.92 0.79
16.00 19.68 -300.26 223.86 156.81 -0.78 -0.26 -0.70 0.92 0.89 0.30 0.37
31.00 79.65 -215.25 -742.60 -151.30 -0.54 -0.14 -0.25 0.49 0.56 0.29 0.06
14.00 43.36 -2.27 -146.71 728.26 0.70 -0.57 -0.46 0.44 0.85 0.31 0.06
9.00 7.76 -630.26 484.36 -63.15 0.59 -0.05 -0.65 0.40 0.62 0.18 0.73
9.00 14.47 246.82 -275.33 127.95 -0.49 -0.73 -0.66 0.24 0.38 0.11 0.37
35.00 103.98 262.11 257.86 91.99 0.44 -0.41 0.34 0.13 0.66 0.30 0.99
14.00 11.25 227.09 -85.40 386.53 0.15 0.86 0.93 0.32 0.05 0.62 0.92
12.00 1.62 -157.29 493.29 -2.75 0.71 0.81 -0.62 0.28 0.44 0.51 0.86
8.00 6.82 313.02 288.27 106.65 -0.79 -0.43 -0.23 0.37 0.94 0.85 0.83
12.00 20.75 -302.85 -24.63 443.13 -0.55 -0.94 0.15 0.20 0.17 0.79 0.30
21.00 93.23 -20.81 682.48 385.85 0.73 0.75 -0.36 0.15 0.00 0.41 0.66
28.00 173.82 -321.16 -457.58 258.51 -0.80 0.56 0.34 0.52 0.85 0.03 0.75
12.00 24.95 648.29 46.49 289.73 -0.81 0.38 0.93 0.72 0.97 0.59 0.34
10.00 20.34 -560.65 -116.09 -381.95 0.02 -0.91 -0.98 0.64 0.03 0.08 0.60
15.00 41.67 -28.89 -5.66 198.65 0.40 0.66 0.24 0.17 0.49 0.61 0.12
11.00 2.90 -585.96 -315.61 -206.20 0.30 0.53 0.92 0.46 0.70 0.86 0.02
9.00 0.16 531.07 -36.02 -209.31 0.21 0.33 0.50 0.28 0.62 0.50 0.54
23.00 27.00 324.26 -113.78 625.96 0.70 -0.13 -0.66 0.59 0.13 0.86 0.14
26.00 150.89 20.72 -667.28 -328.70 0.20 0.64 0.99 0.51 0.85 0.38 0.57
20.00 21.79 -460.59 333.74 -332.92 -0.13 0.85 0.07 0.26 0.07 0.59 0.77
23.00 79.49 250.29 -175.99 599.84 -0.23 0.64 -0.87 0.82 0.25 0.41 0.34
7.00 11.49 382.61 -35.61 223.51 0.81 0.27 0.14 0.35 0.11 1.00 0.67
13.00 26.81 90.18 -520.89 -317.80 0.84 0.09 -0.75 0.46 0.04 0.56 0.21
15.00 14.52 -292.24 61.95 -481.20 -0.16 -0.13 -0.07 0.06 0.69 0.00 0.69
16.00 43.50 -331.89 -161.66 -138.48 0.84 0.26 0.33 0.56 0.98 0.75 0.32
37.00 30.52 176.15 156.72 -220.74 0.12 -0.99 0.69 0.25 0.86 0.05 0.16
8.00 11.60 489.63 435.34 420.94 -0.61 0.63 -0.67 0.70 0.71 0.76 0.99
26.00 62.27 -400.07 -103.88 476.96 0.44 -0.82 -0.84 0.86 0.63 0.84 0.08
17.00 64.16 175.92 358.78 681.93 -0.60 -0.11 0.23 0.91 0.50 0.05 0.68
20.00 29.50 275.14 -311.37 -169.54 0.97 0.26 -0.89 0.68 0.69 0.63 0.05
7.00 3.39 84.56 638.03 -200.56 0.47 0.68 0.34 0.40 0.71 0.74 0.44
23.00 107.23 -413.24 106.98 -301.59 -0.63 0.55 0.33 0.51 0.19 0.83 0.19
5.00 0.40 -245.20 -226.55 -231.83 0.99 0.66 -0.46 0.67 0.98 0.07 0.52
14.00 7.93 -86.44 -114.41 558.10 0.27 0.21 0.54 0.17 0.37 0.93 0.43
18.00 24.98 539.12 -175.24 269.21 -0.84 0.29 0.50 0.92 0.59 0.48 0.51
11.00 24.11 100.41 -430.42 473.21 -0.16 0.81 0.79 0.77 0.22 0.36 0.15
12.00 35.39 -475.98 -464.93 -266.94 0.61 -0.60 0.14 0.08 0.34 0.59 0.16
6.00 7.84 54.95 -258.02 252.95 0.75 0.62 0.99 1.00 0.87 0.46 0.72
16.00 48.42 295.13 -50.63 220.68 -0.60 0.83 0.91 0.36 0.88 0.65 0.25
11.00 26.83 353.29 530.75 -357.22 -0.30 -0.90 -0.02 0.25 0.24 0.30 0.54
17.00 61.19 8.06 -56.35 417.30 0.75 -0.29 0.06 0.28 0.99 0.48 0.57
11.00 7.49 -349.76 -435.36 -537.24 -0.74 -0.49 0.85 0.76 0.88 0.16 0.21
15.00 25.66 -327.26 -239.57 135.17 -0.63 0.56 -0.31 0.99 0.99 0.52 0.51
12.00 38.68 209.02 46.80 -183.34 -0.53 -0.35 -0.77 0.15 0.75 0.14 0.59
17.00 69.35 265.76 730.50 -65.14 0.88 -0.77 0.37 0.81 0.39 0.81 0.52
8.00 8.19 212.90 120.22 400.22 -0.59 0.37 -0.07 0.34 0.63 0.67 0.94
8.00 7.49 316.82 -241.34 -451.25 0.47 -0.47 0.45 0.97 0.47 0.98 0.99
25.00 86.62 -56.33 456.80 556.08 0.30 -0.65 -0.58 0.80 0.22 0.86 0.43
27.00 177.88 -59.53 762.68 111.46 0.30 0.44 -0.94 0.82 0.06 0.90 0.81
17.00 2.13 155.32 -282.52 333.53 0.71 -0.98 -0.00 0.38 0.21 0.37 0.71
39.00 122.85 246.94 -394.69 -608.48 -0.54 -0.98 -0.57 0.56 0.13 0.56 0.16
8.00 9.23 -126.25 716.25 -157.28 0.57 -0.71 -0.12 0.59 0.86 0.60 0.94
21.00 1.61 585.06 211.77 -221.81 0.45 -0.95 -0.45 0.90 0.11 0.03 0.25
7.00 13.00 665.74 -374.62 -142.77 -0.58 -0.11 0.10 0.70 0.10 0.14 0.24
15.00 53.24 119.61 676.09 320.93 -0.38 -0.03 -0.74 0.03 0.66 0.77 0.69
7.00 6.01 -206.20 11.10 635.69 -0.76 0.92 -0.00 0.54 0.44 0.57 0.73
7.00 12.60 -544.16 -316.10 -3.19 0.52 0.78 -0.06 0.16 0.85 0.50 0.08
18.00 5.78 -151.24 476.19 282.34 -0.43 0.21 0.90 0.91 0.01 0.22 0.51
23.00 43.02 192.92 -355.84 -676.68 -0.33 -0.64 -0.75 0.86 1.00 0.86 0.79
18.00 70.05 296.99 17.37 -698.04 0.24 -0.87 0.35 0.80 0.95 0.07 0.04
9.00 0.87 -439.85 -404.16 -344.72 -0.28 -0.89 0.93 0.05 0.26 0.39 1.00
6.00 5.67 580.72 -259.09 -421.07 0.32 -0.27 -0.00 0.39 0.77 0.25 0.40
6.00 9.49 189.98 -191.57 -443.64 -0.34 0.63 -0.19 0.64 0.26 0.34 0.38
9.00 2.52 -132.98 -88.41 -613.97 0.52 -0.89 -0.97 0.69 0.17 0.48 0.97
11.00 23.67 608.49 89.25 323.25 -0.96 0.35 0.70 0.27 0.78 0.90 0.12
19.00 9.06 -411.82 331.44 98.89 0.03 -0.03 -0.43 0.32 0.45 0.11 0.18
18.00 23.27 -533.69 -318.81 323.76 -0.03 -0.23 -0.45 0.23 0.79 0.71 0.78
12.00 4.01 458.74 -444.31 -113.18 -0.33 0.91 0.46 0.66 0.80 0.84 0.19
10.00 11.68 234.75 -365.18 -201.17 -0.87 -0.60 0.45 0.34 0.29 0.95 0.12
7.00 12.68 -634.63 204.35 335.13 -0.90 -0.67 -0.83 0.99 0.86 0.69 0.30
7.00 4.03 93.57 -685.39 -136.42 -0.87 0.53 0.19 0.07 0.23 0.25 0.41
25.00 113.09 -487.40 52.59 -595.22 -0.14 0.21 -0.90 0.23 0.88 0.28 0.16
11.00 14.68 -501.28 -508.80 -88.84 -0.00 -0.32 -0.64 0.46 0.71 0.65 0.01
7.00 10.05 -445.23 213.30 180.59 -0.52 -0.23 0.77 0.94 0.56 0.90 0.83
7.00 4.20 115.28 75.65 243.13 0.37 -0.06 -0.23 0.16 0.04 0.69 0.72
23.00 33.38 493.25 -229.99 413.53 0.43 -0.11 -0.27 0.43 0.24 0.28 0.93
5.00 2.34 117.01 -220.47 -416.99 -0.45 -0.66 -0.83 0.75 0.10 0.30 0.11
7.00 0.67 567.58 -52.96 -32.38 0.33 0.49 0.29 0.35 0.77 0.45 0.04
23.00 100.19 533.11 237.63 -223.73 -0.11 0.45 0.17 0.94 0.42 0.95 0.46
17.00 29.10 -4.16 404.03 576.62 0.61 -0.39 -0.42 0.74 0.35 0.07 0.54
31.00 133.76 61.61 -296.88 -85.17 -0.21 -0.60 -0.33 0.62 0.71 0.25 0.10
7.00 5.28 340.30 -385.40 278.07 0.25 -0.91 -0.28 0.28 0.30 0.46 0.47
13.00 1.73 -455.81 -330.19 264.84 0.95 -0.33 0.55 0.19 0.70 0.98 0.36
12.00 13.83 97.75 21.04 377.10 -0.55 0.40 0.82 0.96 0.67 0.17 0.30
10.00 2.90 358.40 238.33 504.33 0.94 0.71 0.23 0.01 0.54 0.94 0.93
27.00 73.14 -345.06 -530.19 126.43 -0.56 0.59 -0.77 1.00 0.93 0.51 0.76
17.00 41.73 -189.83 76.85 533.54 -0.19 0.07 -0.65 0.01 0.14 0.37 0.60
11.00 5.18 440.97 507.42 -176.83 -0.92 -0.14 0.39 0.45 0.97 0.38 0.75
6.00 3.17 -381.94 52.22 105.72 -0.16 0.79 -0.56 0.68 0.81 0.35 0.02
16.00 56.07 386.89 -455.74 -342.66 0.91 0.61 0.87 0.60 0.81 0.96 0.69
9.00 14.72 172.22 -6.62 46.44 0.54 0.82 0.50 0.87 0.46 0.39 0.60
9.00 9.75 96.00 287.03 -416.81 0.70 -0.29 -0.62 0.40 0.33 0.35 0.42
13.00 0.40 -243.57 204.79 462.47 0.96 0.12 0.11 0.33 0.94 0.08 0.10
9.00 7.32 -299.96 60.40 -550.83 0.35 -0.98 0.55 0.02 0.21 0.17 0.21
6.00 1.65 -25.89 -219.86 -54.52 0.26 -0.11 -0.50 0.26 0.15 0.22 0.54
9.00 12.05 -680.33 -309.39 -260.57 -0.99 -0.74 0.41 0.23 0.08 0.26 0.24
7.00 8.66 212.33 657.56 -306.90 -0.11 0.89 -0.07 0.07 0.54 0.14 0.63
14.00 34.55 -642.63 -95.09 213.23 -0.09 0.70 -0.10 0.42 0.66 0.90 0.92
7.00 10.75 -139.63 -356.72 -654.92 0.96 -0.41 -0.21 0.63 0.45 0.18 0.84
7.00 2.26 -618.37 94.40 -454.36 0.06 0.06 0.79 0.80 1.00 0.20 0.46
12.00 33.22 196.34 165.23 -138.01 0.61 0.04 -0.06 0.17 0.68 0.43 0.53
5.00 5.38 126.78 -446.29 238.04 -0.24 -0.19 0.40 0.29 0.95 0.77 0.34
14.00 52.40 -508.21 7.83 613.23 -0.66 0.18 -0.44 0.97 0.31 0.92 0.07
23.00 39.98 -345.97 37.23 -556.31 0.57 -1.00 -0.00 0.90 0.65 0.90 0.66
5.00 1.69 -119.75 500.38 -63.91 0.80 0.73 0.23 0.01 0.29 0.78 0.81
22.00 57.69 240.69 92.83 -688.56 0.28 -0.34 0.79 0.34 0.23 0.56 1.00
21.00 65.08 -38.99 339.24 -181.60 -0.95 0.05 -0.49 0.18 0.74 0.55 0.44
16.00 2.81 671.72 -255.99 343.61 0.45 0.25 -0.34 0.89 0.39 0.31 0.37
20.00 26.35 -40.05 -18.02 690.88 -0.55 0.41 0.04 0.88 0.31 0.97 0.85
5.00 2.11 -406.29 -330.34 -601.10 -0.85 0.41 0.51 0.07 0.57 0.65 0.24
17.00 1.30 176.94 -163.72 94.50 -0.69 0.51 -0.77 0.56 0.14 0.04 0.05
23.00 122.52 58.52 -388.31 -454.25 0.20 0.45 0.98 0.44 0.05 0.23 0.47
8.00 6.51 221.49 589.07 -131.89 0.74 0.51 0.35 0.22 0.89 0.19 0.29
6.00 4.95 -309.40 -192.12 433.19 0.78 -0.75 -0.71 0.51 0.58 0.51 0.44
13.00 31.82 -612.00 89.55 -108.35 -0.47 -0.87 0.04 0.60 0.80 0.96 0.38
10.00 5.24 153.98 -298.22 609.59 -0.49 0.57 0.33 0.70 0.39 0.60 0.78
18.00 0.84 79.78 -570.54 -368.12 -0.04 -0.75 0.10 0.02 0.55 0.28 0.31
6.00 7.35 -281.25 412.46 -528.53 0.70 0.00 0.54 0.20 0.45 0.66 0.88
21.00 47.13 -307.66 591.98 -424.84 0.84 -0.72 -0.26 0.95 0.43 0.10 0.05
9.00 10.82 -296.62 32.68 -345.51 0.11 0.12 -0.35 0.28 0.51 0.70 0.40
7.00 11.56 -85.61 -377.28 192.64 0.67 0.81 -0.96 0.59 0.94 0.16 0.17
26.00 48.00 66.23 422.56 433.52 -0.78 0.35 -0.34 0.09 0.27 0.30 0.70
7.00 8.84 -208.06 381.72 612.84 -0.42 0.38 0.82 0.33 0.95 0.71 0.76
9.00 1.48 352.51 633.94 193.03 -0.67 0.02 -0.77 0.94 0.28 0.26 0.92
10.00 18.26 192.66 -633.56 392.69 0.84 0.97 0.37 0.34 0.37 0.05 0.02
9.00 13.66 337.22 335.24 123.61 0.61 -0.74 0.81 0.31 0.43 0.36 0.20
5.00 5.22 205.11 -171.53 -595.98 -0.46 -0.09 -0.80 0.97 0.38 0.82 0.98
7.00 12.24 -446.19 70.41 620.04 -0.58 0.04 -0.13 0.10 0.96 0.19 0.21
17.00 36.21 -217.81 123.95 326.86 -0.69 0.66 0.12 0.43 0.40 0.18 0.87
14.00 22.42 -631.74 268.40 354.47 -0.15 -0.26 -0.03 0.45 0.14 0.36 0.45
23.00 49.95 -9.85 -557.66 -207.80 -0.34 0.95 0.52 0.47 0.10 0.93 0.56
5.00 1.15 529.14 -214.30 510.07 -0.69 -0.65 -0.24 0.43 0.06 0.85 0.27
16.00 52.90 391.04 -53.12 75.42 -0.09 0.47 0.57 0.77 0.52 0.28 0.51
12.00 36.07 -518.87 -503.89 -335.91 0.88 -0.10 -0.49 0.59 0.71 0.64 0.46
12.00 3.36 -174.08 754.27 31.82 0.36 0.25 0.35 0.50 0.89 0.86 0.86
7.00 3.84 -601.48 -314.57 284.40 -0.80 -0.94 -0.06 0.44 0.14 0.12 0.63
7.00 7.22 -594.42 328.83 -202.35 0.45 -0.70 -0.92 0.60 0.51 0.14 0.63
33.00 145.58 -52.40 606.93 -190.49 0.29 -0.65 -0.46 0.20 0.84 0.78 0.60
8.00 0.75 416.36 -421.46 -348.65 0.12 0.87 0.27 0.97 0.31 0.83 0.86
15.00 50.70 566.75 -342.15 -333.82 -0.93 0.58 0.67 0.48 0.16 0.45 0.82
9.00 17.04 -366.17 457.34 51.76 -0.51 -0.04 -0.32 0.31 0.14 0.33 0.15
16.00 27.43 -41.40 65.75 654.20 0.18 0.83 -0.32 0.67 0.97 0.71 0.24
6.00 0.94 776.15 189.74 25.69 -0.40 -0.18 0.88 0.15 0.03 0.82 0.29
5.00 2.81 -153.79 -95.37 316.17 -0.26 0.35 -0.78 0.10 0.17 0.50 0.71
6.00 5.70 -386.15 -444.01 267.41 0.87 -0.24 0.56 0.08 0.76 0.14 0.21
7.00 5.02 242.41 -612.86 -17.94 -0.40 0.86 0.85 0.26 0.48 0.22 0.82
27.00 84.99 325.43 695.70 -100.01 0.34 -0.27 -0.29 0.40 0.56 0.30 0.42
17.00 74.36 -370.78 -62.77 -158.82 -0.11 -0.11 -0.46 0.30 0.70 0.23 0.67
20.00 48.93 -334.11 -153.93 121.19 0.42 0.13 0.67 0.27 0.02 0.75 0.18
9.00 13.99 117.96 -734.71 66.90 -0.48 0.63 -0.16 0.61 0.69 0.76 0.14
30.00 148.26 -620.67 -299.58 205.43 -0.83 0.82 -0.27 0.08 0.19 0.14 0.17
13.00 21.83 -581.75 -133.35 216.58 0.02 0.66 -0.03 0.25 0.06 0.80 0.19
7.00 8.17 41.17 334.80 -454.26 0.40 -0.93 -0.86 0.49 0.32 0.17 0.93
34.00 87.92 -160.23 678.87 190.32 -0.47 -0.29 -0.43 0.89 0.49 0.05 0.65
29.00 76.07 -665.39 -3.87 292.28 0.58 0.62 0.52 0.42 0.47 0.87 0.18
37.00 203.75 647.74 162.30 -182.42 -0.34 0.56 0.78 0.14 0.96 0.38 0.61
11.00 29.06 -343.98 -308.33 -285.32 -0.06 0.91 -0.05 0.56 0.18 0.02 0.34
14.00 41.61 88.82 -132.98 -27.08 -0.61 -0.42 -0.77 0.72 0.38 0.47 0.89
12.00 4.03 -196.37 -174.93 574.88 -0.04 0.55 -0.34 0.54 0.48 0.05 0.22
34.00 219.75 -421.54 -280.23 -120.61 -0.19 0.80 0.58 0.27 0.88 0.49 0.23
14.00 27.77 -306.81 -303.10 -561.48 -0.62 0.87 -0.03 0.27 0.16 0.75 0.47
7.00 11.25 -119.16 -87.86 731.44 -0.19 0.39 0.63 0.60 0.53 1.00 0.72
9.00 4.95 -142.57 -581.67 51.89 0.67 -0.58 0.26 0.63 0.19 0.03 0.12
7.00 8.82 90.59 386.52 47.03 0.55 0.39 -0.13 0.74 0.30 0.55 0.59
25.00 16.37 -532.84 169.24 202.65 -0.38 -0.88 0.07 0.10 0.78 0.08 0.94
9.00 0.15 72.19 -629.00 373.32 -0.35 0.48 0.28 0.12 0.55 0.42 0.52
5.00 5.71 -97.63 86.73 586.96 0.77 -0.47 0.38 0.18 0.23 0.01 0.77
7.00 5.48 -213.95 -587.21 202.03 -0.60 -0.35 0.94 0.82 0.30 0.74 0.41
18.00 84.86 -163.05 -479.54 234.20 -0.16 0.92 0.46 0.84 0.35 0.00 0.61
13.00 29.34 273.01 -732.82 159.62 -0.15 -0.76 0.65 0.98 0.50 0.59 0.35
10.00 17.24 620.10 212.69 100.46 0.10 0.85 0.81 0.45 0.04 0.28 0.11
26.00 181.31 -3.41 331.75 45.23 -0.90 -0.91 0.05 0.80 0.87 0.59 0.07
8.00 1.65 -465.76 205.89 -313.56 0.17 -0.88 -0.41 0.37 0.16 0.77 0.80
6.00 5.26 644.72 444.23 -118.69 0.23 0.46 0.56 0.32 0.05 0.34 0.58
25.00 123.00 464.11 593.78 -23.45 -0.91 -0.21 0.19 0.44 0.31 0.51 0.77
9.00 11.84 464.48 -390.33 356.80 0.69 0.11 -0.43 0.27 0.25 0.11 0.78
8.00 13.20 -357.01 -255.11 210.47 -0.40 -0.93 0.31 0.26 0.26 0.21 0.71
32.00 113.24 665.24 -187.52 -137.73 0.53 -0.09 0.09 0.16 0.68 0.99 0.53
14.00 23.48 363.69 -571.51 222.15 0.39 0.52 0.30 0.06 0.63 0.01 0.82
6.00 6.00 221.35 -513.51 340.52 0.40 -0.70 -0.64 0.19 0.73 0.87 0.77
22.00 38.58 410.30 -434.97 186.83 -0.59 -0.17 0.91 0.78 0.61 0.94 0.48
12.00 9.47 470.78 -266.73 165.77 -0.32 -0.55 -0.35 0.48 0.72 0.98 0.03
28.00 172.78 -328.23 196.96 -179.56 0.02 0.89 -0.37 0.68 0.16 0.04 0.13
7.00 7.41 -601.48 168.76 -305.61 -0.27 -0.53 -0.70 0.61 0.25 0.40 0.54
6.00 8.35 574.46 -370.37 -301.18 0.88 0.86 0.98 0.81 0.01 0.02 0.10
19.00 32.94 -89.43 -331.50 -256.99 -0.44 -0.45 0.03 0.10 0.50 0.25 0.96
29.00 14.72 621.87 206.74 381.57 -0.65 -0.65 0.83 0.61 0.78 0.59 0.77
20.00 63.96 -301.70 -108.72 290.40 0.87 0.25 0.03 0.72 0.98 0.94 0.69
9.00 17.91 153.20 176.45 210.90 -0.75 0.69 -0.23 0.31 0.40 0.06 0.49
25.00 96.48 38.85 353.53 -233.32 -0.57 -0.26 -0.41 0.59 0.01 0.80 0.87
8.00 12.31 309.64 -11.31 -699.00 -0.49 -0.17 -0.76 0.07 0.94 0.97 0.49
6.00 6.02 187.43 -110.54 -453.03 -0.59 0.08 -0.34 0.75 0.80 0.25 0.25
15.00 36.75 704.28 -377.13 40.87 -0.19 -0.63 -0.13 0.95 0.81 0.57 0.61
12.00 1.77 -382.17 -463.89 -220.53 -0.31 -0.34 0.73 0.79 0.49 0.95 0.89
6.00 6.74 190.06 -116.45 -167.63 0.62 -0.25 -0.97 0.81 0.23 0.19 0.74
38.00 105.15 381.92 -430.23 255.51 -0.65 0.14 -0.39 0.50 0.82 0.49 0.18
13.00 43.65 -390.30 154.14 -457.57 0.37 0.59 0.92 0.54 0.26 0.31 0.85
8.00 12.44 -493.22 343.03 -149.57 -0.09 -0.88 -0.70 0.63 0.12 0.28 0.34
11.00 17.08 -494.54 -243.09 -309.39 -0.84 -0.66 -0.37 0.67 0.87 0.31 0.71
15.00 25.72 217.19 450.69 342.07 0.95 0.87 0.45 0.47 0.98 0.02 0.35
12.00 24.98 -301.99 -387.07 -375.99 -0.08 0.72 0.76 0.79 0.26 0.57 0.02
14.00 49.46 255.77 194.60 158.72 0.78 -0.80 0.54 0.63 0.91 0.33 0.84
5.00 0.71 -292.80 45.58 67.85 -0.49 0.33 0.85 0.69 0.05 0.68 0.93
30.00 183.19 374.52 -396.84 384.51 -0.45 0.37 0.78 1.00 0.71 0.14 0.24
20.00 82.68 274.37 -528.24 427.77 -0.73 -0.47 -0.06 0.85 0.44 0.95 0.21
15.00 52.95 -438.52 -53.08 209.53 0.65 -0.57 0.53 0.66 0.61 0.61 0.80
8.00 6.59 626.43 -32.87 169.56 0.82 0.73 0.68 0.85 0.70 0.56 0.56
20.00 23.56 -488.55 355.26 -439.38 0.22 -0.36 0.20 0.22 0.21 0.18 0.28
14.00 27.89 433.30 80.30 -555.51 0.87 -0.09 0.99 0.19 0.84 0.34 0.14
5.00 3.30 84.60 -180.10 -88.92 0.14 0.22 -0.91 0.44 0.69 0.69 0.44
35.00 125.33 607.93 -26.67 -82.30 0.29 0.90 -0.87 0.75 0.28 0.61 0.69
22.00 59.86 415.83 -20.85 -13.10 -0.24 0.76 -0.30 0.41 0.59 0.70 0.24
12.00 5.13 143.07 -485.73 -165.74 -0.21 0.08 0.15 0.46 0.91 0.77 0.59
13.00 40.48 -251.03 357.60 -52.21 -0.06 -0.49 -0.82 0.19 0.87 0.36 0.60
20.00 9.13 627.66 -369.51 -159.71 -0.32 0.85 -0.34 0.73 0.56 0.28 0.47
11.00 11.93 -441.39 -1.75 172.43 0.53 0.81 -0.36 0.21 0.37 0.51 0.62
10.00 19.83 -35.48 127.13 -759.76 0.87 0.19 0.05 0.53 0.31 0.99 0.03
20.00 48.16 544.29 425.85 139.29 -0.97 0.98 0.86 0.00 0.04 0.83 0.88
14.00 28.29 81.81 -443.01 208.59 -0.15 0.74 0.82 0.89 0.89 0.61 0.09
34.00 301.95 488.98 571.13 161.08 -0.88 0.92 0.17 0.93 0.47 0.75 0.89
8.00 10.51 689.99 -34.33 -233.53 -0.79 0.99 -0.89 0.19 0.83 0.27 0.41
24.00 5.33 276.47 -137.89 -303.49 -0.33 -0.59 0.28 0.62 0.40 0.15 0.57
9.00 4.01 255.43 407.97 -150.38 -0.41 0.79 0.58 0.00 0.56 0.83 0.93
11.00 6.12 -7.56 400.87 -126.95 0.72 -0.13 -0.03 0.55 0.41 0.53 0.70
26.00 27.67 -642.86 -178.47 -220.13 -0.83 0.50 0.57 0.21 0.99 0.66 0.95
9.00 9.66 -268.84 -283.38 -492.79 0.72 -0.17 -0.08 0.22 0.42 0.74 0.97
9.00 17.73 -531.57 -227.41 -11.69 0.76 0.70 0.58 0.28 0.25 0.89 0.41
15.00 47.99 43.10 -507.55 19.58 0.13 -0.98 -0.15 0.89 0.94 0.15 0.07
13.00 7.85 -209.46 -364.67 -275.80 0.44 0.64 0.01 0.83 0.21 0.10 0.53
5.00 3.09 -737.16 -121.73 -25.40 -0.69 0.85 -0.21 0.68 0.52 0.26 0.36
12.00 30.42 61.10 561.59 -431.30 -0.65 0.33 0.54 0.19 0.17 0.81 0.47
7.00 12.53 -80.49 -651.09 -8.14 0.91 0.21 0.82 0.95 0.62 0.44 0.89
12.00 27.58 187.23 -614.02 439.23 0.40 -0.50 -0.44 0.56 0.45 0.34 0.14
21.00 96.30 -10.78 -563.60 -474.59 -0.02 -0.54 -0.97 0.93 0.58 0.30 0.38
27.00 129.61 20.87 103.34 381.79 -0.69 -0.79 0.29 0.66 0.07 0.89 0.40
11.00 17.12 -713.70 -4.61 294.84 0.19 -0.15 0.83 0.43 0.18 0.56 0.29
10.00 26.21 504.13 252.59 -340.83 0.77 0.96 0.41 0.41 0.30 0.84 0.88
8.00 3.52 -221.65 5.25 -548.23 -0.64 0.94 -0.07 0.52 0.65 0.63 0.39
32.00 191.06 363.05 518.23 -120.46 -0.66 -0.40 0.70 0.24 0.70 0.35 0.15
22.00 126.94 223.19 -69.59 -287.40 0.40 -0.43 -0.27 0.27 0.33 0.45 0.14
6.00 5.50 237.49 670.89 129.05 -0.53 -0.07 -0.94 0.21 0.78 0.54 0.54
14.00 13.12 21.11 -391.94 -424.58 0.79 -0.72 0.12 0.24 0.95 0.83 0.01
14.00 50.24 -238.14 -338.94 -255.63 0.15 -0.53 0.26 0.62 0.66 0.51 0.66
5.00 2.34 293.20 472.04 63.86 -0.90 0.39 0.83 0.91 0.86 0.27 0.14
7.00 0.91 2.59 528.53 377.60 0.79 -0.62 0.92 0.92 0.31 0.39 0.65
9.00 18.59 -358.47 277.73 486.78 -0.45 -0.44 0.57 0.26 0.04 0.52 0.91
7.00 6.04 -622.86 231.15 307.41 0.90 -0.01 0.78 1.00 0.70 0.31 0.69
9.00 13.58 -685.71 120.86 67.85 -0.22 -0.67 -0.23 0.73 0.21 0.79 0.21
18.00 34.07 433.08 -178.83 521.11 0.44 1.00 -0.97 0.36 0.97 0.23 0.08
15.00 42.86 -202.79 -416.78 109.71 -0.99 -0.51 -0.60 0.62 0.70 0.89 0.22
5.00 1.29 -484.50 -429.40 -311.09 -0.18 1.00 -0.04 0.70 0.24 0.69 0.94
5.00 5.87 66.63 -488.14 -250.80 -0.51 0.95 -0.71 0.07 0.33 0.41 0.96
5.00 1.19 543.21 -37.41 436.00 0.09 0.41 -0.80 0.98 0.07 0.83 0.13
8.00 17.02 281.34 -430.00 439.50 -0.62 -0.66 -0.83 0.49 0.87 0.91 0.85
10.00 9.27 -588.43 21.23 -142.69 0.57 -0.26 0.94 0.41 0.69 0.47 0.37
11.00 30.64 556.77 562.81 12.02 0.10 -0.83 -0.05 0.28 0.23 0.50 0.42
6.00 3.87 526.59 371.20 -428.56 -0.49 0.91 0.63 0.47 0.77 0.02 0.49
8.00 10.20 142.17 -552.17 437.65 -0.18 -0.86 -0.04 0.54 0.40 0.07 0.75
22.00 52.58 18.43 -458.29 -346.11 0.15 0.91 0.14 0.06 0.37 0.95 0.97
34.00 27.89 14.50 133.24 622.60 -0.19 -0.31 -0.08 0.81 0.58 0.45 0.43
11.00 2.05 574.78 19.87 -262.61 -0.85 0.62 -0.67 0.77 0.76 0.05 0.23
6.00 5.84 23.97 -3.26 22.53 0.33 0.69 -0.17 0.16 0.43 0.97 0.73
34.00 179.26 -24.15 621.11 483.15 -0.39 -0.41 -0.18 0.90 0.70 0.87 0.99
19.00 83.97 759.80 -213.19 39.79 0.69 -0.63 -0.00 0.31 0.79 0.84 0.42
9.00 9.87 172.93 -606.93 337.11 -0.20 0.07 -0.44 0.01 0.77 0.74 0.36
12.00 18.04 687.28 314.90 152.46 0.03 0.78 -0.23 0.81 0.72 0.82 0.48
18.00 24.17 146.20 55.14 681.29 0.01 0.15 -0.07 0.39 0.93 0.03 0.24
13.00 35.10 178.32 154.10 640.77 0.07 0.20 -0.32 0.73 0.09 0.67 0.28
5.00 2.76 -617.00 260.75 -107.31 0.05 0.62 -0.15 0.70 0.14 0.28 0.03
21.00 21.20 -671.69 30.26 419.77 0.59 0.94 0.32 0.36 0.63 0.73 0.45
25.00 3.77 -558.54 -23.83 477.05 -0.08 -0.71 -0.96 0.89 0.10 1.00 0.95
11.00 8.76 75.31 -112.27 142.80 0.53 -0.99 -0.85 1.00 0.53 0.96 0.13
6.00 0.49 251.00 0.36 122.53 -0.91 0.21 -0.89 0.95 0.71 0.69 0.29
7.00 0.45 402.94 312.56 -108.46 0.59 0.23 -0.40 0.95 0.60 0.44 0.68
13.00 38.16 237.76 -187.57 -84.43 -0.20 0.40 -0.15 0.72 0.56 0.84 0.90
5.00 0.05 224.24 -491.50 -457.44 0.37 -0.54 -0.60 0.72 0.86 0.53 0.74
20.00 0.41 19.16 548.39 -78.91 -0.85 0.26 -0.07 0.72 0.00 0.47 0.68
14.00 30.17 241.27 -53.69 455.04 -0.84 -0.48 0.30 0.95 0.88 0.02 0.72
8.00 10.10 -321.04 -433.20 -475.49 -0.77 -0.50 -0.55 0.16 0.88 0.84 0.54
19.00 92.96 -460.48 -103.34 -169.03 -0.70 -0.15 0.24 0.02 0.45 0.13 0.73
24.00 85.03 65.42 165.70 -174.17 -0.10 -0.46 0.24 0.35 0.87 0.91 0.59
5.00 3.99 -235.04 535.30 352.61 -0.76 -0.27 -0.28 0.98 0.53 0.00 0.64
15.00 18.26 -72.24 426.73 -408.21 0.65 0.53 -0.41 0.38 0.25 0.32 0.34
29.00 42.50 404.39 -342.92 -79.11 0.51 0.01 -0.81 0.47 0.62 0.00 0.23
5.00 4.20 246.89 -737.85 158.76 -0.76 0.80 0.47 0.28 0.47 0.16 0.74
21.00 50.33 343.19 14.95 156.62 0.52 0.56 -0.51 0.88 0.36 0.19 0.90
22.00 21.01 331.91 176.29 -372.24 -0.76 -0.42 0.53 0.32 0.51 1.00 0.57
16.00 56.03 743.94 69.40 192.47 0.23 0.76 0.21 0.51 0.87 0.01 0.36
10.00 16.19 -141.19 -583.92 317.60 0.00 0.65 0.63 0.80 0.11 0.04 0.11
5.00 5.95 -654.03 -391.78 62.60 0.73 0.74 0.06 0.78 0.63 0.72 0.09
25.00 137.22 333.06 -534.43 55.87 -0.34 -0.31 -0.21 0.67 0.81 0.46 0.88
13.00 36.89 -21.93 -480.69 -160.75 0.22 0.42 0.35 0.82 0.73 0.10 0.31
15.00 39.87 -316.39 416.83 548.72 -0.59 0.51 0.75 0.19 0.69 0.56 0.79
14.00 23.56 420.26 43.43 35.89 0.63 -0.72 0.74 0.19 0.78 0.12 0.63
11.00 16.89 -118.28 -615.26 60.13 1.00 -1.00 -0.18 0.21 0.41 0.15 0.96
21.00 117.91 437.24 -647.25 51.84 0.52 0.40 0.71 0.43 0.37 0.68 0.61
7.00 3.16 665.77 219.74 244.29 0.05 0.04 -0.31 0.87 0.66 0.25 0.07
8.00 9.61 -115.47 71.57 44.98 0.22 0.19 0.21 0.51 0.30 0.97 0.64
5.00 3.68 480.72 -113.79 -341.73 -0.36 -0.61 0.99 0.82 0.63 0.54 0.77
20.00 46.95 412.41 -415.18 139.23 0.64 -0.13 -0.40 0.47 0.22 0.32 0.36
7.00 10.86 -317.82 -695.39 -182.31 -0.07 -0.32 0.78 0.66 0.68 0.49 0.94
17.00 29.55 151.09 509.40 199.90 -0.04 -0.09 -0.14 0.65 0.83 0.16 0.23
24.00 72.13 -407.17 593.17 -300.74 0.67 -0.04 -0.08 0.79 0.59 0.04 0.75
9.00 20.47 -190.58 106.24 125.73 -0.46 -0.16 0.70 0.56 0.11 0.66 0.06
26.00 81.90 -666.92 -406.49 -118.60 0.45 -0.23 0.50 0.49 0.43 0.25 0.36
17.00 0.04 -261.03 189.52 606.96 0.73 -0.91 0.02 0.79 0.74 0.29 0.47
20.00 45.32 242.45 -174.40 -555.45 -0.94 0.08 -0.68 0.64 0.58 0.88 0.62
14.00 5.46 -450.24 39.46 99.08 -0.41 -0.29 -0.96 0.60 0.32 0.10 0.64
12.00 10.13 -762.74 69.44 176.47 -0.49 -0.28 -0.15 0.94 0.43 0.86 0.05
29.00 87.78 -359.73 -353.64 199.95 0.61 0.20 -0.35 0.92 0.68 0.99 0.11
5.00 4.75 -424.21 -237.04 117.48 -0.60 -0.92 0.30 0.44 0.38 0.61 0.36
9.00 5.04 451.44 -195.86 -343.71 0.02 0.28 0.56 0.05 0.11 0.10 0.76
6.00 6.88 426.63 -179.37 268.19 -0.29 0.58 -0.41 0.46 0.31 0.91 0.74
11.00 11.47 -37.51 -372.40 246.30 -0.65 0.75 0.57 0.09 0.41 0.31 0.82
26.00 24.37 46.80 697.72 120.46 1.00 -0.51 -0.19 0.09 0.00 0.83 0.52
7.00 9.62 379.55 497.37 -490.92 -0.59 0.70 0.73 0.89 0.04 0.29 0.43
21.00 75.93 225.12 -512.34 176.12 -0.88 0.29 0.46 0.13 0.02 0.23 0.14
15.00 12.43 -89.79 -395.41 430.07 -0.33 0.35 0.79 0.10 0.47 0.08 0.78
10.00 4.44 368.77 21.45 221.70 -0.91 0.07 -0.58 0.65 0.55 0.50 0.70
30.00 216.48 -272.59 392.14 -248.10 0.72 0.96 -0.01 0.64 0.04 0.20 0.01
9.00 12.18 -56.83 512.66 390.84 0.61 -0.26 -0.38 0.27 0.28 0.03 0.01
14.00 14.61 -166.89 -681.87 -78.33 -0.10 -0.24 0.70 0.18 0.48 0.39 0.71
17.00 1.18 -654.32 -15.92 -176.13 -0.28 -0.43 -0.95 0.73 0.83 0.99 0.02
12.00 36.35 604.07 453.93 55.40 0.85 -0.48 0.86 0.13 0.36 0.02 0.45
18.00 86.80 102.00 -115.78 -711.89 -0.32 0.53 0.72 0.60 0.73 0.88 0.23
6.00 9.23 -573.38 -185.60 185.99 -0.76 -0.88 -0.08 0.91 0.98 0.72 0.57
10.00 3.88 -61.34 -424.98 -335.49 0.97 0.65 -0.29 0.45 0.72 0.79 0.06
12.00 34.82 258.46 137.89 133.86 0.16 0.88 -0.43 0.88 0.80 0.47 0.52
10.00 21.70 133.95 -722.96 -283.40 0.89 0.44 0.50 0.99 0.87 0.87 0.33
5.00 2.60 476.35 226.05 -421.06 0.63 -0.22 0.43 0.66 0.71 0.46 0.83
13.00 14.72 93.45 181.38 -277.41 -0.43 -0.13 0.78 0.68 0.75 0.85 0.36
13.00 32.00 -107.87 297.48 -108.69 -0.22 0.73 -0.49 0.11 0.93 0.54 0.45
22.00 121.22 428.63 570.51 -105.72 -0.02 0.06 -0.93 0.59 0.78 0.16 0.94
19.00 7.64 92.97 467.36 107.64 -0.74 0.05 -0.52 0.08 0.87 0.04 0.06
6.00 8.55 251.94 344.86 -57.33 0.66 -0.32 0.37 0.56 0.90 0.46 0.77
24.00 80.49 95.14 594.53 -490.64 -0.25 0.43 -0.19 0.16 0.81 0.88 0.72
12.00 36.64 -210.56 569.98 -509.10 0.88 0.76 0.74 0.84 0.75 0.89 0.80
8.00 10.49 351.34 160.01 169.80 -0.02 0.41 -0.77 0.33 0.74 0.72 0.40
6.00 2.44 -514.13 -399.67 -370.79 0.75 0.94 -0.47 0.63 0.20 0.46 0.60
13.00 34.13 460.95 553.21 -149.85 -0.53 0.84 -0.78 0.53 0.03 0.71 0.49
19.00 74.14 676.18 -215.01 327.81 0.76 -0.22 0.87 0.13 0.66 0.59 0.71
9.00 20.48 -543.87 580.43 42.98 0.42 -0.73 0.69 0.78 0.02 0.13 0.31
16.00 0.18 -399.50 9.25 -81.10 -0.31 0.61 0.22 0.20 0.92 0.02 0.59
15.00 55.66 -100.24 388.24 74.66 -0.10 0.61 0.31 0.24 0.49 0.45 0.11
8.00 11.06 -262.71 207.88 -598.55 0.56 0.99 0.82 0.99 0.70 0.70 0.10
6.00 0.96 -576.54 243.40 450.59 0.51 0.97 0.22 0.46 0.05 0.49 0.08
10.00 25.29 729.74 -227.26 -177.85 0.88 0.72 0.96 0.89 0.68 0.45 0.23
13.00 43.31 196.38 -253.03 231.56 0.69 0.31 -0.31 0.11 0.01 0.22 0.38
11.00 2.29 369.89 332.58 -525.68 0.27 -0.55 0.45 0.00 0.36 0.42 0.71
18.00 19.69 -109.63 -182.64 -721.33 0.37 0.18 -0.95 0.27 0.59 0.98 0.81
16.00 65.75 246.19 400.54 194.24 0.99 0.68 -0.25 0.32 0.28 0.08 0.96
6.00 5.79 401.19 -84.46 339.96 0.63 -0.76 0.22 0.39 0.63 0.27 0.94
24.00 109.02 -518.93 -107.44 371.36 -0.97 -0.57 -0.03 0.45 0.75 0.12 0.36
11.00 19.66 227.85 -730.75 216.81 0.28 -0.08 0.21 0.62 0.90 0.31 0.65
8.00 14.33 604.64 321.45 375.46 -0.78 0.16 0.24 0.27 0.27 0.42 0.19
14.00 5.06 37.55 635.52 -484.28 0.44 0.71 0.65 0.27 0.22 0.89 0.48
12.00 19.69 541.32 16.12 -217.87 0.41 0.82 -0.36 0.89 0.45 0.41 0.98
12.00 37.54 -684.63 42.31 113.22 -0.11 0.37 -0.60 0.32 0.64 1.00 0.28
24.00 57.89 9.48 -386.91 156.55 -0.83 -0.56 -0.82 0.55 0.29 0.24 0.86
12.00 17.96 -315.05 -432.95 145.38 0.54 -0.54 0.01 0.14 0.04 0.51 0.15
6.00 1.28 86.56 361.10 -319.93 0.93 0.71 -0.63 0.71 0.52 0.45 0.16
12.00 22.85 86.70 419.36 391.57 0.37 0.54 -0.27 0.96 0.22 0.09 0.70
8.00 9.67 684.19 251.27 229.33 -0.06 -0.23 0.77 0.40 0.63 0.61 0.32
8.00 3.03 -320.79 -478.02 513.95 -0.06 -0.71 -0.36 0.03 0.17 0.10 0.10
5.00 2.05 120.07 -109.16 22.14 -0.17 -0.48 0.98 0.18 0.87 0.59 0.07
15.00 15.42 -360.66 -565.40 -194.75 -0.32 0.35 -0.31 0.35 0.38 0.69 0.51
18.00 11.80 -386.17 -366.17 272.60 -0.45 -0.32 0.48 0.46 0.31 0.65 0.43
7.00 6.83 -182.74 296.47 309.79 0.59 0.60 0.46 0.51 0.81 0.65 0.97
6.00 1.71 -218.50 136.70 233.71 0.99 -0.41 -0.77 0.54 0.89 0.58 0.86
12.00 34.12 517.86 123.94 454.93 0.98 0.11 0.70 0.41 0.76 0.79 0.68
8.00 7.28 563.01 -375.41 -222.00 -0.10 -0.21 -0.94 0.00 0.90 0.32 0.34
7.00 5.09 298.21 -21.10 728.00 -0.85 -0.14 0.96 0.41 0.09 0.29 0.67
5.00 1.17 -92.75 -313.96 -620.68 -0.93 0.79 0.13 0.37 0.43 0.12 0.75
16.00 26.31 -656.87 -218.08 -333.32 0.31 -0.47 0.85 0.90 0.63 0.52 0.14
30.00 3.53 14.26 -570.59 -391.46 -0.72 -0.39 0.20 0.48 0.07 0.13 0.37
15.00 2.76 422.39 568.96 -245.75 -0.07 0.28 0.76 0.41 0.74 0.48 0.37
8.00 9.32 -482.23 267.40 -5.66 -0.95 -0.15 -0.17 0.92 0.37 0.23 0.33
10.00 1.93 -638.56 -278.98 388.91 0.91 0.31 -0.97 0.96 0.64 1.00 0.38
12.00 24.95 -532.58 -23.39 318.95 0.94 -0.76 -0.42 0.89 0.34 0.03 0.66
29.00 82.71 287.76 -471.50 26.00 -0.35 -0.83 -0.39 0.90 0.14 0.80 0.00
36.00 150.00 63.78 -699.57 163.15 -0.20 -0.01 -0.72 0.18 0.56 0.43 0.01
10.00 16.84 -136.27 -655.47 392.83 -0.25 -0.51 -0.71 0.97 0.94 1.00 0.51
9.00 9.94 -303.19 -47.51 -40.68 0.94 0.02 -0.30 0.02 0.11 0.69 0.82
7.00 6.31 -290.94 -653.36 -171.80 0.17 -0.75 0.63 0.79 0.70 0.49 0.75
25.00 105.80 90.38 750.16 234.72 0.39 0.63 0.25 0.25 0.40 0.58 0.69
7.00 13.11 160.87 227.35 -293.97 -0.23 0.42 0.71 0.04 0.65 0.98 0.73
12.00 11.53 -522.98 -362.20 -112.18 -0.23 -0.89 -0.76 0.30 0.86 0.34 0.91
11.00 12.73 -571.59 104.48 -147.63 -0.70 -0.50 0.26 0.47 0.91 0.99 0.64
9.00 5.45 704.22 -303.00 17.01 -0.05 -0.29 -0.68 0.15 0.27 0.43 0.89
9.00 17.84 131.50 -226.00 294.26 0.67 0.74 -0.55 0.31 0.56 0.17 0.74
6.00 3.05 -117.81 -128.88 -742.53 -0.23 -0.35 0.91 0.09 0.82 0.51 0.52
7.00 5.49 -321.57 20.69 -439.47 -0.87 0.91 -0.27 0.04 0.84 0.03 0.20
8.00 15.23 13.04 -15.96 -112.83 0.76 -0.54 -0.53 0.73 0.18 0.59 0.97
6.00 0.00 -284.65 145.82 718.75 0.46 -0.10 0.91 0.70 0.85 0.42 0.36
27.00 22.39 -50.29 13.26 -214.06 -0.01 -0.21 0.18 0.40 0.70 0.41 0.03
10.00 4.64 -448.13 -543.96 -232.99 0.04 0.68 -0.08 0.97 0.38 0.02 0.76
28.00 148.33 -246.21 -167.98 703.96 0.98 -0.59 -0.59 0.23 0.76 0.83 0.17
6.00 8.15 -18.23 122.96 -617.41 -0.93 -0.96 -0.31 0.28 0.93 0.54 0.37
12.00 11.56 -49.55 281.52 389.86 -0.58 0.91 0.44 0.03 0.18 0.77 0.92
5.00 3.97 -531.00 48.61 -335.47 0.47 0.32 0.40 0.32 0.12 0.24 0.64
11.00 11.30 -199.70 298.96 -102.48 0.05 0.74 0.87 0.20 0.89 0.87 0.90
15.00 44.65 148.85 304.50 170.46 0.58 0.33 -0.33 0.70 0.29 0.82 0.37
14.00 38.63 373.84 115.13 670.77 0.30 0.16 0.61 0.20 0.41 0.11 0.33
5.00 3.16 -57.47 -283.11 723.39 0.98 -0.65 0.79 0.53 0.70 0.92 0.02
14.00 43.15 67.37 -160.58 -453.35 -0.58 0.57 -0.92 0.22 0.49 0.26 0.79
13.00 35.80 146.66 -209.10 81.36 0.55 0.57 0.66 0.93 0.70 0.86 0.74
24.00 100.10 -534.09 366.19 3.21 0.25 0.05 -0.95 0.63 0.26 0.50 0.31
9.00 14.00 153.77 188.98 -273.72 -0.84 -0.26 -0.57 0.98 0.60 0.39 0.79
7.00 0.45 224.92 -295.76 -249.88 0.57 -0.37 0.39 0.17 0.65 0.16 0.46
12.00 10.63 493.93 -224.95 -261.66 0.37 -0.53 0.59 0.67 0.93 0.03 0.01
10.00 26.12 -98.99 -296.81 -544.48 0.98 0.55 0.44 0.81 0.99 0.67 0.36
14.00 10.86 199.91 -24.26 182.52 -0.36 -0.08 -0.73 0.69 0.43 0.84 0.04
6.00 8.83 230.17 -6.73 -84.93 -0.95 -0.85 -0.75 0.91 0.16 0.26 0.81
10.00 21.39 -195.19 -349.90 591.86 0.95 -0.74 -0.39 0.07 0.36 0.71 0.36
11.00 1.92 -195.82 298.99 -197.37 -0.82 0.38 0.83 0.70 0.74 0.49 0.58
8.00 4.71 -89.58 109.23 210.65 -0.02 0.97 -0.53 0.97 0.99 0.04 0.40
8.00 7.55 -730.49 -43.21 234.81 -0.54 -0.03 0.10 0.76 0.64 0.46 0.85
18.00 1.46 -172.23 550.46 369.86 -0.41 1.00 -0.13 0.24 0.22 0.49 0.25
14.00 45.79 575.44 141.88 482.96 0.53 -0.51 -0.08 0.83 0.20 0.92 0.92
15.00 10.19 -355.59 -487.35 76.17 0.90 0.67 0.13 0.44 0.17 0.19 0.51
14.00 43.39 328.84 -249.01 -587.56 0.29 -0.06 0.01 0.01 0.80 0.10 0.71
7.00 8.64 180.11 31.49 633.16 0.11 0.85 0.04 0.75 0.59 0.67 0.10
20.00 92.18 -235.42 577.77 -444.76 -0.59 -0.00 0.19 0.72 0.31 0.50 0.62
16.00 34.55 544.60 66.74 -263.50 0.66 -0.12 -0.19 0.89 0.43 0.86 0.22
9.00 20.14 -61.89 70.84 576.24 0.80 -0.13 0.45 0.20 0.13 0.97 0.61
13.00 25.38 -578.01 222.74 266.96 0.87 -0.78 -0.86 0.80 0.81 0.41 0.27
6.00 7.60 -272.53 175.49 176.62 0.08 0.66 -0.37 0.80 0.96 0.29 0.12
7.00 8.79 262.88 -353.93 175.16 0.62 0.02 -0.35 0.11 0.76 0.91 0.53
30.00 91.84 -156.28 -56.14 625.29 0.21 0.85 0.74 0.52 0.28 0.21 0.02
16.00 27.73 -148.13 612.77 15.33 -0.66 -0.44 -0.78 0.49 0.29 0.79 0.84
27.00 2.64 -26.24 274.94 -685.57 0.30 0.38 0.97 0.81 0.26 0.25 0.12
5.00 4.06 373.90 -201.31 -466.94 0.78 -0.73 -0.29 0.72 0.32 0.89 0.61
8.00 7.98 667.47 207.73 367.46 0.61 -0.45 -0.68 0.73 0.59 0.63 0.97
7.00 1.49 -30.89 284.68 410.16 0.55 -0.33 -0.26 0.30 0.79 0.48 0.27
29.00 101.34 496.97 -218.16 -388.22 0.44 0.22 -0.47 0.15 0.67 0.62 0.11
11.00 29.15 -236.96 158.35 -246.07 -0.56 0.41 0.48 0.14 0.60 0.68 0.06
7.00 9.39 402.91 454.74 7.12 -0.60 0.80 -0.88 0.67 0.57 0.27 0.75
17.00 51.33 -8.41 441.27 -487.25 -0.19 -0.40 -0.14 0.64 0.98 0.92 0.22
8.00 4.35 150.56 20.08 58.92 -0.45 0.92 0.46 0.32 0.70 0.88 0.12
13.00 41.14 163.86 534.76 -238.76 0.84 0.20 0.97 0.54 0.33 0.08 0.29
20.00 83.23 139.02 96.47 342.98 -0.72 -0.12 0.91 0.81 0.15 0.40 0.29
8.00 14.85 238.38 173.48 303.98 -0.71 -0.30 0.55 0.36 0.64 0.02 0.35
11.00 30.94 188.71 -0.13 644.07 0.19 0.07 -0.86 0.16 0.65 0.70 0.63
17.00 67.16 180.27 -639.46 -55.20 -0.77 -0.03 -0.97 0.15 0.39 0.35 0.27
9.00 7.52 -710.22 17.23 13.16 0.79 -0.39 0.96 0.78 0.42 0.21 0.65
11.00 24.61 -410.45 -22.53 -595.50 -0.23 0.98 0.46 0.61 0.42 0.29 0.04
20.00 62.28 448.63 -520.61 2.07 -0.08 0.89 0.18 0.33 0.45 0.11 0.01
21.00 87.34 312.52 507.41 -42.82 0.10 0.71 -0.04 0.22 0.05 0.53 0.72
6.00 5.93 65.51 733.78 142.40 0.77 -0.65 0.97 0.85 0.69 0.77 0.91
9.00 5.79 639.40 -195.06 -81.95 0.14 0.32 -0.45 0.57 0.71 0.59 0.92
27.00 96.62 39.32 -170.82 -650.93 -0.16 0.89 -0.25 0.26 0.09 0.63 0.67
19.00 52.56 -273.70 -605.13 -312.45 0.43 -0.24 -0.00 0.91 0.15 0.85 0.75
18.00 5.09 -25.23 -674.31 1.19 0.71 0.64 -0.73 0.50 0.11 0.51 0.82
5.00 6.40 -634.54 -229.04 81.17 -0.18 0.67 -0.86 0.92 0.61 0.84 0.99
8.00 9.95 -450.17 -595.44 37.87 0.86 -0.97 0.43 0.28 0.61 0.12 0.08
19.00 59.98 390.23 56.72 -556.58 0.52 -0.10 -0.07 0.87 0.88 0.51 0.09
7.00 4.48 194.67 353.62 418.95 0.17 0.12 0.03 0.20 0.17 0.41 0.88
12.00 15.09 -211.62 208.37 -552.86 -0.33 -0.01 0.69 0.43 0.34 0.08 0.18
5.00 2.83 265.29 549.58 87.91 -0.94 -0.23 0.90 0.66 0.87 0.75 0.55
15.00 29.99 -32.80 -773.38 18.45 0.56 0.62 0.81 0.74 0.52 0.72 0.99
10.00 2.39 -152.42 -90.30 527.53 0.62 -0.98 0.40 0.70 0.74 0.84 0.17
10.00 1.32 -390.92 310.16 -65.89 -0.17 0.69 -0.05 0.04 0.40 0.74 0.27
19.00 8.30 431.30 68.33 366.85 0.33 -0.11 0.62 0.51 0.09 0.44 0.23
8.00 8.89 -141.13 489.50 -518.94 0.17 -0.73 -0.37 0.35 0.81 0.85 0.65
10.00 24.91 128.24 -269.63 340.44 -0.46 -0.51 -0.20 0.76 0.16 0.71 0.18
39.00 325.64 602.08 -64.29 518.54 0.48 0.75 -0.51 0.30 0.57 0.15 0.03
11.00 7.26 9.94 335.22 282.63 0.89 0.02 0.14 0.24 0.11 0.02 0.40
24.00 119.66 280.22 6.22 -241.20 0.10 -0.99 0.17 0.99 0.34 0.77 0.63
5.00 1.69 382.96 429.76 551.38 0.68 -0.95 -0.23 0.86 0.72 0.67 0.23
12.00 7.61 253.00 -229.79 -444.40 0.96 0.69 -0.91 0.53 0.82 0.05 0.92
10.00 6.26 546.49 -352.92 -271.10 -0.21 -0.87 -0.50 0.98 0.58 0.25 0.80
11.00 18.11 499.20 -62.63 -284.55 0.33 -0.33 -0.30 0.73 0.78 0.88 0.56
20.00 27.97 677.23 133.01 -342.29 0.59 0.60 0.27 0.88 0.64 0.70 0.93
7.00 12.99 -464.39 -215.84 436.44 -0.30 -0.26 0.27 0.45 0.59 0.31 0.96
10.00 1.19 440.50 -352.65 544.06 0.80 -0.94 0.23 0.79 0.49 0.19 0.13
25.00 96.64 -290.12 -624.40 374.23 0.27 -0.28 -0.16 0.53 0.12 0.21 0.93
10.00 10.35 541.03 53.92 122.81 0.63 0.84 -0.57 0.02 0.03 0.53 0.04
8.00 8.05 570.12 -203.34 -280.63 0.04 0.12 0.56 0.37 0.77 0.39 0.28
15.00 11.59 -449.12 330.07 196.50 0.60 0.41 0.48 0.89 0.20 0.63 0.69
21.00 32.09 -578.41 33.53 -53.24 0.69 0.69 -0.76 0.32 0.46 0.44 0.77
16.00 57.05 400.42 236.60 455.15 -0.45 0.17 0.09 0.38 0.78 0.86 0.56
18.00 62.41 454.36 -215.14 -177.42 -0.87 0.10 0.30 0.64 0.18 0.70 0.39
19.00 52.81 26.91 82.32 -595.01 0.03 -0.14 -0.90 0.45 0.54 0.95 0.40
26.00 181.31 56.68 -176.87 688.84 -0.34 -0.66 -0.38 0.68 0.02 0.54 0.21
10.00 12.69 -459.59 -84.79 -93.18 -0.50 0.33 -0.82 0.18 0.95 0.19 0.70
10.00 14.05 219.68 -252.70 -294.08 -0.23 0.21 -0.98 0.26 0.30 0.64 0.90
15.00 48.71 157.56 -68.51 394.88 0.83 -0.42 0.10 0.03 0.15 0.92 0.72
17.00 62.58 -372.35 204.70 416.63 -0.17 -0.78 0.77 0.07 0.79 0.73 0.25
10.00 4.44 4.79 -143.99 2.98 0.68 -0.69 0.60 0.79 0.51 0.03 0.75
9.00 3.87 -128.67 303.93 -582.78 0.96 0.48 0.24 0.46 0.53 0.34 0.60
12.00 26.15 456.36 178.27 -617.28 -0.91 -0.39 0.58 0.61 0.72 0.01 0.52
17.00 46.21 -199.14 318.94 -133.34 -0.57 -0.41 -0.44 0.27 0.08 0.57 0.70
8.00 12.37 -291.33 704.60 200.18 -0.19 0.44 0.20 0.80 0.74 0.35 0.31
15.00 31.52 -33.95 -369.56 -125.31 -0.49 -0.34 -0.30 0.54 0.00 0.58 0.09
18.00 33.86 -374.14 317.95 -16.52 -0.58 0.95 -0.76 0.06 0.66 0.16 0.73
28.00 62.60 -157.10 583.01 163.39 0.81 0.12 -0.64 0.76 0.33 0.47 0.61
26.00 41.93 -434.89 370.61 251.98 0.00 -0.96 0.53 0.65 0.82 0.93 0.56
13.00 42.59 -70.38 59.10 520.24 0.31 -0.46 0.33 0.44 0.43 0.05 0.86
6.00 0.36 278.80 -556.71 438.82 -0.88 0.39 -0.53 0.80 0.47 0.35 0.66
36.00 69.30 -262.11 -197.61 311.30 -0.18 0.29 0.45 0.24 0.49 0.30 0.81
37.00 179.72 -409.20 415.51 -66.00 0.06 0.16 0.64 0.96 0.25 0.76 0.66
35.00 33.41 456.31 432.05 -316.67 -0.33 -0.62 -0.70 0.66 0.56 0.77 0.15
11.00 9.06 -735.01 -64.90 135.34 -0.83 -0.94 0.40 0.65 0.91 0.66 0.40
20.00 64.95 118.35 420.95 -490.30 -0.20 -0.08 0.52 0.48 0.58 0.98 0.53
7.00 5.35 -298.18 -589.32 -208.17 0.99 -0.28 0.36 0.38 0.03 0.54 0.68
6.00 3.78 -116.56 -36.14 -612.32 0.01 0.10 -0.22 0.10 0.75 0.29 0.48
26.00 7.30 130.74 -235.36 -384.58 0.67 0.32 -0.42 0.14 0.23 0.58 0.59
19.00 21.19 -568.30 277.61 -65.44 0.52 0.45 -0.41 0.51 0.18 0.78 0.34
7.00 0.08 -63.49 -425.96 -157.22 -0.42 0.09 0.76 0.22 0.88 0.18 0.97
9.00 19.59 370.00 -423.64 151.90 -0.47 0.91 -0.90 0.01 0.21 0.30 0.40
11.00 21.81 22.58 187.94 -750.16 -0.56 0.27 -0.27 0.61 0.29 0.33 0.51
11.00 20.30 -93.38 562.67 -115.27 -0.27 0.31 -0.70 0.04 0.49 0.36 0.56
22.00 12.93 -149.85 -524.15 301.82 0.32 -0.14 0.67 0.53 0.91 0.21 0.67
12.00 33.81 -481.72 -151.76 -53.20 0.06 0.36 0.43 0.68 0.88 0.31 0.65
14.00 44.15 400.53 -316.03 -178.09 -0.44 0.77 -0.48 0.33 0.34 0.43 0.95
18.00 20.07 -432.87 -195.71 413.27 -0.21 0.17 0.66 0.16 0.08 0.82 0.51
17.00 2.59 243.90 -203.97 183.61 -0.53 -0.50 0.27 0.14 0.99 0.45 0.09
10.00 6.19 495.33 328.05 -131.93 0.82 -0.72 0.32 0.05 0.14 0.11 0.68
7.00 4.71 102.96 673.46 17.49 0.23 0.41 -0.81 0.98 0.38 0.65 0.60
9.00 13.15 344.01 -427.06 -56.67 -0.95 -0.54 -0.16 0.24 0.03 0.37 0.61
17.00 68.37 27.64 430.70 -474.96 0.25 -0.02 -0.16 0.99 0.53 0.20 0.30
17.00 58.45 501.30 -373.81 5.25 -0.77 0.92 0.41 0.37 0.61 0.54 0.20
14.00 31.47 -514.83 426.77 357.30 0.75 -0.63 -0.77 0.08 0.96 0.34 0.72
32.00 205.54 -114.28 6.35 778.22 -0.31 0.53 -0.24 0.24 0.98 0.84 0.57
7.00 5.49 -460.10 306.14 418.33 0.53 0.46 -0.66 0.48 0.81 0.10 0.96
16.00 39.06 -104.13 -463.75 7.24 0.32 -0.34 0.19 0.90 0.79 0.43 0.73
6.00 9.23 211.13 84.60 160.64 0.54 0.97 -0.27 0.96 0.14 0.03 0.20
12.00 37.24 -609.70 339.93 184.27 0.72 -0.21 -0.99 0.91 0.13 0.42 0.53
31.00 11.25 -187.21 505.88 223.36 0.50 0.03 -0.05 0.92 0.37 0.88 0.62
21.00 55.15 -621.36 460.03 183.61 -0.75 0.40 0.85 0.89 0.79 0.04 0.04
21.00 22.98 -230.33 -127.94 -229.89 -0.74 -0.57 0.67 0.06 0.06 0.32 0.55
9.00 10.24 330.40 473.38 147.50 -0.94 -0.76 0.31 0.42 0.31 0.74 0.36
5.00 5.68 144.80 -734.83 -222.35 0.82 -0.30 0.07 0.31 0.70 0.77 0.34
9.00 7.41 -207.24 -312.71 69.42 0.39 -0.95 0.85 0.84 0.63 0.91 0.61
5.00 0.37 229.10 516.17 445.54 -0.56 0.74 -0.17 0.23 0.95 0.49 0.06
18.00 86.89 324.95 -399.06 -31.83 0.50 -0.11 -0.23 0.33 0.33 0.76 0.84
7.00 9.93 481.22 -575.49 201.52 0.92 0.60 0.31 0.49 0.16 0.54 0.80
9.00 0.09 579.67 -406.73 -4.29 0.35 0.42 0.61 0.46 0.48 0.88 0.49
6.00 2.44 -341.31 -370.67 -245.84 0.63 0.78 -0.59 0.65 0.39 0.15 0.66
7.00 5.30 -185.72 -322.08 -688.63 0.75 -0.61 0.19 0.81 0.29 0.88 0.54
30.00 40.27 -476.24 -176.00 -405.57 0.01 0.99 -0.45 0.62 0.91 0.01 0.87
15.00 34.80 -129.65 -287.48 -288.48 0.15 -0.47 0.98 0.92 0.50 0.64 0.88
11.00 2.86 466.33 285.39 -223.59 -0.89 -0.46 0.39 0.85 0.80 0.32 0.54
12.00 12.99 -442.96 -650.96 123.82 -0.32 0.69 -0.69 0.00 0.94 0.30 0.91
39.00 319.48 189.80 -254.85 23.97 -0.96 -0.16 0.73 0.36 0.32 0.46 0.52
7.00 0.86 -145.71 -382.22 -675.48 -0.94 -0.04 -0.74 0.20 0.06 0.55 0.67
13.00 35.55 -368.91 -134.32 350.28 -0.89 -0.78 0.94 0.81 0.71 0.67 0.50
20.00 107.39 -606.73 -150.54 191.32 -0.88 -0.42 -0.45 0.69 0.12 0.98 0.16
39.00 176.54 108.72 -145.21 -773.11 -0.24 -0.04 0.40 0.81 0.52 0.68 0.09
5.00 4.16 -265.45 -346.39 -168.06 0.20 0.14 0.80 0.54 0.37 0.30 0.49
11.00 16.46 -205.45 -225.16 566.50 0.09 -0.16 -0.03 0.89 0.35 0.91 0.40
19.00 45.71 -463.44 136.69 -84.01 -0.35 0.07 0.75 0.88 0.49 0.78 0.41
10.00 10.20 -333.85 562.29 3.89 -0.55 -0.82 -0.73 0.57 0.95 0.70 0.57
9.00 19.02 375.97 -550.26 -49.55 -0.79 0.33 0.90 0.87 0.70 0.50 0.48
12.00 13.08 24.06 239.39 186.74 0.33 0.08 -0.39 0.34 0.20 0.73 0.74
6.00 8.81 -248.99 336.24 478.56 -0.00 -0.56 0.39 0.87 0.73 0.69 0.45
5.00 3.14 -62.05 -426.01 -222.91 -0.49 0.63 0.40 0.19 0.63 0.55 0.30
9.00 2.50 -572.92 -170.30 -154.86 0.44 -0.73 -0.91 0.03 0.23 0.17 0.38
5.00 5.88 557.48 7.92 -257.92 -0.49 -0.39 -0.04 0.05 0.07 0.86 0.60
10.00 25.22 -462.24 113.20 344.71 -0.69 -0.47 -0.57 0.28 0.59 0.17 0.79
19.00 4.50 467.65 123.94 238.68 0.32 -0.46 -0.25 0.74 0.96 0.06 0.74
5.00 6.42 -254.29 341.75 342.49 -0.28 -0.71 0.16 0.88 0.51 0.81 0.24
16.00 46.01 534.94 -409.48 317.09 -0.88 -0.81 -0.61 0.09 0.10 0.77 0.79
15.00 55.02 118.55 212.51 -41.54 0.50 -0.24 0.64 0.86 0.82 0.91 0.90
5.00 1.35 -89.57 -785.60 24.27 -0.58 -1.00 -0.20 0.20 0.47 0.72 0.64
16.00 15.71 756.28 -84.89 7.68 -0.48 -0.75 0.40 0.52 0.13 0.20 0.31
12.00 26.87 -163.57 -121.71 -386.82 -0.60 0.89 -0.68 0.80 0.96 0.59 0.87
26.00 132.85 -405.03 -3.04 116.31 0.20 -0.92 0.69 0.87 0.34 0.89 0.93
13.00 24.03 -259.74 -511.08 -272.33 0.31 -0.96 0.80 0.49 0.71 0.31 0.44
13.00 16.26 -466.09 -386.22 137.99 0.91 -0.98 0.82 0.15 0.02 0.87 0.38
16.00 52.54 391.67 -260.26 -271.11 -0.78 1.00 0.85 0.58 0.03 0.08 0.80
16.00 49.47 274.19 -14.97 -382.77 -0.51 0.24 -0.07 0.72 0.81 0.34 0.04
6.00 3.89 244.57 -220.47 -593.89 -0.33 0.91 0.16 0.93 0.66 0.77 0.36
19.00 74.55 177.37 -29.60 -126.42 0.70 0.41 -0.27 0.54 0.28 0.29 0.25
27.00 107.76 -214.33 427.33 588.35 -0.32 -0.40 -0.93 0.36 0.16 0.42 0.45
8.00 16.63 -233.68 -532.73 377.93 0.36 0.88 0.45 0.46 0.01 0.14 0.79
21.00 103.33 -522.39 174.20 308.53 -0.13 -0.65 0.64 0.41 0.83 0.61 0.74
9.00 13.94 55.08 792.80 83.36 -0.55 -0.83 -0.07 0.46 0.81 0.15 0.96
18.00 68.81 12.63 -18.95 444.56 0.87 0.31 0.88 0.39 0.91 0.68 0.32
17.00 15.93 -128.73 -295.15 -205.49 0.98 0.33 -0.86 0.20 0.50 0.57 0.89
6.00 1.01 468.23 -315.57 -412.85 -0.48 0.58 0.56 0.42 0.46 0.59 0.53
15.00 49.26 22.60 697.81 -9.28 0.01 -0.21 -0.61 0.05 0.84 0.20 0.84
21.00 86.18 -201.45 237.10 -522.18 0.71 0.53 0.35 0.79 0.84 0.74 0.96
8.00 7.44 134.93 -10.03 389.64 -0.38 0.00 0.12 0.29 0.95 0.96 0.58
15.00 23.59 37.31 255.90 508.30 0.36 0.58 0.88 0.81 0.34 0.03 0.15
19.00 31.07 108.72 -519.37 -50.31 -0.33 -0.79 -0.93 0.99 0.50 0.99 0.91
10.00 8.98 -239.18 396.93 74.90 0.25 0.21 -0.82 0.75 0.62 0.63 0.91
6.00 0.27 -483.30 53.87 -557.36 -0.86 0.26 0.28 0.85 0.01 0.55 0.38
5.00 2.89 -592.23 -127.31 -258.08 -0.23 -0.77 0.55 0.51 0.95 0.34 0.87
9.00 20.22 -416.67 -185.95 230.04 -0.02 -0.55 -0.59 0.54 0.52 0.14 0.86
22.00 58.99 403.70 -382.37 330.39 0.02 -0.28 -0.84 0.43 0.68 0.36 0.96
5.00 4.77 262.07 -549.93 120.72 -0.88 0.23 0.87 0.12 0.12 0.47 0.90
6.00 2.93 -503.80 -318.69 -474.32 0.22 0.83 -0.10 0.11 0.02 0.45 0.56
11.00 0.76 79.36 330.50 -573.53 0.78 -0.35 -0.83 0.18 0.89 0.40 0.95
8.00 11.70 283.72 -258.66 -557.92 0.34 -0.54 -0.97 0.18 0.98 0.76 0.88
5.00 5.97 175.37 397.34 315.09 -0.59 0.96 -0.30 0.50 0.01 0.34 0.55
18.00 81.30 -283.57 -556.31 381.25 0.62 -0.68 0.95 0.90 0.19 0.49 0.33
9.00 19.78 8.25 649.81 -255.72 0.28 0.74 0.60 0.75 0.88 0.53 0.29
21.00 1.72 106.51 -484.29 592.17 0.21 -0.06 -0.07 0.97 0.01 0.86 0.47
14.00 0.04 -376.74 -182.09 375.64 0.83 -0.74 -0.67 0.25 0.62 0.44 0.17
11.00 23.21 -643.64 -4.27 136.30 0.16 -0.28 -0.31 0.99 0.34 0.78 0.40
10.00 4.60 223.46 479.76 -172.55 0.03 -0.47 -0.41 0.16 0.34 0.45 0.72
22.00 9.66 -304.50 529.11 313.82 0.47 -0.70 -0.50 0.40 0.71 0.92 0.82
7.00 5.68 318.53 12.70 107.95 -0.05 0.62 -0.94 0.93 0.73 0.95 0.76
9.00 2.42 314.38 -260.64 165.29 -0.42 -0.49 0.13 0.30 0.31 0.01 0.91
27.00 67.52 275.96 -204.50 708.19 -0.51 -0.43 -0.35 0.50 0.88 0.75 0.95
6.00 9.64 -136.61 -154.34 8.51 0.93 0.99 0.59 0.62 0.17 0.86 0.68
17.00 4.00 565.84 197.80 -108.16 0.23 0.34 -0.53 0.06 0.52 0.28 0.97
10.00 12.70 -197.97 -123.38 -355.60 -0.77 0.38 -0.79 0.40 0.99 0.88 0.89
30.00 163.38 781.26 -74.93 53.11 -0.81 0.54 0.75 0.63 0.14 0.14 0.26
25.00 75.11 -352.62 -320.45 -389.56 0.74 0.45 -0.64 0.41 0.73 0.37 0.99
15.00 17.09 -102.88 -90.02 468.65 0.60 0.88 -0.54 0.29 0.26 0.82 0.96
9.00 7.98 94.23 -2.10 -185.62 0.17 0.89 0.90 0.77 0.95 0.66 0.85
9.00 12.20 450.02 -336.13 2.86 0.05 0.76 -0.76 0.78 0.56 0.63 0.84
12.00 1.84 331.17 -53.87 577.85 -0.04 -0.99 -0.18 0.36 0.22 0.18 0.71
19.00 50.56 211.53 2.35 -345.62 -0.16 -0.67 0.14 0.70 0.94 0.20 0.33
20.00 67.07 592.15 11.46 -376.35 -0.80 -0.35 -0.12 0.34 0.60 0.57 0.93
8.00 5.90 -99.38 336.08 94.32 -0.24 -0.56 0.61 0.60 0.02 0.44 0.75
5.00 4.80 37.37 -345.47 483.66 -0.12 -0.27 -0.70 0.25 0.46 0.01 0.79
12.00 16.33 -304.92 -161.67 -391.35 -0.30 0.16 -0.94 0.18 0.25 0.29 0.96
12.00 15.26 -325.69 -624.22 -224.09 0.56 -0.38 -0.02 0.26 0.44 0.27 0.59
14.00 46.53 -301.15 361.00 403.18 -0.23 -0.18 -0.58 0.41 0.68 0.81 0.18
13.00 6.95 196.33 -345.58 278.82 -0.89 0.95 0.71 0.40 0.76 0.61 0.18
6.00 4.30 -387.27 317.66 362.39 -0.66 -0.10 0.80 0.26 0.24 0.93 0.71
6.00 6.32 -220.84 -198.28 621.28 0.51 0.14 0.29 0.11 0.94 0.08 0.21
11.00 16.72 -408.72 -106.10 -97.09 -0.75 -0.41 -0.13 0.95 0.12 0.39 0.64
7.00 5.36 -113.50 80.01 450.85 0.37 0.52 0.87 0.18 0.65 0.70 0.97
6.00 5.11 202.86 -528.60 -537.24 -0.19 -0.88 0.31 0.48 0.36 0.68 0.57
5.00 3.97 -119.27 -589.68 -165.16 -0.21 -0.85 -0.17 0.17 0.99 0.60 0.21
6.00 5.73 72.98 448.80 517.07 -0.71 -0.85 -0.51 0.11 0.84 0.17 0.54
38.00 191.35 -709.15 -35.32 -115.27 0.39 -0.98 -0.48 0.75 0.21 0.34 0.49
19.00 61.43 691.47 -66.98 -124.58 0.07 0.48 -0.27 0.68 0.83 0.16 0.32
8.00 10.29 612.71 235.07 326.03 -0.57 0.28 -0.21 0.72 0.16 0.50 0.61
13.00 22.22 -387.04 -251.60 329.08 0.84 -0.63 -0.12 0.70 0.36 0.04 0.43
16.00 44.05 -349.28 439.01 -181.80 0.56 0.37 0.49 0.47 0.07 0.65 0.32
10.00 19.37 343.59 661.68 81.16 0.95 0.44 0.58 0.37 0.83 0.60 0.78
20.00 71.81 -265.47 -314.85 -570.09 -0.14 0.65 -0.24 0.80 0.98 0.24 0.57
24.00 133.62 41.00 -103.51 727.27 0.43 0.31 0.93 0.15 0.80 0.17 0.92
8.00 15.69 -28.09 -719.06 193.83 -0.89 -0.83 0.56 0.02 0.03 0.61 0.39
5.00 2.73 56.78 118.97 624.16 0.03 0.39 -0.31 0.33 0.01 0.20 0.66
13.00 28.78 -782.65 116.44 -31.43 -0.60 -0.61 0.01 0.83 0.21 0.70 0.14
9.00 3.82 -315.86 18.98 -666.13 -0.13 -0.53 -0.27 0.36 0.42 0.03 0.89
7.00 3.83 -102.82 300.84 -518.37 0.28 -0.69 0.75 0.23 0.16 0.64 0.23
16.00 37.57 -430.43 305.17 328.43 0.34 0.78 0.26 0.15 0.28 0.67 0.77
6.00 7.04 91.46 -21.93 361.26 -0.99 0.05 -0.86 0.24 0.14 0.74 0.61
17.00 64.08 -647.70 192.68 -425.52 -0.77 0.64 -0.80 0.28 0.50 0.00 0.84
15.00 5.50 398.72 -354.81 -285.06 0.56 0.07 -0.64 0.93 0.71 0.16 0.83
10.00 22.65 -83.22 -623.75 -329.62 -0.06 -0.74 -0.92 0.99 0.59 0.64 0.94
11.00 25.88 332.38 532.46 -232.81 -0.30 0.15 -0.50 0.79 0.81 0.40 0.21
16.00 28.76 453.16 -291.34 498.87 0.13 0.72 0.14 0.79 0.78 0.79 0.18
11.00 6.02 -26.78 -14.59 135.33 -0.54 -0.88 0.73 0.26 0.24 0.26 0.21
13.00 36.14 337.91 562.56 416.34 -0.40 -0.85 0.28 0.91 0.97 0.98 0.82
8.00 8.59 429.43 -3.08 594.50 0.02 -0.38 -0.98 0.94 0.68 0.52 0.33
28.00 85.27 -213.81 -238.71 450.15 -0.36 0.74 0.40 0.68 0.03 0.46 0.01
17.00 19.69 -136.61 -473.86 465.05 -0.62 -0.60 -0.80 0.09 0.15 0.97 0.00
13.00 9.37 -532.29 -431.51 218.92 -0.83 -0.40 0.93 0.20 0.25 0.94 0.18
29.00 132.25 169.20 -623.28 250.82 0.66 -0.65 -0.24 0.77 0.57 0.15 0.58
25.00 22.97 -146.16 -254.49 412.41 -0.65 0.99 -0.71 0.95 0.16 0.08 0.16
27.00 157.15 728.80 325.80 -13.29 0.96 0.48 0.25 0.81 0.88 0.30 0.83
6.00 1.47 -271.38 379.31 -194.88 0.98 -0.77 -0.31 0.81 0.24 0.15 0.13
17.00 36.14 350.55 239.02 -68.27 0.56 0.88 -0.64 0.10 0.81 0.20 0.66
8.00 7.92 508.24 -546.91 -70.58 0.05 0.26 -0.17 0.24 0.43 0.26 0.09
14.00 26.90 74.63 -371.69 -17.36 -0.70 0.88 0.96 0.11 0.54 0.28 0.41
8.00 14.85 -130.63 415.34 -84.34 -0.91 -0.20 -0.42 0.62 0.12 0.44 0.59
9.00 12.74 251.35 -56.13 -128.04 -0.95 0.43 0.75 0.25 0.09 0.12 0.97
17.00 44.05 406.20 -472.12 51.91 0.28 -0.17 -0.49 0.52 0.99 0.72 0.34
15.00 41.71 -249.28 -554.03 105.63 0.40 -0.39 -0.08 0.47 0.65 0.85 0.95
12.00 37.04 -620.09 410.13 262.68 -0.25 -0.42 -0.08 0.35 0.59 0.24 0.37
17.00 28.43 -75.64 -51.01 -533.24 -0.48 0.51 -0.36 0.93 0.25 0.94 0.34
7.00 12.79 178.64 45.16 326.30 -0.73 0.43 -0.75 0.22 0.65 0.44 0.58
23.00 16.89 -195.27 -453.92 607.32 -0.32 0.42 -0.59 0.37 0.01 0.68 0.52
7.00 5.36 285.59 -406.09 447.28 -0.24 -0.61 0.96 0.63 0.31 0.13 0.43
5.00 4.35 680.91 -228.47 18.03 -0.25 0.79 -0.06 0.70 1.00 0.24 0.39
24.00 141.75 -84.48 311.18 49.12 -0.29 -0.26 -0.83 0.32 0.28 0.31 0.86
5.00 4.70 -340.80 -300.38 -507.64 -0.23 0.31 -0.40 0.03 0.20 0.74 0.14
9.00 12.34 -292.94 261.27 -303.58 -0.50 0.98 -0.47 0.86 0.35 0.52 0.26
12.00 12.51 -309.40 172.59 -647.35 -0.65 -0.27 -0.43 0.73 0.07 0.07 0.85
14.00 35.55 -233.95 149.07 -210.72 -0.23 0.21 -0.35 0.85 0.10 0.17 0.36
30.00 59.42 -510.32 560.51 215.78 -0.20 0.44 -0.53 0.23 0.71 0.66 0.02
6.00 6.26 -557.08 -40.06 424.28 0.47 0.91 0.60 0.60 0.23 0.35 0.91
9.00 14.35 -46.16 -49.88 405.63 0.72 0.10 -0.22 0.69 0.50 0.48 0.70
22.00 39.20 495.74 582.07 -167.88 -0.34 -0.58 -1.00 0.37 0.04 0.51 0.93
6.00 0.31 12.76 95.44 -704.38 0.17 0.58 0.25 0.36 0.34 0.28 0.52
17.00 31.04 -366.48 -7.58 -316.37 -0.15 -0.42 0.18 0.31 0.89 0.45 0.86
14.00 10.04 564.01 284.22 89.36 0.31 0.01 -0.37 0.39 0.35 0.07 0.23
17.00 57.93 315.43 60.51 472.82 -0.23 0.88 -0.25 0.35 0.09 0.04 0.90
14.00 24.97 -75.45 -543.75 -394.19 -0.32 -0.12 -0.51 0.50 0.02 0.01 0.56
5.00 3.99 461.28 -374.96 -78.27 0.60 -0.49 -0.63 0.76 0.31 0.28 0.14
9.00 2.04 511.85 -180.07 82.84 0.26 0.31 -0.66 0.44 0.09 0.72 0.31
7.00 9.25 -48.19 -697.85 -69.28 0.68 0.29 0.55 0.55 0.13 0.03 0.09
22.00 9.53 345.23 -88.99 702.91 -0.86 0.58 -0.71 0.73 0.80 0.93 0.38
14.00 45.90 123.61 -210.75 -613.90 0.26 0.92 -0.77 0.89 0.18 0.45 0.13
8.00 7.69 -355.86 -359.40 263.21 0.47 -0.99 0.91 0.83 0.42 0.23 0.23
31.00 193.38 405.48 349.66 128.13 -0.98 -0.84 -0.79 0.85 0.50 0.33 0.84
14.00 49.72 -143.93 322.65 -278.94 0.29 -0.45 -0.66 0.39 0.30 0.33 0.33
12.00 37.74 267.16 -178.08 -95.63 -0.65 0.38 0.86 0.02 0.34 0.21 0.31
16.00 57.45 412.89 642.32 -231.59 0.49 -0.64 0.37 0.58 0.88 0.42 0.10
18.00 68.43 -229.88 -2.74 566.20 -0.36 0.87 -0.19 0.65 0.89 0.69 0.37
37.00 111.08 -300.91 -355.69 -468.64 -0.77 0.45 -0.73 0.60 0.17 0.43 0.47
21.00 45.52 -529.83 -150.21 104.93 -0.25 -0.81 -0.95 0.27 0.68 0.21 0.39
5.00 3.38 -611.83 -6.58 375.34 -0.69 0.72 -0.16 0.16 0.69 0.81 0.44
7.00 6.95 356.12 296.61 207.09 0.79 -0.53 -0.33 0.46 0.54 0.64 0.93
22.00 88.29 553.77 61.55 -81.88 -0.27 -0.87 0.61 0.94 0.58 0.92 0.11
7.00 4.60 -65.63 361.95 629.88 -0.04 -0.41 0.88 0.01 0.52 0.48 0.74
20.00 91.53 -15.08 323.12 -633.97 0.68 -0.66 -0.72 0.13 0.57 0.65 0.94
5.00 5.00 -473.86 -192.32 569.79 -0.86 -0.65 -0.88 0.63 0.53 0.08 0.98
12.00 27.82 57.86 517.43 190.86 0.65 0.45 -0.30 0.52 0.44 0.93 0.66
7.00 10.79 693.59 -138.50 -265.31 -0.33 0.41 0.66 0.29 0.01 0.76 0.85
37.00 121.30 409.23 641.35 233.91 -0.95 0.70 -0.62 0.34 0.46 0.40 0.37
18.00 83.79 -612.96 -271.23 110.91 0.10 0.06 0.29 0.52 0.52 0.86 0.50
8.00 15.37 239.15 -599.62 407.86 0.77 -0.39 -0.06 0.67 0.28 0.32 0.40
6.00 5.30 -137.92 640.24 -1.20 0.26 0.20 0.25 0.89 0.79 0.04 0.95
16.00 1.00 -678.79 -76.18 -6.51 0.55 0.35 -0.55 0.95 0.43 0.78 0.23
10.00 5.81 -2.74 -182.02 -496.40 0.60 0.35 -0.92 0.93 0.71 0.55 0.43
6.00 3.56 247.41 177.47 594.81 -0.77 0.45 -0.88 0.28 0.77 0.65 0.48
18.00 12.43 419.01 188.24 -29.67 0.77 -0.40 -0.02 0.96 0.39 0.69 0.07
8.00 3.56 -81.78 106.74 -310.44 0.72 0.34 0.61 0.21 0.17 0.97 0.43
12.00 1.07 701.41 197.83 -172.10 -0.45 -0.82 0.63 0.91 0.69 0.72 0.24
15.00 2.32 312.26 143.37 619.83 0.90 -0.89 -0.05 0.84 0.79 0.21 0.86
13.00 1.77 -319.47 480.45 -309.46 0.78 0.37 -0.53 0.18 0.61 0.98 0.23
35.00 221.73 -5.07 731.31 -137.72 0.29 0.28 -0.02 0.89 0.01 0.37 0.12
14.00 33.95 -297.94 561.16 260.33 -0.44 0.50 -0.49 0.00 0.93 0.72 0.79
12.00 4.09 -153.05 248.90 229.94 -0.64 -0.20 0.68 0.74 0.70 0.62 0.80
10.00 12.66 156.99 434.39 -170.26 0.67 0.59 0.92 0.66 0.44 0.42 0.39
8.00 9.92 -306.78 -466.70 428.37 0.61 -0.35 -0.83 0.81 0.89 0.17 0.91
13.00 1.21 67.39 695.31 -76.55 0.86 0.07 0.01 0.95 0.30 0.40 0.59
9.00 5.02 21.71 230.73 449.99 0.15 -0.27 -0.71 0.79 0.33 0.85 0.58
7.00 10.47 -622.73 -147.64 54.70 0.50 0.68 -0.48 0.12 0.45 0.14 0.99
5.00 5.33 -706.27 -255.16 -89.88 -0.48 -0.56 -0.78 0.83 0.56 0.65 0.45
8.00 1.89 50.81 351.33 74.86 0.45 -0.24 -0.22 0.67 0.82 0.28 0.48
37.00 102.02 147.06 -586.63 472.52 0.90 0.24 0.39 0.84 0.33 0.68 0.60
18.00 15.02 593.40 -80.52 -499.55 0.77 -0.13 -0.03 0.13 0.19 0.85 0.18
14.00 18.71 -358.25 128.46 -587.95 0.51 0.62 0.33 0.03 0.47 0.02 0.21
7.00 1.08 304.21 59.44 -335.91 0.98 0.81 0.45 0.23 0.98 0.99 0.34
12.00 30.96 346.58 -103.86 -403.53 0.92 0.76 0.06 0.29 0.93 0.88 0.38
5.00 6.03 588.15 -317.12 -341.80 -0.08 -0.99 -0.83 0.53 0.06 0.35 0.01
7.00 6.60 62.36 223.63 610.82 0.05 0.69 -0.19 0.46 0.44 0.79 0.77
16.00 30.18 -398.19 -228.75 -394.60 0.97 0.21 0.57 0.41 0.37 0.29 0.84
8.00 2.63 -84.28 72.63 -768.81 0.69 0.07 -0.33 0.84 0.87 0.61 0.76
6.00 8.07 -742.41 114.89 84.43 0.53 -0.34 0.20 0.95 0.47 0.85 0.50
22.00 82.95 -20.35 589.79 185.13 -0.72 0.45 0.95 0.90 0.55 0.35 0.01
8.00 6.61 93.50 -105.20 479.43 -0.79 0.16 0.06 0.57 0.82 0.21 0.26
35.00 320.16 -158.91 -149.51 64.35 -0.60 -0.67 -0.57 0.01 0.47 0.78 0.23
28.00 144.16 393.16 -609.05 167.81 0.19 -0.13 -0.98 0.01 0.40 0.41 0.09
7.00 4.26 -378.03 -236.67 -556.75 0.03 0.34 0.57 0.62 0.48 0.78 0.89
10.00 24.92 -355.90 -501.34 301.34 0.02 0.60 0.98 0.74 0.43 0.53 0.12
9.00 1.36 -311.38 -522.12 -518.01 -0.52 -0.33 -0.92 0.28 0.79 0.92 0.66
16.00 28.61 190.64 -43.06 345.58 0.32 -0.99 0.34 0.09 0.47 0.55 0.50
10.00 3.22 -165.85 15.19 -310.32 0.86 -0.75 0.27 0.57 0.92 0.17 0.83
20.00 74.35 484.89 -129.01 -524.44 -0.07 -0.88 -0.47 0.06 0.65 0.60 0.22
5.00 4.63 74.46 487.50 517.98 -0.24 0.34 0.12 0.39 0.94 0.38 0.39
11.00 11.11 -412.99 581.32 309.07 -0.99 -0.84 -0.95 0.57 0.36 0.51 0.79
14.00 32.09 -496.98 -33.69 473.15 -0.96 -0.14 -0.82 0.59 0.52 0.03 0.46
20.00 33.19 450.08 -628.22 -156.05 0.02 -0.86 -0.89 0.95 0.73 0.37 0.69
6.00 6.77 15.08 -126.37 -687.82 0.34 -0.92 -0.60 0.64 0.35 0.22 0.85
5.00 5.28 569.24 -170.58 -514.99 0.51 -0.17 -0.12 0.81 0.85 0.75 0.97
6.00 9.01 420.60 -589.46 235.92 -0.18 0.38 -0.10 0.19 0.91 0.77 0.02
7.00 2.49 -275.43 -200.95 250.40 0.63 -0.37 0.68 0.93 0.23 0.43 0.86
5.00 1.46 121.33 644.71 -128.21 0.98 -0.32 0.71 0.94 0.51 0.04 0.02
15.00 52.98 583.50 370.36 -112.50 0.06 0.15 -0.65 0.46 0.43 0.76 0.35
12.00 6.71 -273.06 254.19 -0.54 0.54 0.82 -0.81 0.86 0.25 0.28 0.43
7.00 3.59 127.50 400.99 474.03 -0.31 0.87 -0.75 0.72 0.18 0.64 0.22
5.00 2.75 48.70 197.77 -647.09 0.25 0.10 0.48 0.94 0.99 0.42 0.03
7.00 3.24 223.68 292.98 -559.44 0.94 -0.90 -0.41 0.01 1.00 0.93 0.39
9.00 4.81 33.22 -91.59 189.95 -0.13 -0.94 0.84 0.26 0.32 0.53 0.22
36.00 78.43 -278.53 492.13 550.58 0.24 0.52 0.78 0.44 0.75 0.66 0.25
25.00 5.94 -285.53 -246.23 186.10 0.28 0.27 -0.79 0.26 0.86 0.71 0.25
36.00 184.94 96.71 353.94 -168.89 0.74 -0.84 0.36 0.34 0.53 0.44 0.24
10.00 21.32 -94.59 512.62 497.05 0.25 0.07 0.51 0.43 0.69 0.63 0.75
36.00 107.47 431.56 614.19 113.59 -0.65 -0.66 0.73 0.71 0.84 0.07 0.90
9.00 13.76 -193.43 -51.65 713.04 0.37 -0.01 -0.10 1.00 0.48 0.58 0.57
12.00 18.19 140.42 258.16 -264.67 -0.51 0.56 0.03 0.83 0.80 0.11 0.14
13.00 8.26 136.75 -5.10 -701.90 0.02 0.64 0.86 0.92 0.29 0.76 0.18
10.00 5.01 -114.12 -768.40 -35.76 -0.51 0.82 0.48 0.70 0.93 0.67 0.33
7.00 1.17 12.78 -115.32 469.10 -0.08 -0.41 -0.92 0.13 1.00 0.62 0.67
10.00 4.59 112.71 -606.65 428.70 -0.94 -0.95 -0.27 0.36 0.40 0.22 0.06
11.00 11.80 -89.58 89.32 754.85 -0.24 0.86 -0.91 0.91 0.24 0.85 0.29
17.00 62.35 385.66 -455.00 -195.80 -0.01 -0.53 0.43 0.09 0.79 0.07 0.76
15.00 27.42 288.20 491.05 144.03 -0.74 0.62 0.54 0.01 0.09 0.11 0.01
24.00 122.50 143.96 63.32 12.21 0.06 0.08 0.80 0.95 0.86 0.99 0.21
14.00 37.05 543.17 -328.11 -375.51 0.14 -0.12 -0.29 0.26 0.25 0.90 0.94
13.00 21.00 109.19 -312.15 235.41 -0.30 0.35 0.40 0.70 0.40 0.99 0.75
19.00 48.08 547.77 -445.63 187.39 0.27 0.36 0.59 0.55 0.99 0.54 0.36
31.00 135.95 -418.15 439.60 -155.39 -0.16 0.17 0.00 0.56 0.78 0.28 0.30
8.00 11.06 422.60 111.49 -0.04 -0.60 -0.86 -0.15 0.33 0.42 0.15 0.09
11.00 7.84 10.84 319.77 -695.43 0.35 0.87 -0.67 0.08 0.84 0.17 0.58
18.00 31.76 -88.13 443.15 -436.43 0.24 0.87 -0.26 0.00 0.22 0.20 0.44
6.00 8.95 628.23 168.13 -36.49 -0.34 -0.16 0.95 0.07 0.30 0.32 0.83
20.00 10.57 177.98 -70.90 -607.16 -0.88 0.16 -0.96 0.85 0.33 0.28 0.91
12.00 3.80 -154.84 -238.27 -359.97 0.17 -0.72 0.46 0.82 0.20 0.93 0.63
8.00 1.37 -123.17 403.12 -395.52 0.67 -0.34 0.09 0.51 0.66 0.42 0.04
6.00 8.04 -239.27 -202.86 571.20 0.84 -0.06 0.48 0.75 0.60 0.18 0.84
12.00 12.62 -319.49 -118.53 -40.65 0.38 -0.89 0.76 0.47 0.68 0.30 0.31
8.00 8.48 7.57 269.91 489.77 0.98 0.84 0.61 0.36 0.87 0.13 0.36
6.00 5.56 162.74 -326.32 190.63 -0.44 0.44 0.79 0.52 0.38 0.61 0.98
7.00 8.96 592.35 -393.79 185.89 -0.67 -0.93 0.53 0.16 0.22 0.42 0.83
25.00 11.12 601.09 -177.93 -19.73 0.12 -0.08 0.63 0.12 0.71 0.82 0.29
16.00 22.22 87.80 -301.16 118.66 0.67 0.64 -0.06 0.02 0.74 0.09 0.99
26.00 41.82 -237.88 -416.12 336.86 0.15 -0.94 -0.29 0.84 0.77 0.24 0.65
8.00 13.64 117.30 540.50 526.61 -0.56 0.36 -0.60 0.22 0.51 0.68 0.68
31.00 185.64 -592.24 107.86 -28.73 0.95 -0.23 -0.08 0.01 0.43 0.04 0.62
8.00 1.59 152.52 165.59 -559.49 0.74 -0.53 -0.09 0.57 0.34 0.14 0.70
7.00 2.30 632.46 364.83 173.01 0.71 -0.05 -0.32 0.17 0.02 0.60 0.58
25.00 82.20 -377.35 -112.53 -2.11 0.91 0.54 0.50 0.87 0.95 0.80 0.53
19.00 2.44 714.00 -340.79 43.65 0.20 0.12 0.10 0.67 0.93 0.89 0.28
35.00 126.30 -541.81 -156.98 333.91 -0.19 0.05 0.96 0.58 0.97 0.64 0.49
11.00 24.36 -491.41 -368.16 300.38 0.48 0.82 0.06 0.17 0.17 0.07 0.92
18.00 64.64 -445.15 18.20 -594.76 0.86 0.23 0.33 0.31 0.35 0.02 0.11
17.00 63.79 -587.88 -195.99 -50.62 -0.25 0.63 0.51 0.03 0.80 0.28 0.78
9.00 20.71 -249.76 -263.69 -51.38 0.88 -0.09 0.39 0.22 0.72 0.36 0.77
6.00 8.86 251.95 599.02 -432.66 -0.78 -0.26 0.87 0.07 0.00 0.61 0.83
14.00 24.39 14.01 -672.13 334.08 0.75 -0.16 -0.06 0.55 0.39 0.86 0.56
8.00 1.80 642.74 -58.44 380.99 -0.20 -0.32 -0.37 0.33 0.34 0.63 0.50
13.00 38.48 -415.68 367.21 -352.94 -0.29 0.51 -0.59 0.41 0.91 0.72 0.53