17.94 1231
14.00 25.52 222.96 260.72 -316.42 -0.46 0.60 0.11 0.27 0.01 0.33 0.14
6.00 9.90 505.35 555.27 60.70 0.72 -0.82 -0.75 0.08 0.18 0.09 0.93
9.00 20.32 -292.52 -382.11 -554.86 -0.42 0.92 -0.69 0.02 0.29 0.58 0.57
15.00 2.20 279.80 -115.20 -345.90 -0.59 0.09 -0.99 0.01 0.77 0.97 0.76
10.00 1.75 -509.07 610.46 -60.35 0.14 0.70 -0.52 0.75 0.52 0.95 0.92
5.00 0.60 231.92 -120.50 -56.36 0.97 0.45 0.03 0.41 0.66 0.31 0.53
23.00 26.75 -39.43 82.41 -395.02 -0.01 0.17 -0.56 0.22 0.70 0.60 0.33
10.00 4.52 66.83 -266.86 390.51 0.06 0.04 0.86 0.16 0.89 0.70 0.46
5.00 5.48 -307.16 467.21 -67.63 -0.35 -0.84 0.15 0.41 0.61 0.79 0.86
32.00 171.42 -287.03 -89.58 -436.37 -0.41 -0.07 0.97 0.96 0.05 0.71 0.45
31.00 135.50 192.35 -697.66 -145.03 0.61 -0.81 0.38 0.19 0.15 0.76 0.98
6.00 9.81 226.80 -47.83 -398.05 0.13 0.16 0.75 0.48 0.36 0.19 0.16
5.00 5.62 -494.94 346.33 291.94 0.12 0.56 -0.09 0.21 0.67 0.54 0.97
5.00 5.05 -40.94 292.69 178.13 0.83 -0.11 0.23 0.47 0.12 0.16 0.02
15.00 56.13 407.01 -343.53 516.60 -0.59 -0.80 -0.96 0.06 0.79 0.13 0.54
16.00 59.61 -227.44 -443.91 271.65 0.91 -0.13 0.42 0.12 0.91 0.54 0.40
13.00 5.31 462.91 176.51 -365.19 -0.79 -0.31 0.55 0.89 0.26 0.91 0.08
14.00 30.90 336.66 -456.44 -343.93 -0.73 0.50 0.87 0.50 0.93 0.45 0.49
18.00 41.97 -243.05 -632.71 146.77 0.85 -0.36 0.54 0.38 0.04 0.16 0.75
13.00 24.85 -208.58 60.08 -765.66 0.65 0.19 -0.35 0.54 0.27 0.80 0.65
22.00 121.27 595.66 525.09 86.10 -0.73 0.12 -0.45 0.30 0.31 0.10 0.14
18.00 65.32 338.75 142.62 648.59 -0.62 0.79 0.35 0.59 0.08 0.58 0.16
10.00 16.78 684.75 -30.82 226.81 0.14 0.24 -0.57 0.21 0.27 0.48 0.82
5.00 2.74 -397.56 -152.61 397.08 -0.93 -0.09 -0.45 0.97 0.34 0.44 0.12
11.00 17.80 274.91 -582.08 -199.27 -0.80 0.10 -0.39 0.72 0.93 0.42 0.77
6.00 6.60 -141.92 -142.01 -367.03 -0.44 0.97 -0.59 0.55 0.66 0.41 0.70
9.00 1.52 378.05 -17.87 -274.36 0.18 -0.85 0.02 0.46 0.04 0.10 0.90
13.00 20.00 249.93 -606.59 122.60 -0.64 -0.59 0.79 0.53 0.24 0.22 0.88
11.00 1.74 7.90 401.53 326.04 0.48 -0.28 0.72 0.27 0.80 0.83 0.23
7.00 8.58 -58.18 566.83 -471.36 0.36 0.61 0.44 0.46 0.96 0.01 0.68
22.00 102.39 -362.44 -448.26 473.19 -0.80 -0.80 0.15 0.05 1.00 0.25 0.06
8.00 11.51 212.90 120.22 400.22 -0.22 -0.35 -0.14 0.59 0.65 0.38 0.57
16.00 51.45 78.28 467.05 -493.23 -0.14 -0.07 -0.19 0.90 0.03 0.56 0.52
9.00 10.95 -149.77 375.76 -116.33 -0.30 0.64 0.59 0.89 0.81 0.21 0.59
10.00 9.35 297.19 -84.02 -664.59 -0.73 -0.81 0.74 0.74 0.49 0.88 0.68
17.00 19.05 207.37 345.11 480.94 0.20 -0.11 -0.58 0.24 0.44 0.86 0.55
9.00 2.56 599.42 -432.36 -56.70 0.55 -0.11 0.13 0.15 0.37 0.22 0.79
9.00 4.38 -439.85 -404.16 -344.72 -0.05 0.49 0.32 0.82 0.30 0.46 0.81
14.00 31.55 -73.65 -374.32 -494.09 -0.14 0.38 -0.75 0.21 0.91 0.36 0.49
6.00 1.85 -115.42 271.64 -26.61 -0.70 0.09 -0.11 0.14 0.19 0.50 0.69
23.00 121.30 -254.35 -58.99 351.67 0.29 -0.15 -0.94 0.76 0.47 0.79 0.43
22.00 118.62 -649.17 -132.28 372.22 0.55 -0.07 0.68 0.05 0.06 0.15 0.65
8.00 12.50 230.85 -126.13 197.62 0.10 -0.88 -0.06 0.94 0.73 0.32 0.29
16.00 34.17 -384.33 31.86 -288.02 0.23 -0.65 -0.02 0.41 0.34 0.73 0.22
17.00 32.69 435.32 510.01 -26.02 -0.62 -0.94 -0.77 0.93 0.59 0.89 0.74
24.00 31.14 -322.25 171.76 367.40 -0.08 -0.58 -0.50 0.80 0.54 0.20 0.13
26.00 7.73 172.10 630.11 -153.39 0.64 -0.81 0.49 0.67 0.77 0.22 0.34
10.00 4.98 96.08 -21.43 772.35 0.45 0.26 -0.55 0.63 0.08 0.85 0.36
11.00 29.55 27.24 -279.56 453.00 0.18 -0.02 -1.00 0.84 0.82 0.86 0.74
8.00 12.56 -189.44 -474.12 -593.64 -0.39 0.50 -0.40 0.47 0.11 0.08 0.83
14.00 17.17 -42.22 -473.18 240.30 0.20 0.50 0.80 0.58 0.48 0.44 0.12
7.00 9.72 -426.86 -482.16 -1.20 -0.47 -0.92 -0.51 0.32 0.39 0.52 0.82
9.00 7.17 268.75 50.27 442.79 0.83 -0.69 -0.92 0.03 0.42 0.65 0.46
11.00 23.65 38.89 -281.86 345.77 -0.50 -0.93 0.26 0.45 0.08 0.00 0.79
6.00 3.10 -200.74 740.54 -130.54 0.56 0.34 0.85 0.95 0.49 0.10 0.98
10.00 12.83 -515.08 337.76 -463.10 0.24 -0.32 0.61 0.24 0.93 0.79 0.05
9.00 17.20 -633.80 27.03 142.21 -0.02 -0.02 0.06 0.99 0.63 0.28 0.62
6.00 7.63 299.13 -390.65 -294.56 -0.89 0.23 0.18 0.42 0.39 0.77 0.12
14.00 13.96 -167.93 -293.67 563.41 0.69 0.73 0.44 0.68 0.48 0.96 0.71
8.00 1.24 340.79 24.64 -570.19 -0.47 0.17 0.18 0.19 0.17 0.26 0.50
17.00 4.91 -570.06 182.53 451.78 0.17 -0.94 -0.99 0.49 0.35 0.48 0.29
6.00 3.74 268.54 -307.53 -464.14 0.22 0.80 -0.11 0.58 0.19 0.50 0.88
8.00 10.28 -335.32 -430.18 199.63 -0.11 0.07 0.08 0.45 0.11 0.33 0.56
5.00 2.33 476.35 226.05 -421.06 0.53 0.85 0.86 0.51 0.96 0.71 0.68
11.00 2.31 -497.49 -164.65 -456.00 0.18 0.85 -0.93 0.60 0.56 0.34 0.31
11.00 15.82 6.72 -470.01 646.53 -0.50 0.58 0.89 0.38 0.96 0.50 0.16
8.00 1.61 593.20 -17.15 -443.25 -0.63 0.52 -0.52 0.48 0.00 0.79 0.06
7.00 11.24 370.44 -414.70 -415.43 0.29 -0.49 0.93 0.90 0.81 0.60 0.44
10.00 4.17 -467.99 0.48 156.86 0.39 -0.06 -0.69 0.45 0.01 0.13 0.62
13.00 17.01 373.92 252.71 -127.51 -0.05 0.68 0.40 0.91 0.28 0.32 0.23
20.00 45.52 -335.79 685.19 -9.77 -0.55 -0.00 0.32 0.94 0.90 0.86 0.39
11.00 1.27 -238.85 -345.84 -227.96 -0.69 -0.76 0.80 0.36 0.44 0.38 0.27
7.00 3.31 -461.79 -331.37 487.11 0.68 -0.60 -0.05 0.17 0.75 0.44 0.37
12.00 32.58 -249.15 -707.15 218.47 -0.20 -0.87 0.18 0.78 0.68 0.15 0.47
5.00 5.69 330.81 -37.03 325.30 -0.45 -0.91 -0.56 0.41 0.02 0.22 0.39
14.00 29.34 574.52 -345.52 433.16 0.30 0.43 -0.71 0.27 0.98 0.09 0.09
16.00 59.32 -124.19 -557.47 -329.89 -0.10 0.98 -0.04 0.71 0.46 0.65 0.04
9.00 9.46 -425.09 110.29 -420.83 -0.60 -0.21 0.28 0.10 0.76 0.99 0.68
28.00 46.55 274.88 -539.94 275.07 -0.60 -0.87 0.13 0.71 0.74 0.62 0.16
15.00 3.73 605.15 -231.03 329.42 0.06 -0.92 -0.98 0.82 0.64 0.50 0.90
14.00 20.58 572.60 -106.70 221.51 -0.15 -0.20 0.82 0.70 0.98 0.36 0.10
7.00 8.52 -341.24 97.55 638.85 -0.23 0.31 -0.87 0.44 0.66 0.62 0.28
15.00 3.80 277.53 -444.49 334.84 -0.81 -0.09 -0.08 0.87 0.35 0.72 0.87
7.00 1.49 -210.84 -456.63 -5.53 0.10 -0.28 0.41 0.66 0.37 0.51 0.67
5.00 0.83 -422.08 184.63 267.23 0.44 -0.95 0.71 0.57 0.64 0.55 0.84
9.00 9.98 293.67 308.30 417.87 1.00 0.17 -0.23 0.36 0.11 0.27 0.06
5.00 1.27 354.08 484.62 -41.74 -0.50 0.62 -0.10 0.90 0.34 0.69 0.16
10.00 19.97 -424.09 -23.33 152.66 -0.46 -0.65 0.93 0.11 0.73 0.78 0.59
9.00 22.49 83.68 -437.59 374.99 0.37 0.93 -0.89 0.41 0.66 0.79 0.26
12.00 24.38 -387.67 351.86 -324.71 0.16 -0.15 0.63 0.41 0.38 0.35 0.74
16.00 13.08 48.37 -15.82 725.00 -0.33 0.45 -0.26 0.10 0.75 0.30 0.92
18.00 82.02 564.39 -21.74 -412.28 0.28 -0.49 -0.14 0.22 0.32 0.84 0.57
21.00 0.69 -219.44 514.30 487.10 0.65 -0.07 -0.86 0.08 0.02 0.75 0.85
8.00 7.97 486.15 -519.50 -296.98 -0.69 -0.62 0.43 0.40 0.09 0.34 0.06
19.00 47.42 -470.94 -230.04 562.66 -0.28 0.04 -0.69 0.75 0.91 0.21 0.27
12.00 10.90 -716.99 50.59 -125.67 -0.16 0.35 -0.64 0.58 0.83 0.42 0.86
34.00 180.00 -27.14 -81.41 -702.77 -0.60 -0.78 0.51 0.99 0.96 0.05 0.99
22.00 78.02 408.00 -474.57 -307.49 0.45 0.04 -0.36 0.60 0.12 0.75 0.76
5.00 3.55 410.33 -233.13 367.63 0.90 -0.38 0.89 0.14 0.62 0.82 0.81
22.00 14.08 248.32 188.69 482.05 -0.92 0.37 0.48 0.74 0.54 0.88 0.46
26.00 156.28 74.66 -293.18 -237.98 -0.30 -0.64 -0.84 0.14 0.74 0.44 0.29
8.00 15.14 -504.80 -487.58 -201.59 -0.60 -0.82 0.03 0.10 0.36 0.45 0.99
8.00 12.06 -99.69 -779.84 89.12 -0.78 0.73 0.56 0.99 0.37 0.53 0.73
12.00 38.41 469.13 -506.00 207.58 0.30 0.30 -0.61 0.93 0.95 0.83 0.27
15.00 59.44 -146.30 291.02 281.05 0.64 -0.35 -0.94 0.93 0.19 0.16 0.18
26.00 33.60 -250.75 -561.77 198.20 0.57 0.51 -0.43 0.57 0.44 0.15 0.96
12.00 35.45 -208.11 71.15 -674.64 -0.04 0.20 0.59 0.52 0.05 0.84 0.43
9.00 6.99 548.35 -53.43 557.10 0.81 -0.12 -0.51 0.84 0.80 0.71 0.19
5.00 3.78 -321.49 410.79 -336.04 0.87 -0.62 -0.87 0.22 0.87 0.76 0.46
6.00 6.10 -272.53 175.49 176.62 -0.16 0.02 0.43 0.75 0.42 0.56 0.30
9.00 12.50 -191.47 -726.37 -77.09 -0.38 -0.37 -0.04 0.44 0.63 0.89 0.36
5.00 1.38 -636.75 -337.72 169.05 0.84 -0.16 -0.25 0.78 0.95 0.23 0.89
25.00 126.65 197.39 -86.22 194.19 -0.88 -0.02 0.62 0.76 0.45 0.00 0.58
26.00 142.41 -312.33 -723.60 17.27 0.35 0.76 0.64 0.92 0.49 0.11 0.94
32.00 245.16 207.47 137.65 240.96 0.79 -0.75 -0.16 0.50 0.48 0.97 0.50
18.00 25.78 -283.57 -556.31 381.25 -0.14 -0.64 0.11 0.41 0.64 0.53 0.52
9.00 20.21 158.07 198.10 -138.06 -0.76 -0.48 -0.23 0.62 0.00 0.73 0.30
9.00 3.31 251.46 505.13 -534.94 0.74 -0.62 -0.19 0.73 0.79 0.52 0.97
12.00 28.54 -86.58 400.86 -612.53 -0.13 0.17 0.30 0.94 0.83 0.33 0.04
6.00 2.85 69.68 -324.36 333.65 0.11 0.34 -0.55 0.35 0.64 0.80 0.40
11.00 3.17 -562.87 402.61 -84.06 -0.17 -0.72 -0.15 0.83 0.95 0.41 0.29
23.00 51.70 -25.44 -305.68 -308.17 -0.92 0.52 0.44 0.11 0.68 0.91 0.21
5.00 1.66 290.88 -416.70 252.58 -0.50 -0.15 0.17 0.77 0.80 0.38 0.43
13.00 17.88 -86.18 -149.26 -63.63 0.13 0.34 -0.00 0.21 0.03 0.53 0.06
9.00 11.60 -234.49 -279.87 270.42 -0.34 -0.37 -0.73 0.48 0.06 0.63 0.73
24.00 138.85 -284.00 -438.84 -488.97 -0.90 0.20 -0.79 0.67 0.91 0.78 0.86
10.00 13.55 205.96 185.76 -152.03 -0.78 0.48 0.04 0.12 0.79 0.68 0.42
34.00 127.40 -167.78 -71.65 473.41 -0.71 0.41 -0.77 0.56 0.85 0.53 0.12
10.00 13.12 -267.75 -37.96 -573.69 0.17 -0.84 -0.89 0.63 0.60 0.39 0.64
5.00 3.52 160.95 65.51 664.18 -0.15 -0.80 -0.94 0.11 0.06 0.74 0.86
6.00 7.97 420.49 -134.20 -381.14 -0.14 -0.56 -0.53 0.66 0.63 0.08 0.79
13.00 44.52 3.45 14.89 -454.92 -0.28 0.74 0.98 0.34 0.98 0.96 0.27
18.00 77.82 -326.87 -378.63 33.42 -0.10 -0.19 -0.48 0.18 0.17 0.47 0.96
23.00 135.55 -262.04 -151.55 -178.13 -0.95 -0.04 -0.62 0.51 0.31 0.97 0.03
9.00 8.48 -258.93 181.78 -482.47 -0.83 0.75 -0.39 0.27 0.39 0.70 0.16
22.00 90.27 356.85 -383.48 -206.36 0.13 -0.71 0.00 0.75 0.79 0.53 0.13
34.00 38.56 585.18 60.92 -439.70 0.96 -0.63 -0.30 0.66 0.73 0.19 0.66
24.00 11.27 245.80 115.60 628.08 0.54 0.82 0.87 0.17 0.86 0.33 0.45
16.00 2.95 114.67 96.69 710.51 0.71 0.64 0.40 0.87 0.94 0.40 0.22
8.00 13.50 -141.13 489.50 -518.94 0.66 -0.98 0.30 0.83 0.18 0.34 0.21
9.00 22.76 -89.76 -328.93 -9.87 -0.09 0.10 0.69 0.04 0.48 0.54 0.06
6.00 6.07 -236.42 230.81 326.74 0.79 -0.09 0.30 0.29 0.80 0.61 0.11
8.00 14.73 276.91 248.34 -299.24 0.36 -0.42 0.67 0.60 0.76 0.08 0.78
7.00 0.07 -152.31 234.21 -448.97 -0.07 0.33 -0.05 0.61 0.88 0.22 0.53
7.00 13.55 -146.30 -510.86 -476.76 -0.79 0.09 -0.81 0.01 0.75 0.26 0.97
5.00 5.75 199.00 -586.63 -506.16 0.49 -0.39 -0.12 0.94 0.69 0.88 0.39
5.00 4.49 -70.43 -9.93 -98.87 -0.10 -0.65 0.94 0.29 1.00 0.66 0.96
7.00 1.57 546.72 331.97 -464.36 -0.51 0.50 -0.51 0.65 0.35 0.05 0.09
23.00 105.13 -393.83 691.21 -9.35 0.74 -0.07 0.96 0.49 0.01 0.65 0.59
15.00 59.87 348.17 -318.07 -425.31 -0.44 -0.27 -1.00 0.29 0.06 0.73 0.24
26.00 186.80 -625.68 279.88 -262.69 -0.28 -0.98 0.38 0.53 0.30 0.04 0.39
13.00 18.77 -63.21 -460.90 284.04 0.95 0.80 0.89 0.44 0.11 0.72 0.41
14.00 44.56 177.18 -566.36 -265.88 0.80 0.28 -0.45 0.97 0.94 0.60 0.25
13.00 45.83 170.72 254.02 -330.00 -0.40 -0.60 -0.62 0.54 0.18 0.28 0.03
16.00 4.31 -415.54 -64.12 413.57 0.75 0.56 0.47 0.16 0.32 0.16 0.59
12.00 22.57 592.60 110.31 -23.90 -0.43 0.76 -0.62 0.52 0.08 0.96 0.67
7.00 4.37 -40.12 -200.85 244.33 0.60 0.08 -0.49 0.57 0.10 0.06 0.84
6.00 2.27 -436.36 -337.15 -462.14 -0.47 0.79 0.44 0.47 0.21 0.60 0.29
32.00 262.43 -583.13 -469.03 113.13 -0.59 0.78 -0.81 0.78 0.23 0.56 0.44
36.00 81.04 519.05 -522.60 49.84 0.17 -0.45 -0.62 0.48 0.02 0.52 0.17
35.00 215.12 318.85 115.10 105.01 0.77 -0.98 -0.87 0.89 0.72 0.55 0.81
36.00 247.64 590.77 -478.14 149.79 0.03 -0.70 -0.83 0.98 0.85 0.96 0.08
5.00 2.55 191.51 -580.39 -289.81 0.41 0.68 -0.70 0.99 0.50 0.36 0.95
8.00 13.05 532.88 -554.10 -205.06 0.44 -0.05 -0.33 0.12 0.06 0.81 0.56
14.00 30.38 299.65 34.69 -617.82 -0.01 -0.18 -0.32 0.49 0.21 0.27 0.30
7.00 10.57 -185.72 -322.08 -688.63 -0.95 0.80 0.26 0.40 0.06 0.11 0.10
25.00 133.91 265.99 5.14 297.06 0.67 -0.55 -0.81 0.12 0.91 0.67 0.42
10.00 6.03 -73.86 184.18 331.46 -0.89 0.50 -0.50 0.04 0.52 0.08 0.50
14.00 37.54 -90.84 49.80 -135.31 -0.78 0.11 -0.50 0.27 0.25 0.17 0.47
7.00 2.19 218.99 -559.57 520.95 0.24 0.78 0.23 0.41 0.91 0.64 0.26
16.00 6.15 -314.78 -13.20 -635.07 0.64 0.13 -0.02 0.54 0.36 0.12 0.13
31.00 127.80 84.04 -647.30 -162.43 -0.44 -0.12 -0.72 0.35 0.76 0.50 0.86
9.00 17.35 414.50 -48.71 -309.10 0.22 0.33 0.82 0.07 0.67 0.88 0.23
7.00 11.85 -558.67 -498.22 46.11 -0.27 -0.06 -0.50 0.42 0.03 0.51 0.68
27.00 177.81 -1.04 -555.94 364.34 -0.07 0.42 -0.60 0.14 0.16 0.05 0.29
8.00 11.70 -171.94 491.84 -238.79 -0.27 0.77 -0.08 0.69 0.71 0.07 0.62
11.00 19.38 -726.40 -91.41 186.99 -0.63 -0.61 -0.51 0.86 0.44 0.38 0.40
11.00 9.55 -423.56 -505.73 -281.03 0.84 -0.49 -0.21 0.12 0.01 0.29 0.24
5.00 6.68 -337.52 305.62 177.25 0.98 0.23 -0.03 0.38 0.41 0.23 0.44
9.00 13.78 13.69 -360.49 275.45 -0.54 -0.40 -0.24 0.63 0.85 0.41 0.86
16.00 10.72 229.60 -429.68 -295.52 -0.94 0.17 -0.79 0.78 0.91 0.45 0.69
6.00 7.61 312.44 -346.47 386.12 -0.98 0.58 -0.07 0.11 0.47 0.29 0.73
16.00 11.18 274.54 264.35 -421.69 -0.75 0.91 -0.32 0.29 0.27 0.88 0.02
5.00 0.46 381.67 266.16 417.16 -0.41 0.94 0.35 0.15 0.54 0.86 0.51
29.00 200.22 -106.77 -35.80 -380.65 0.99 -0.84 -0.68 0.92 0.20 0.09 0.81
5.00 0.04 58.19 211.34 306.95 -0.70 -0.65 -0.57 0.74 0.65 0.17 0.07
11.00 13.62 -333.77 -487.50 383.19 -0.37 -0.41 -0.91 0.82 0.28 0.14 0.67
27.00 99.43 283.76 -299.73 373.54 -0.46 -0.65 0.12 0.30 0.37 0.06 0.23
8.00 5.55 -645.80 -83.96 -259.86 -0.58 0.38 -0.12 0.40 0.21 0.24 0.26
17.00 55.62 316.70 526.09 -91.82 0.08 -0.61 0.62 0.99 0.99 0.11 0.17
8.00 9.85 77.32 166.01 -445.53 0.27 0.32 -0.17 0.19 0.07 0.92 0.92
7.00 7.17 -528.78 478.45 51.72 -0.89 -0.56 0.64 0.08 0.51 0.13 0.66
6.00 10.22 -594.12 457.91 -256.41 -0.86 -0.17 0.97 0.97 0.44 0.87 0.66
9.00 4.95 -658.17 -170.37 -183.88 -0.32 0.97 -0.77 0.47 0.39 0.20 0.50
13.00 9.75 -67.49 699.67 243.34 1.00 0.30 0.97 0.68 0.91 0.00 0.41
5.00 2.96 -188.91 316.15 -317.94 0.16 -0.79 0.81 0.18 0.49 0.31 0.54
13.00 8.99 -368.74 71.22 -538.25 -0.66 0.26 -0.32 0.05 0.16 0.12 0.27
6.00 10.02 507.10 121.59 397.35 0.97 0.44 0.42 0.67 0.29 0.41 0.72
8.00 16.59 205.75 -729.56 207.44 -0.10 -0.87 0.72 0.58 0.15 0.93 0.70
23.00 11.61 419.85 26.45 552.04 0.57 0.33 -0.70 0.35 0.05 0.50 0.07
8.00 15.20 784.25 15.77 51.48 -0.00 -0.70 0.38 0.36 0.93 0.95 0.39
23.00 59.40 611.10 196.46 -19.46 -0.84 0.39 0.13 0.05 0.57 0.21 0.80
6.00 6.17 -666.61 -318.53 -291.57 -0.39 0.50 0.14 0.05 0.84 0.59 0.57
9.00 16.57 -108.03 -171.70 255.97 -0.77 0.69 -0.17 0.03 0.91 0.71 0.47
18.00 2.49 145.21 620.11 402.06 0.37 -0.55 -0.47 0.72 0.32 0.75 0.92
32.00 151.37 -450.86 19.71 -289.13 -0.98 -0.85 -0.62 0.14 0.04 0.56 0.22
10.00 11.78 -392.39 -399.10 444.18 0.12 -0.46 0.19 0.58 0.24 0.20 0.43
10.00 16.15 74.12 387.92 646.34 -0.35 0.63 -0.79 0.01 0.12 0.17 0.21
26.00 28.07 309.25 193.99 -155.17 0.52 -0.18 0.10 0.19 0.61 0.72 0.58
16.00 26.36 -398.19 -228.75 -394.60 0.76 -0.74 0.86 0.32 0.74 0.81 0.85
39.00 400.07 62.39 -745.87 -93.72 0.89 0.78 0.83 0.57 0.58 0.97 0.54
36.00 367.87 91.24 523.33 -96.12 -0.80 0.90 0.49 0.43 0.74 0.16 0.42
11.00 34.11 251.38 -382.85 543.24 -0.99 0.21 -0.48 0.73 0.61 0.31 0.84
26.00 40.70 -309.51 283.50 466.15 -0.35 0.09 0.08 0.18 0.79 0.33 0.27
29.00 11.32 551.01 -100.18 -54.78 -0.46 0.63 -0.06 0.76 0.38 0.81 0.08
7.00 3.05 574.69 -115.65 -371.02 0.23 0.95 0.69 0.07 0.24 0.17 0.33
27.00 0.38 -83.57 373.67 266.58 0.33 -0.51 -0.65 0.38 0.95 0.61 0.53
6.00 4.56 481.91 -3.30 -212.40 -0.22 -0.95 -0.21 0.84 0.97 0.04 0.05
6.00 5.49 349.80 -95.62 672.64 0.08 -0.09 0.10 0.90 0.36 0.03 0.74
17.00 68.55 122.24 1.86 426.50 0.10 0.58 -0.95 0.71 0.67 0.17 0.20
18.00 84.13 593.07 107.39 296.89 -0.28 0.63 0.63 0.64 0.50 0.31 0.36
37.00 148.63 7.13 483.50 418.59 -0.14 -0.34 0.27 0.84 0.78 0.32 0.07
8.00 10.36 -484.42 78.95 252.35 -0.30 0.31 0.15 0.91 0.34 0.93 0.10
5.00 4.76 -28.79 225.47 -51.04 0.78 -0.59 -0.39 0.63 0.06 0.90 0.37
23.00 17.61 97.37 595.29 264.19 -0.72 -0.74 -0.89 0.51 0.88 0.77 0.78
16.00 5.82 509.14 -441.54 338.59 0.41 0.75 0.24 0.27 0.07 0.67 0.63
27.00 122.70 -409.70 626.33 271.46 0.04 -0.90 0.48 0.11 0.52 0.24 0.80
9.00 2.81 98.41 -242.10 728.29 0.96 0.85 0.71 0.15 0.24 0.17 0.65
6.00 2.61 -126.17 -734.51 15.37 -0.62 0.88 -0.42 0.73 0.49 0.26 0.75
9.00 20.16 -109.63 454.32 357.00 -0.14 0.95 -0.07 0.04 0.81 0.77 0.96
7.00 2.91 -481.96 128.70 238.89 -0.57 -0.17 0.36 0.65 0.45 0.03 0.28
9.00 21.07 182.25 92.08 304.71 0.20 0.83 -0.55 0.01 0.41 0.13 0.52
17.00 33.47 -257.36 -113.08 166.58 -0.81 0.88 0.95 0.32 0.57 0.60 0.50
12.00 16.67 332.35 126.19 -162.48 0.75 0.61 -0.93 0.38 0.39 0.17 0.04
30.00 80.06 286.83 91.13 -365.32 -0.73 -0.65 0.13 0.69 0.50 0.38 0.18
9.00 15.08 -120.29 722.61 -30.31 -0.58 -0.05 0.50 0.66 0.76 0.13 0.57
9.00 22.34 -464.12 -105.11 140.48 -0.80 -0.16 0.15 0.52 0.76 0.36 0.20
8.00 8.53 -270.03 -39.50 -190.88 0.20 0.59 -0.27 0.51 0.05 0.66 0.07
6.00 2.89 -707.07 170.80 -253.09 -0.51 -0.35 0.93 0.79 0.87 0.83 0.18
14.00 41.36 -279.32 669.45 252.59 0.80 0.28 -0.34 0.42 0.82 0.55 0.20
11.00 34.22 264.64 412.66 167.92 -0.39 -0.44 -0.80 0.85 0.66 0.27 0.69
6.00 9.25 547.78 72.49 -191.13 0.19 0.48 -0.12 0.76 0.11 0.40 0.71
10.00 16.50 672.06 -79.06 -180.19 -0.07 -0.66 -0.15 0.54 0.66 0.18 0.64
19.00 45.60 -247.23 323.68 596.97 0.02 0.67 -0.28 0.41 0.13 0.44 0.40
5.00 4.70 32.71 276.70 -16.31 0.55 0.35 -0.52 0.99 0.31 0.49 0.27
5.00 2.97 384.30 101.59 -621.70 0.06 0.85 0.73 0.98 0.20 0.05 0.57
6.00 3.35 93.35 -165.93 -212.64 0.47 -0.78 -0.63 0.18 0.47 0.08 0.23
11.00 1.82 -118.69 96.37 204.58 0.19 0.68 0.95 0.58 0.45 0.72 0.45
17.00 65.81 423.15 -57.79 253.51 0.21 0.41 0.83 0.36 0.53 0.64 0.56
6.00 1.83 528.28 -301.41 332.45 -0.29 -0.29 0.60 0.61 0.48 0.89 0.02
6.00 5.66 -362.62 378.68 -107.18 -0.04 0.72 0.60 0.52 0.88 0.26 0.50
11.00 14.51 -26.78 -14.59 135.33 -0.46 -0.26 -0.31 0.49 0.02 0.77 0.11
10.00 9.04 -661.88 -404.33 96.43 -0.66 -0.19 0.11 0.99 0.81 0.03 0.61
14.00 38.52 210.60 -174.04 -656.69 -0.16 0.52 0.33 0.12 0.30 0.32 0.27
5.00 3.51 325.39 234.28 376.26 0.32 -0.08 -0.10 0.50 0.12 0.85 0.45
29.00 200.61 338.63 -191.41 -522.22 0.77 -0.43 -0.06 0.73 0.25 0.78 0.19
12.00 35.02 -407.25 300.31 527.25 0.93 0.16 0.03 0.21 0.66 0.10 0.16
14.00 7.72 -384.25 -280.14 -192.74 -0.14 0.04 -0.20 0.42 0.96 0.26 0.51
7.00 0.28 -194.04 530.84 145.69 -0.06 0.71 0.20 0.53 0.04 0.55 0.53
17.00 75.93 -468.04 -51.13 -617.91 0.56 0.55 -0.96 0.01 0.99 0.78 0.63
20.00 106.11 -531.82 275.70 -367.04 0.40 0.29 -0.52 0.42 0.32 0.27 0.92
5.00 5.60 134.21 645.32 105.77 -0.34 -0.90 -0.70 0.19 0.73 0.88 0.72
5.00 6.38 -133.93 -112.69 -709.52 -0.78 0.02 0.61 0.08 0.71 0.66 0.20
7.00 2.38 160.87 227.35 -293.97 0.31 0.46 -0.19 0.54 0.49 0.93 0.63
28.00 21.48 201.18 -495.52 555.33 -0.70 -0.27 -0.08 0.37 0.75 0.29 0.48
16.00 50.01 -232.21 453.80 186.30 0.85 -0.93 0.77 0.88 0.16 0.79 0.81
7.00 1.68 220.44 -457.08 462.30 0.26 0.23 -0.69 0.80 0.88 0.48 0.68
6.00 7.23 327.65 -381.15 133.66 -0.03 0.04 0.91 0.74 0.98 0.43 0.57
25.00 48.80 301.23 430.88 400.81 -0.47 0.91 -0.43 0.03 0.70 0.66 0.08
38.00 171.31 -102.00 -249.80 251.84 0.60 -0.27 -0.91 0.07 0.45 0.06 0.54
8.00 1.09 214.62 -591.53 -444.32 0.91 -0.42 0.72 0.41 0.27 0.15 0.07
18.00 64.62 -542.84 231.67 118.68 0.44 0.56 0.91 0.28 0.90 0.44 0.17
9.00 11.17 -193.27 473.47 14.65 -0.21 0.01 0.17 0.94 1.00 0.79 0.50
8.00 6.13 277.31 163.44 428.07 -0.73 -0.71 0.57 0.90 0.61 0.43 0.75
12.00 40.87 213.69 -412.35 437.84 -0.44 -0.56 0.66 0.21 0.76 0.68 0.21
14.00 8.40 -390.91 -331.61 -6.11 -0.01 -0.38 -0.95 0.23 0.05 0.31 0.76
22.00 98.45 18.45 -681.74 -204.06 0.82 -0.41 -0.07 0.17 0.04 0.70 0.27
30.00 137.61 -248.86 -78.12 491.27 0.68 -0.70 0.40 0.54 0.98 0.16 0.03
19.00 79.83 -36.88 646.21 84.60 -0.88 0.84 -0.31 0.06 0.13 0.43 0.55
27.00 98.64 585.50 131.81 50.17 -0.58 0.68 -0.88 0.14 0.41 0.56 0.78
14.00 44.10 364.75 -442.60 489.19 0.34 -0.73 -0.80 0.46 0.17 0.72 0.32
6.00 1.27 12.41 -254.90 -369.80 -0.62 0.71 -0.11 0.87 0.51 0.63 0.90
11.00 0.27 -606.99 -236.94 -239.99 -0.21 -0.63 0.77 0.85 0.83 0.00 0.63
11.00 3.46 -741.06 84.50 252.99 0.95 -0.96 0.13 0.11 0.58 0.34 0.89
5.00 2.92 -386.41 156.45 237.99 0.34 -0.63 -0.32 0.14 0.93 0.65 0.19
8.00 17.99 -428.61 382.40 -475.69 -0.67 -0.98 0.21 0.91 0.23 0.72 0.15
19.00 47.67 -297.36 75.28 -346.49 -0.12 -0.56 0.65 0.16 0.26 0.79 0.67
11.00 19.94 190.10 -571.94 -5.35 -0.07 0.54 0.17 0.49 0.54 0.05 0.00
35.00 60.20 -171.40 -58.18 378.92 -0.97 0.72 0.64 0.72 0.05 0.65 0.71
12.00 11.37 -123.19 339.84 336.16 -0.62 -0.93 -0.03 0.00 0.35 0.08 0.05
14.00 12.23 -321.44 -67.88 -25.63 0.69 -0.61 -0.98 0.18 0.42 0.19 0.40
26.00 27.16 534.37 -64.06 297.72 0.48 0.03 -0.05 0.41 0.64 0.66 0.36
16.00 39.00 221.49 -241.26 468.39 0.59 -0.45 -0.24 0.01 0.92 0.63 0.04
11.00 20.31 400.56 272.59 -549.08 -0.78 -0.05 -0.11 0.18 0.29 0.46 0.43
11.00 10.89 -260.06 -223.36 17.61 0.98 -0.30 0.73 0.50 0.87 0.49 0.57
17.00 3.88 -605.29 297.37 234.36 0.39 0.33 -0.47 0.71 0.17 0.99 0.49
9.00 22.55 -27.89 7.76 517.80 -0.68 -0.69 -0.71 0.89 0.43 0.35 0.02
5.00 5.12 -55.20 -486.67 -519.91 0.56 0.39 -0.91 0.07 0.53 0.84 0.35
11.00 32.34 344.44 -447.00 1.38 -0.57 -0.46 0.87 0.14 0.43 0.26 0.71
8.00 17.08 667.47 207.73 367.46 -0.65 -0.61 -0.87 0.36 0.32 0.36 0.56
11.00 0.44 -264.26 672.71 -165.86 0.25 -0.27 -0.86 0.33 0.51 0.40 0.16
10.00 11.49 202.39 -491.99 -448.70 0.49 -0.42 -0.55 0.46 0.59 0.64 0.50
10.00 2.72 61.04 -404.83 552.99 -0.93 -0.66 0.00 0.81 0.13 0.49 0.99
13.00 48.13 -172.42 301.60 711.30 -0.77 -0.83 -0.01 0.33 0.66 0.82 0.64
12.00 16.58 -231.01 477.48 -71.62 -0.55 -0.51 0.04 0.51 0.44 0.62 0.08
13.00 4.47 59.84 -410.10 -118.02 -0.63 -0.44 0.54 0.31 0.99 0.72 1.00
9.00 0.25 434.40 220.75 207.65 0.59 -0.80 0.20 0.26 0.52 0.35 0.77
10.00 4.09 -423.39 -0.13 -465.80 0.12 -0.48 -0.53 0.82 1.00 0.41 0.06
9.00 20.97 94.36 -269.97 416.02 0.05 -0.11 0.99 0.56 0.85 0.75 0.23
12.00 10.28 549.67 393.32 -310.46 0.94 -0.69 -0.76 0.40 0.72 0.69 0.13
7.00 12.41 -536.54 -327.36 281.68 0.32 0.87 0.38 0.23 0.54 0.56 0.64
9.00 11.12 216.66 -679.86 -8.20 0.71 -0.86 0.16 0.04 0.36 0.28 0.48
5.00 6.26 -163.51 725.63 -169.01 -0.93 0.13 -0.19 0.57 0.45 0.04 0.75
5.00 4.30 381.42 -238.92 -579.44 -0.45 -0.11 -0.95 0.76 0.81 0.20 0.42
13.00 44.40 426.18 570.16 19.19 -0.22 -0.62 0.00 0.90 0.97 0.96 0.39
6.00 9.52 183.99 739.47 150.96 0.62 0.59 -0.50 0.53 0.86 0.21 0.14
6.00 8.00 144.73 -16.06 -640.08 0.49 -0.55 0.07 0.43 0.41 0.60 0.54
6.00 7.93 -177.30 189.62 -410.90 0.44 -0.38 -0.05 0.54 0.09 0.29 0.20
5.00 1.54 688.23 42.88 -79.35 0.29 0.21 -0.63 0.81 0.77 0.03 0.05
12.00 17.45 476.87 -477.17 -66.27 -0.00 -0.44 -0.09 0.48 0.10 0.60 0.39
5.00 1.96 -105.10 658.37 -428.80 -0.77 0.11 -0.45 0.82 0.15 0.23 0.60
7.00 7.43 96.58 -13.46 -686.48 0.06 0.71 0.79 0.71 0.14 0.44 0.04
26.00 111.81 -355.19 173.87 -606.38 -1.00 -0.54 0.00 0.42 0.47 0.23 0.52
16.00 17.79 265.87 -56.23 0.67 0.33 -0.30 0.09 0.48 0.36 0.31 0.20
6.00 1.77 -276.67 307.44 -674.85 -0.58 0.17 -0.05 0.18 0.53 0.57 0.06
5.00 2.46 277.92 -377.83 -250.70 0.47 0.53 0.30 0.33 0.27 0.69 0.06
6.00 0.22 -280.80 578.49 -327.24 0.80 -0.48 0.81 0.24 0.78 0.91 0.98
23.00 130.15 186.17 434.53 -382.42 0.45 0.84 -0.35 0.86 0.29 0.64 0.96
6.00 7.29 -295.46 162.52 248.68 -0.07 -0.65 0.76 0.21 0.85 0.86 0.20
8.00 16.64 434.46 151.16 235.54 -0.08 -0.91 0.79 0.13 0.36 0.34 0.33
6.00 4.93 -722.63 -87.08 -120.92 -0.96 0.02 0.78 0.26 0.23 0.71 0.78
10.00 24.71 -23.50 -102.56 -272.95 0.28 -0.37 -0.47 0.92 0.12 0.25 0.20
9.00 15.92 -56.83 512.66 390.84 -0.15 0.22 -0.86 0.61 0.93 0.85 0.85
13.00 3.56 -473.18 -29.53 -150.68 0.22 0.77 0.97 0.83 0.69 0.58 0.90
16.00 17.68 -708.05 181.52 114.14 -0.49 -0.00 -0.40 0.30 0.56 0.03 0.27
6.00 10.01 443.95 601.40 -51.18 -0.56 0.43 -0.82 0.60 0.31 0.40 0.70
6.00 6.23 -55.29 276.30 483.81 0.60 -0.68 -0.76 0.87 0.91 0.55 0.44
9.00 12.56 -172.42 233.41 -63.41 -0.50 0.63 0.83 0.94 0.93 0.43 0.61
17.00 39.40 60.38 165.90 67.09 0.37 0.86 0.55 0.14 0.94 0.31 0.94
26.00 113.70 -255.40 -520.13 37.03 -0.89 -0.27 0.02 0.23 0.16 0.98 0.59
20.00 76.89 -409.31 -358.99 -436.54 0.62 0.26 -0.55 0.03 0.93 0.52 0.38
12.00 9.25 -620.99 -150.24 456.14 0.78 0.56 0.04 0.98 0.97 0.41 0.15
6.00 8.98 -565.55 403.59 -330.69 0.24 -0.12 0.23 0.44 0.76 0.27 0.27
10.00 4.39 153.14 -204.44 166.50 0.87 -0.53 -0.19 0.83 0.03 0.24 0.99
11.00 19.16 -669.19 -153.10 -255.28 0.15 -0.22 -0.92 0.76 0.04 0.17 0.45
5.00 3.32 -271.28 -548.21 -345.42 -0.77 -0.87 0.73 0.57 0.72 0.62 0.42
6.00 4.05 -8.27 578.48 -312.89 -0.66 0.26 -0.59 0.46 0.96 0.10 0.19
16.00 49.16 -34.13 -481.29 448.31 -0.41 0.29 0.79 0.77 0.75 0.71 0.75
5.00 0.62 3.88 550.67 410.49 -0.46 -0.39 0.07 0.49 0.15 0.71 0.06
18.00 47.37 -172.23 550.46 369.86 -0.99 -0.44 0.46 0.46 0.97 0.89 0.30
6.00 3.09 -213.71 -35.69 449.22 0.32 0.85 -0.01 0.78 0.23 0.40 0.47
19.00 16.35 362.37 -254.58 -131.98 0.86 -0.26 0.25 0.13 0.87 0.16 0.73
18.00 18.84 -477.46 375.78 139.20 -0.90 -0.15 0.41 0.55 0.64 0.59 0.71
13.00 23.28 482.95 498.35 41.43 0.11 -0.60 0.10 0.65 0.03 0.40 0.06
11.00 19.65 464.34 -277.70 326.57 -0.81 -0.40 -0.34 0.14 0.43 0.64 0.74
11.00 32.89 337.55 699.58 87.65 0.69 -0.84 0.95 0.51 0.84 0.41 0.32
30.00 114.18 -319.40 396.29 433.22 -0.32 0.58 -0.49 0.04 0.27 0.37 0.20
10.00 26.46 -578.04 -392.77 -183.27 -0.81 0.95 -0.18 0.61 0.02 0.57 0.58
19.00 60.49 85.97 -199.15 -284.97 0.37 -0.86 0.80 0.14 0.16 0.24 0.43
17.00 7.34 -493.56 -40.15 286.77 -0.72 0.52 0.24 0.85 0.11 0.28 0.09
7.00 5.37 48.06 700.85 57.55 0.24 0.99 -0.54 0.03 0.34 0.38 0.87
14.00 0.39 -199.16 125.45 -236.82 0.91 0.50 -0.08 0.95 0.30 0.46 0.05
13.00 41.43 -564.58 460.14 -18.99 0.25 0.35 0.55 0.53 0.53 0.13 0.12
6.00 0.41 -482.66 -524.01 245.65 0.74 -0.37 0.14 0.53 0.90 0.23 0.34
5.00 4.78 -117.52 -385.31 -232.39 0.25 0.86 -0.59 0.94 0.86 0.01 0.71
6.00 9.10 -655.27 321.02 95.16 -0.95 0.27 -0.04 0.99 0.58 0.04 0.78
24.00 123.83 123.58 -413.65 16.03 -0.29 0.50 -0.45 0.57 0.36 0.50 0.47
20.00 50.30 53.56 524.22 453.26 0.06 -0.28 -0.42 0.98 0.80 0.66 0.97
7.00 1.37 -89.83 532.19 -49.82 0.76 0.37 -0.21 0.24 0.49 0.43 0.30
12.00 23.62 200.34 24.21 -111.30 -0.66 -0.54 -0.91 0.85 0.29 0.90 0.25
23.00 68.97 72.58 -497.91 -549.01 -0.52 0.22 -0.36 0.33 0.49 0.78 0.66
11.00 28.54 -195.82 298.99 -197.37 -0.39 -0.50 -0.14 0.03 0.13 0.38 0.57
9.00 12.37 33.90 587.30 134.37 -0.39 0.40 0.86 0.28 0.84 0.20 0.68
5.00 6.20 658.83 -411.95 -76.11 0.65 -0.15 0.64 0.08 0.28 0.48 0.42
9.00 13.35 400.76 456.19 345.45 -0.37 0.31 0.80 0.36 0.83 0.07 0.13
10.00 3.81 125.97 -569.10 341.29 -0.54 0.69 -0.47 0.84 0.38 0.54 0.15
15.00 19.26 -213.77 -520.36 -471.73 -0.97 -0.82 -0.76 0.32 0.71 0.81 0.62
29.00 63.54 -206.94 403.06 290.12 -0.82 -0.91 -0.63 0.72 0.12 0.26 0.04
16.00 62.32 425.65 268.63 550.86 0.68 -0.21 -0.08 0.54 0.75 0.67 0.54
12.00 9.94 218.68 38.27 -695.93 -0.15 -0.75 -0.34 0.26 0.81 0.62 0.21
13.00 31.67 -678.14 83.31 10.11 -0.48 -0.89 -0.18 0.30 0.84 0.53 1.00
6.00 3.61 155.79 -457.78 -162.01 0.55 0.43 -0.24 0.30 0.32 0.77 0.72
34.00 317.70 156.01 37.08 -471.43 -0.32 0.95 -0.39 0.41 0.34 0.26 0.11
13.00 31.15 -558.23 -398.25 -349.22 0.91 0.56 0.66 0.41 0.07 0.87 0.79
31.00 169.82 312.88 376.60 -170.03 -0.40 -0.81 0.37 0.15 0.61 0.57 0.38
6.00 2.47 314.92 -146.10 -48.21 0.43 0.49 -0.26 0.17 0.99 0.96 0.24
7.00 3.84 431.15 -153.80 -458.74 -0.25 0.47 0.29 0.71 0.45 0.94 0.88
10.00 15.31 164.66 62.58 486.10 0.88 0.74 -0.54 0.02 0.99 0.59 0.26
5.00 4.64 -161.56 -178.29 -328.59 0.51 -0.57 -0.00 0.46 0.69 0.63 0.90
18.00 13.73 -537.77 -26.88 -210.45 -0.74 0.81 -0.12 0.68 0.82 0.48 0.49
5.00 4.49 460.29 -312.43 -176.65 0.54 -0.48 -0.28 0.75 0.46 0.97 0.06
10.00 6.00 -588.16 283.10 -323.86 -0.89 0.89 0.79 0.04 0.87 0.67 0.79
10.00 12.62 -178.53 -571.97 467.75 -0.81 0.53 -0.55 0.20 0.00 0.16 0.01
29.00 169.65 196.46 204.36 -654.61 -0.32 -0.49 0.16 0.77 0.91 0.05 0.53
9.00 14.90 -114.92 110.53 -308.51 0.21 -0.64 -0.80 0.50 0.66 0.61 0.36
29.00 63.54 -384.76 -17.74 -16.61 -0.42 -0.81 0.14 0.41 0.78 0.03 0.85
6.00 2.47 21.05 624.26 149.53 -0.11 0.97 0.70 0.04 0.54 0.06 0.35
6.00 0.64 -269.62 118.70 -372.93 -0.21 -0.52 0.09 0.09 0.48 0.32 0.96
10.00 15.39 349.77 -372.08 -53.63 0.21 -0.79 0.70 0.52 0.88 0.06 0.25
29.00 59.90 -469.05 -615.39 -199.58 0.72 0.60 0.76 0.20 0.03 0.08 0.59
25.00 22.16 -0.42 -33.15 -797.09 0.41 -0.78 -0.51 0.68 0.73 0.93 0.96
8.00 6.04 -523.73 189.18 -499.77 0.81 0.14 -0.68 0.76 0.04 0.97 0.28
7.00 5.73 212.33 657.56 -306.90 -0.26 -0.43 -0.71 0.63 0.83 0.45 0.50
9.00 7.94 520.12 -103.50 554.16 -0.05 0.23 -0.10 0.61 0.05 0.23 0.04
25.00 167.07 -291.80 366.91 -337.98 0.71 0.74 -0.13 0.97 0.28 0.22 0.36
17.00 51.21 -354.97 445.27 -331.85 -0.83 -0.63 0.04 0.87 0.49 0.85 0.20
14.00 2.00 -360.01 -545.34 340.09 0.39 0.13 -0.53 0.98 0.75 0.36 0.87
17.00 34.28 -176.25 457.55 544.13 -0.62 -0.37 -0.98 0.21 0.07 0.91 0.19
8.00 16.81 -768.98 -131.13 -133.52 -0.15 0.80 -0.41 0.82 0.25 0.65 0.28
6.00 6.43 404.90 271.92 -247.03 0.98 0.00 0.38 0.67 0.00 0.42 0.03
10.00 7.51 -144.33 650.19 -421.56 -0.66 0.10 -0.65 0.75 0.43 0.67 0.63
14.00 3.06 -128.47 15.80 -503.40 -0.71 -0.58 0.99 0.86 0.37 0.51 0.39
10.00 8.44 627.37 -40.87 104.91 -0.66 -0.84 0.02 0.60 0.57 0.18 0.26
12.00 24.18 136.15 -297.06 655.59 0.92 0.41 -0.11 0.22 0.61 0.04 0.47
7.00 11.95 266.42 -598.21 -188.89 0.87 -0.61 0.59 0.02 0.39 0.84 0.96
19.00 13.61 -77.88 -491.17 619.66 0.29 -0.35 0.42 0.09 0.14 0.90 0.24
8.00 3.64 -122.11 -55.61 -722.26 0.35 -0.95 -0.58 0.65 0.39 0.93 0.11
7.00 4.35 305.82 208.74 -295.55 0.31 0.82 0.06 0.64 0.92 0.75 0.11
12.00 5.72 517.86 123.94 454.93 -0.72 -0.50 -0.18 0.26 0.05 0.11 0.36
5.00 2.23 -152.23 -417.89 48.62 0.07 -0.67 -0.63 0.42 0.04 0.28 0.55
12.00 15.78 282.64 -416.56 -559.72 -0.31 0.87 -0.78 0.78 0.15 0.69 0.15
5.00 7.01 374.03 75.80 654.05 0.90 0.06 0.43 0.13 0.11 0.84 0.52
14.00 43.71 80.42 -383.75 427.28 -0.62 -0.39 0.49 0.01 0.62 0.12 0.80
9.00 13.11 -78.81 428.89 359.50 -0.51 -0.50 0.70 0.71 0.78 0.24 0.89
7.00 0.93 -193.99 202.70 436.78 -0.28 -0.37 -0.28 0.88 0.29 0.10 0.82
8.00 7.94 114.00 -258.22 -506.26 0.25 -0.50 0.57 0.84 0.11 0.77 0.76
20.00 27.74 68.09 -194.99 -499.99 -0.51 0.66 -0.91 0.83 0.94 0.89 0.81
13.00 41.80 -458.98 -223.30 117.11 -0.64 -0.43 -0.08 0.89 0.36 0.36 0.24
13.00 25.54 -391.10 544.38 233.85 0.74 -0.14 0.17 0.75 0.81 0.79 0.83
37.00 145.75 -565.79 42.16 -382.93 -0.07 -0.90 -0.93 0.94 0.20 0.70 0.27
18.00 51.95 52.95 -596.36 193.78 -0.38 -0.78 -0.39 0.19 0.56 0.12 0.88
5.00 6.76 -433.33 -215.94 599.36 -0.00 0.17 0.96 0.89 0.36 0.46 0.85
11.00 4.69 -10.14 252.48 397.57 0.86 -0.83 0.80 0.55 0.22 0.08 0.50
5.00 6.02 251.97 732.73 -118.01 -0.99 -1.00 -0.47 0.84 0.48 0.56 0.46
5.00 2.34 -108.57 -690.92 -81.11 -0.84 -0.01 -0.97 0.02 0.83 0.32 0.03
6.00 2.27 52.31 -266.92 -746.72 0.55 0.59 0.08 0.59 0.82 0.08 0.64
10.00 12.62 34.93 577.14 -457.98 -0.96 -0.10 0.03 0.31 0.16 0.78 0.52
8.00 17.06 -50.48 -49.67 -489.19 0.72 -0.82 0.36 0.20 0.25 0.15 0.73
8.00 10.79 -422.81 559.10 170.90 0.86 0.84 -0.59 0.55 0.02 0.58 0.90
8.00 7.64 -290.85 57.34 -567.38 0.35 -0.96 0.55 0.69 0.76 0.99 0.69
27.00 112.94 -570.48 480.79 -166.47 0.36 0.66 0.70 0.86 0.54 0.96 0.42
8.00 9.03 716.96 -268.46 -119.57 0.89 -0.72 -0.55 0.65 0.02 0.17 0.86
11.00 10.21 -394.03 -89.91 -298.06 0.53 -0.44 -0.17 0.22 0.68 0.82 0.92
5.00 6.64 111.26 143.54 -170.66 0.21 -0.35 0.56 0.45 0.60 0.47 0.41
17.00 64.01 167.48 -551.27 -129.43 -0.88 0.09 -0.63 0.57 0.83 0.39 0.74
7.00 13.29 684.08 -317.39 63.27 0.30 -0.32 -0.41 0.33 0.51 0.80 0.11
19.00 63.68 633.15 107.07 362.55 -0.23 0.33 -0.20 0.96 0.15 0.80 0.64
14.00 14.67 14.01 -672.13 334.08 0.21 0.63 0.98 0.03 0.93 0.00 0.01
15.00 52.41 505.25 -438.55 -86.24 0.79 0.28 0.07 0.80 0.54 0.68 0.89
20.00 51.68 -431.85 -162.22 380.07 -0.52 -0.20 0.85 0.77 0.39 0.95 0.74
13.00 4.60 -555.65 -110.49 -111.71 -0.35 -0.10 -0.55 0.24 0.43 0.71 0.70
15.00 11.52 -325.88 100.44 55.36 0.99 0.93 -0.84 0.45 0.79 0.07 0.98
21.00 121.12 247.81 490.94 -293.30 0.33 -0.89 -0.57 0.67 0.97 0.54 0.04
7.00 3.88 -587.62 312.48 -255.50 -0.53 -0.78 0.33 0.62 0.48 0.90 0.55
19.00 94.34 331.38 -432.71 528.47 -0.97 0.13 0.21 0.19 0.97 0.35 0.12
10.00 7.82 401.20 -53.75 114.84 -0.48 -0.96 -0.58 0.73 0.23 0.96 0.77
15.00 34.06 261.28 198.59 210.34 0.86 0.68 -0.96 0.59 0.09 0.15 0.50
8.00 7.58 332.94 155.11 -510.47 -0.35 0.26 -0.80 0.58 0.60 0.48 0.99
9.00 22.54 -738.11 142.86 16.58 0.13 0.98 -0.47 0.65 0.51 0.02 0.24
25.00 76.75 -216.78 -587.14 327.30 0.08 -0.00 0.06 0.60 0.93 0.70 0.91
6.00 4.79 -588.01 -101.23 -275.52 0.31 0.92 -0.63 0.07 0.19 0.37 0.79
5.00 3.88 8.37 -440.64 145.13 0.23 0.85 0.53 0.22 0.08 0.88 0.98
6.00 4.75 252.81 325.31 -653.00 0.14 -0.17 -0.55 0.91 0.15 0.14 0.18
37.00 293.80 104.43 -646.14 -290.61 0.98 -0.52 0.26 0.56 0.12 0.10 0.13
16.00 25.26 354.61 -12.12 -92.12 -0.70 0.10 0.44 0.64 0.67 0.54 0.34
10.00 0.74 629.46 41.41 423.46 -0.24 -0.24 -0.06 0.12 0.49 0.08 0.45
8.00 4.67 37.49 -339.32 521.50 -0.44 0.42 -0.21 0.06 0.60 0.71 0.28
5.00 5.06 -247.58 -67.49 -357.44 0.70 -0.39 0.03 0.23 0.11 0.68 0.46
9.00 1.78 295.21 369.56 566.98 0.91 0.40 0.16 0.92 0.59 0.41 0.89
8.00 11.89 -172.75 -248.30 479.78 -0.12 0.25 0.57 0.36 0.27 0.59 0.69
12.00 23.96 -631.31 -97.59 6.78 0.67 -0.80 0.79 0.63 0.32 0.16 0.15
8.00 2.04 8.93 743.14 43.37 0.09 -0.82 0.42 0.79 0.38 0.78 0.42
9.00 1.66 -247.19 -576.39 247.54 -0.93 -0.45 0.86 0.37 0.67 0.02 0.13
7.00 9.05 39.75 -653.97 421.25 1.00 -0.73 0.18 0.37 0.21 0.95 0.50
7.00 2.35 453.18 -567.49 -311.72 -0.68 0.74 -0.10 0.18 0.80 0.93 0.06
23.00 58.65 -726.29 122.65 202.01 -0.56 0.26 0.67 0.59 0.40 0.90 0.08
10.00 11.54 368.13 -622.20 239.62 -0.14 0.25 -0.57 0.04 0.63 0.02 0.36
5.00 3.74 -143.82 -476.11 -504.43 -0.94 0.64 0.00 0.33 0.11 0.94 0.21
11.00 16.71 -58.43 209.04 -164.92 -0.28 -0.64 -0.22 0.86 0.84 0.60 1.00
13.00 46.73 556.70 234.51 -522.53 0.59 -0.10 0.84 0.42 0.75 0.51 0.45
5.00 5.84 503.78 -188.75 152.10 -0.29 -0.94 -0.74 0.19 0.97 0.92 0.19
7.00 12.92 257.44 601.46 245.61 -0.98 -0.11 0.82 0.56 0.77 0.44 0.45
18.00 3.05 501.61 -57.93 -110.03 0.39 0.64 0.47 0.25 0.66 0.41 0.84
12.00 25.67 382.21 267.68 -213.69 -0.13 0.05 0.06 0.02 0.81 0.90 0.66
12.00 7.65 524.37 68.06 142.45 -0.76 -0.83 0.45 0.81 0.00 0.92 0.88
6.00 3.42 183.56 -289.14 147.83 0.87 0.04 -0.94 0.00 0.18 0.65 0.28
10.00 0.99 23.96 -214.22 312.49 -0.84 0.09 -0.64 0.30 0.35 0.15 0.32
15.00 11.64 511.91 -31.42 266.23 0.98 0.33 0.02 0.55 0.50 0.34 0.88
34.00 1.11 -705.29 -291.24 -210.66 0.70 0.26 -0.47 0.08 0.03 0.95 0.01
25.00 17.37 -692.15 17.96 -191.29 0.63 0.98 -0.33 0.70 0.74 0.72 0.84
36.00 50.40 145.79 -90.87 -162.40 -0.03 -0.39 0.38 0.91 0.18 0.39 0.59
13.00 22.50 -96.23 393.28 125.57 0.43 0.48 0.65 0.97 0.66 0.50 0.28
7.00 8.19 -58.68 -40.39 738.85 0.63 0.64 -0.74 0.81 0.60 0.29 0.04
9.00 5.49 513.59 347.33 183.50 -0.88 0.60 -0.79 0.17 0.97 0.75 0.10
5.00 4.05 -582.04 -368.98 -377.36 -0.27 -0.17 -0.77 0.25 0.48 0.21 0.83
12.00 36.47 -274.43 67.30 -269.37 0.50 -0.47 -0.02 0.14 0.53 0.81 0.16
30.00 249.52 -476.24 -176.00 -405.57 0.75 -0.35 -0.44 0.85 0.17 0.56 0.14
13.00 44.85 86.18 220.77 165.38 0.55 0.99 0.42 0.93 0.02 0.94 0.21
13.00 0.01 317.00 -39.59 -342.35 -0.70 -0.99 0.58 0.52 0.88 0.48 0.53
22.00 52.37 214.15 268.42 -521.08 0.32 -0.13 0.14 0.66 0.53 0.04 0.12
12.00 13.61 623.06 -292.99 139.11 -0.34 -0.08 -0.32 0.47 0.45 0.07 0.89
8.00 5.10 -360.24 480.45 136.87 0.44 0.18 -0.95 0.16 0.73 0.99 0.90
20.00 57.91 133.96 -233.32 48.84 -0.93 -0.02 0.90 0.03 0.35 0.48 0.53
11.00 13.58 429.06 -5.68 163.25 -0.83 -0.25 -0.95 0.12 0.13 0.72 0.51
15.00 5.90 -203.18 -30.03 163.10 0.62 -0.08 0.51 0.26 0.94 0.91 0.89
10.00 22.25 484.41 242.88 -94.28 -0.67 0.10 0.90 0.07 0.53 0.29 0.57
8.00 11.13 458.89 11.02 -307.05 -0.88 -0.01 -0.15 0.77 0.47 0.64 0.48
16.00 18.28 308.03 -606.67 19.06 0.61 -0.00 0.91 0.09 0.26 0.38 0.11
19.00 100.51 169.50 173.73 74.79 0.02 -0.90 0.78 0.31 0.79 0.38 0.37
11.00 21.56 178.64 -523.82 474.08 0.28 0.65 0.01 0.35 0.71 0.19 0.05
7.00 11.66 357.15 487.28 332.56 0.16 -0.01 0.25 0.50 0.41 0.26 0.16
14.00 21.14 -215.68 40.49 -37.87 0.17 0.54 0.34 0.31 0.20 0.41 0.80
30.00 11.88 -433.48 113.96 -135.11 -0.44 0.63 -0.11 0.45 0.67 0.68 0.27
9.00 15.98 507.05 191.83 27.48 -1.00 0.36 -0.97 0.84 0.58 0.29 0.57
6.00 6.38 -578.41 -54.39 402.79 0.42 0.57 -0.05 0.15 0.19 0.11 0.39
8.00 13.76 286.27 252.58 -676.46 -0.48 0.08 0.62 0.90 0.55 0.45 0.58
30.00 145.20 -318.34 87.88 -4.51 0.43 -0.33 0.82 0.32 0.55 0.46 0.37
15.00 22.17 -80.35 175.88 234.47 0.49 0.16 0.37 0.20 0.93 0.17 0.68
18.00 48.33 -70.03 -373.45 -604.89 -0.42 0.26 -0.04 0.72 0.79 0.34 0.05
17.00 14.81 564.56 -90.05 155.61 -0.01 -0.10 0.09 0.51 0.03 0.12 0.16
9.00 19.66 369.54 -393.36 24.97 -0.37 0.52 0.77 0.62 0.51 0.28 0.69
14.00 12.73 -500.35 38.02 -479.73 -0.69 0.97 0.97 0.15 0.39 0.67 0.82
5.00 1.37 -492.18 312.94 -129.43 0.88 -0.54 0.17 0.71 0.90 0.72 0.70
24.00 30.45 -10.48 121.87 530.48 -0.08 -0.16 0.07 0.00 0.03 0.70 0.92
11.00 0.56 -577.37 -350.62 130.34 0.70 0.21 0.80 0.87 0.73 0.46 0.40
5.00 6.04 -350.76 228.27 -223.43 0.86 0.40 0.14 0.51 0.70 0.61 0.03
29.00 88.61 -80.99 94.25 -618.14 0.94 -0.57 -0.63 0.23 0.81 0.48 0.52
5.00 0.63 254.62 306.51 187.67 -0.56 0.24 -0.46 0.40 0.45 1.00 0.09
7.00 5.83 -240.95 508.59 -247.55 -0.32 -0.91 -0.63 0.69 0.65 0.02 0.87
7.00 1.14 -164.63 76.07 -518.23 -0.33 -0.12 0.91 0.17 0.89 0.92 0.63
16.00 23.68 -148.13 612.77 15.33 -0.16 -0.20 0.34 0.75 0.53 0.73 0.04
12.00 22.29 152.29 273.14 0.66 0.26 -0.39 0.06 0.84 0.98 0.60 0.22
5.00 5.68 -279.45 136.79 575.21 0.23 0.70 -0.59 0.40 0.25 0.99 0.35
16.00 31.48 -261.22 -75.44 -601.98 0.94 0.40 0.40 0.13 0.46 0.83 0.94
9.00 6.52 555.83 -133.33 -461.23 0.86 -0.42 0.28 0.43 0.92 0.20 0.17
5.00 2.51 -460.28 -88.38 -421.95 -0.29 -0.59 0.41 0.66 0.63 0.12 0.66
16.00 71.25 -291.42 -103.20 -15.69 -0.89 -0.17 -0.93 0.07 0.40 0.02 0.84
8.00 16.67 180.70 163.94 -747.83 -0.83 0.31 0.82 0.19 0.67 0.83 0.73
7.00 6.64 -598.10 -382.35 191.64 -0.07 -0.37 -0.53 0.05 0.06 0.33 0.31
19.00 46.96 533.90 448.35 -361.03 0.98 0.85 0.70 0.04 0.04 0.67 0.87
13.00 27.42 -374.42 574.67 -279.27 0.74 0.17 0.19 0.40 0.95 0.94 0.33
18.00 14.09 353.75 -119.36 -636.61 -0.36 0.22 -0.53 0.82 0.14 0.21 0.87
5.00 0.92 -248.79 -256.89 -632.12 0.17 0.36 -0.23 0.26 0.66 0.94 0.88
5.00 3.56 -484.69 -369.40 486.58 -0.80 -0.70 -0.21 0.70 0.55 0.96 0.02
33.00 195.93 -434.58 -425.86 479.49 0.27 0.93 0.58 0.24 0.26 0.15 0.49
9.00 11.03 -152.79 -280.07 -599.14 0.90 0.43 -0.85 0.93 0.96 0.79 0.45
21.00 107.86 -76.68 -131.67 -325.42 -0.45 -0.30 0.66 0.49 0.62 0.22 0.37
12.00 6.80 207.71 297.59 -578.18 0.84 0.45 0.71 0.86 0.86 0.04 0.86
22.00 99.31 -466.39 -490.19 -419.24 -0.56 -0.29 0.48 0.99 0.21 0.91 0.38
10.00 19.33 426.39 -540.86 261.91 -1.00 -0.90 0.92 0.11 0.75 0.96 0.95
16.00 44.86 -523.17 -70.74 -97.11 -0.43 0.39 0.64 0.43 0.79 0.32 0.26
18.00 14.22 -324.75 94.99 111.08 0.10 -0.78 -0.32 0.98 0.99 0.01 0.09
13.00 15.23 462.18 -152.44 246.63 -0.51 0.49 -0.20 0.10 0.92 0.36 0.78
10.00 4.91 -104.42 -626.45 -455.63 -0.31 0.92 -0.77 0.78 0.21 0.15 0.61
11.00 22.68 22.58 187.94 -750.16 -0.50 0.93 -0.41 0.78 0.82 0.11 0.48
11.00 9.05 100.46 251.59 242.39 -0.86 0.34 0.35 0.31 0.70 0.06 0.68
6.00 1.83 416.07 -36.25 317.09 0.94 0.51 -0.03 0.28 0.77 0.64 0.60
5.00 0.40 449.38 275.22 -71.89 -0.53 0.52 -0.82 0.77 0.50 0.02 0.71
10.00 22.79 5.70 -228.68 -609.55 0.89 0.63 -0.18 0.73 0.73 0.94 0.18
15.00 59.62 40.77 530.70 403.55 0.33 -0.08 0.15 0.01 0.41 0.30 0.59
12.00 13.47 644.97 57.26 469.58 -0.89 0.14 -0.91 0.14 0.61 0.09 0.51
5.00 6.94 10.10 725.66 -250.94 -0.34 0.16 0.89 0.68 0.06 0.68 0.58
15.00 10.72 69.88 -361.31 340.05 -0.32 -0.90 0.72 0.07 0.25 0.08 0.07
11.00 19.10 91.02 -61.68 569.49 0.28 -0.37 -0.79 0.82 0.59 0.49 0.70
12.00 34.88 117.17 -380.53 -86.12 0.44 0.89 0.73 0.06 0.54 0.29 0.78
6.00 4.62 -37.50 -729.94 93.88 0.15 0.51 0.11 0.51 0.84 0.80 0.05
15.00 44.97 -534.98 -47.91 -570.43 0.36 0.89 -0.82 0.70 0.60 0.63 0.12
8.00 6.84 -13.95 397.42 71.86 0.97 -0.79 -0.58 0.19 0.21 0.51 0.15
11.00 8.75 -659.31 -166.26 345.00 -0.74 0.93 0.30 0.78 0.90 0.51 0.38
31.00 142.11 -324.61 -335.31 -25.77 0.96 0.44 0.67 0.45 0.85 0.41 0.02
25.00 117.05 393.21 505.40 -6.75 0.04 -0.01 -0.54 0.32 0.44 0.84 0.54
11.00 4.63 42.83 -89.45 -39.56 0.83 0.80 0.22 0.18 0.30 0.34 0.39
14.00 44.36 -360.30 116.88 62.99 0.05 -0.71 -0.35 0.54 0.80 0.93 0.34
5.00 1.38 254.73 694.33 -76.05 -0.73 0.41 -0.40 0.55 0.46 0.23 0.42
7.00 6.06 119.66 718.05 -288.29 0.84 0.40 0.67 0.73 0.26 0.19 0.15
9.00 2.09 253.16 -498.05 132.60 -0.34 0.99 -0.16 0.66 0.06 0.27 0.65
11.00 8.30 375.98 -273.30 -311.29 0.23 -0.24 -0.11 0.07 0.92 0.35 0.68
7.00 11.93 -438.12 487.80 233.69 -0.48 -0.49 -0.44 0.70 0.14 0.21 0.64
9.00 18.71 67.07 -287.57 -295.48 -0.97 0.70 -0.22 0.26 0.63 0.87 0.75
18.00 59.07 -380.98 208.35 -362.14 -0.80 0.36 0.12 0.61 0.54 0.81 0.11
5.00 4.14 403.75 -383.20 135.62 -0.13 -0.98 -0.02 0.43 0.55 0.35 0.55
23.00 73.26 35.45 -214.11 457.75 -0.75 0.49 -0.28 0.77 0.46 0.95 0.97
20.00 51.81 -253.40 -432.20 -312.18 0.83 0.05 -0.40 0.07 0.51 0.19 0.42
5.00 6.62 345.05 -220.18 -94.06 -0.59 0.29 0.89 0.57 0.06 0.35 0.43
7.00 13.48 62.83 -176.10 -559.43 -0.74 -0.50 0.98 0.39 0.90 0.41 0.66
12.00 35.22 -89.09 330.87 170.65 0.59 -0.37 0.71 0.92 0.98 0.77 0.48
5.00 1.70 -409.70 67.35 622.00 -0.34 -0.77 0.60 0.42 0.92 0.07 0.18
19.00 27.99 -339.04 511.30 -249.78 0.92 0.32 -0.92 0.12 0.17 0.60 0.94
17.00 3.73 54.88 -542.78 296.48 -0.18 0.91 0.61 0.20 0.79 0.11 0.91
33.00 240.16 485.50 342.45 -221.15 0.94 -0.61 -0.01 0.66 0.68 0.93 0.02
16.00 50.43 -376.87 -105.15 416.58 -0.75 0.79 0.89 0.52 0.85 0.99 0.24
11.00 1.78 283.21 -700.98 -47.38 -0.65 0.19 -0.03 0.56 0.58 0.74 0.80
26.00 39.93 -144.25 -308.46 53.06 -0.95 0.46 -0.48 0.49 0.23 0.92 0.86
12.00 6.33 -86.48 -498.86 80.29 -0.70 -0.40 0.01 0.72 0.77 0.07 0.45
15.00 12.55 -396.02 43.47 373.32 0.87 -0.13 0.18 0.90 0.58 0.41 0.11
27.00 91.40 369.66 -259.10 1.82 0.08 0.86 -0.99 0.78 0.11 0.26 0.49
12.00 19.39 -118.88 -594.70 384.10 0.06 0.74 -0.19 0.07 0.51 0.55 0.17
15.00 27.70 119.61 676.09 320.93 0.74 0.48 0.71 0.22 0.80 0.38 0.38
11.00 8.12 -304.02 338.78 98.87 -0.16 -0.96 -0.00 0.75 0.01 0.21 0.47
16.00 30.80 94.78 -20.02 300.87 0.68 0.55 -0.67 0.01 0.56 0.20 0.46
16.00 61.33 341.38 128.87 -535.81 0.84 -0.18 -0.43 0.57 0.63 0.80 0.86
12.00 38.17 -518.87 -503.89 -335.91 -0.18 0.15 -0.39 0.51 0.48 0.27 0.70
5.00 2.15 58.00 -268.75 -270.98 -0.60 -0.79 -0.78 0.39 0.12 0.96 0.61
5.00 1.39 -514.10 27.75 -288.79 -0.40 -0.02 -0.52 0.83 0.91 0.28 0.12
11.00 13.31 -157.60 -6.02 304.77 0.29 -0.06 -0.03 0.43 0.70 0.35 0.76
18.00 85.68 -219.32 448.64 15.58 -0.54 -0.15 -0.74 0.90 0.46 0.98 0.29
9.00 12.44 -704.93 -259.14 236.52 0.05 0.60 0.92 0.45 0.34 0.22 0.70
22.00 62.98 499.47 34.54 170.35 0.58 -0.77 0.15 0.64 0.63 0.98 0.08
7.00 4.48 -440.83 511.76 -372.51 0.06 0.43 -0.74 0.68 0.34 0.77 0.85
14.00 48.99 -44.34 604.55 -106.62 0.57 -0.19 -0.46 0.85 0.64 0.45 0.99
6.00 7.68 -533.48 477.53 241.88 -0.36 -0.66 -0.58 0.15 0.61 0.29 0.44
10.00 16.54 -54.27 -408.33 481.74 0.28 0.22 -0.88 0.78 0.54 0.40 0.63
20.00 51.92 -18.79 -10.81 -471.63 -0.27 0.17 0.30 0.65 0.80 0.41 0.88
18.00 72.58 348.04 101.49 -624.65 -0.38 -0.26 0.32 0.29 0.95 0.50 0.57
12.00 2.67 250.03 -167.36 698.12 0.79 -0.62 -0.74 0.22 0.47 0.44 0.87
6.00 0.47 -598.46 -257.60 -188.00 -0.09 -0.00 0.52 0.16 0.12 0.32 0.81
17.00 2.09 -664.34 146.36 106.11 0.07 -0.18 0.81 0.93 0.53 0.12 0.73
9.00 1.79 10.72 -493.16 -32.23 -0.38 0.26 -0.19 0.25 0.41 0.63 0.95
20.00 53.24 -73.46 268.65 525.59 0.90 -0.20 -0.85 0.61 0.83 0.68 0.14
5.00 1.73 -330.31 -420.83 232.80 0.17 -0.39 0.37 0.80 0.73 0.12 0.83
19.00 25.44 476.44 -475.00 -164.15 0.59 0.18 -0.67 0.18 0.03 0.88 0.57
8.00 1.70 -267.44 451.90 -186.20 0.16 -0.63 0.30 0.63 0.54 0.72 0.46
21.00 4.87 -23.68 433.91 143.36 0.98 -0.89 0.95 0.37 0.83 0.53 0.40
8.00 0.48 -237.45 73.76 -136.99 0.56 -0.26 -0.34 0.08 0.61 0.26 0.57
25.00 57.00 277.87 -634.10 -298.53 -0.22 0.02 0.28 0.88 0.30 0.07 0.74
11.00 16.26 -268.90 -321.60 280.85 -0.43 0.88 0.04 0.43 0.02 0.10 0.94
17.00 56.76 -667.17 87.53 -341.54 0.43 0.90 -0.40 0.12 0.10 0.72 0.76
6.00 1.96 497.80 -161.17 -556.80 -0.67 0.07 -0.55 0.87 0.38 0.46 0.83
22.00 64.93 -703.79 123.16 316.59 0.87 0.49 -0.81 0.33 0.70 0.11 0.41
20.00 97.81 -237.49 119.53 -440.51 -0.49 -0.47 -0.89 0.05 0.08 0.11 0.29
12.00 31.51 -226.88 550.73 138.62 0.60 0.98 -0.35 0.34 0.80 0.41 0.55
10.00 6.71 391.97 450.53 369.09 -0.17 0.56 -0.58 0.73 0.91 0.75 0.43
24.00 0.49 -528.58 -27.64 -257.38 -0.63 0.36 0.79 0.31 0.52 0.88 0.90
5.00 5.20 -687.39 -43.31 -48.63 -0.46 0.79 0.72 0.96 0.11 0.71 0.15
6.00 2.10 -383.79 -442.71 -333.76 -0.03 -0.79 0.79 0.13 0.11 0.13 0.38
6.00 0.16 776.15 189.74 25.69 -0.23 0.99 -0.99 0.87 0.28 0.56 0.09
5.00 6.27 -56.80 -415.62 -263.02 0.97 -0.90 0.04 0.90 0.90 0.83 0.86
23.00 77.86 -151.84 490.91 384.74 -0.21 -0.53 0.38 0.87 0.58 0.90 0.05
7.00 5.59 474.65 381.90 -94.39 0.40 -0.53 -0.17 0.87 0.50 0.76 0.24
11.00 23.14 19.82 -236.29 209.18 0.72 -0.67 0.09 0.29 0.61 0.23 0.28
7.00 0.75 97.28 -308.90 -671.53 0.62 -0.32 -0.88 0.90 0.15 0.38 0.18
15.00 3.58 -627.68 47.16 247.88 0.54 -0.79 -0.48 0.12 0.56 0.84 0.93
19.00 8.90 -89.14 709.92 -3.79 -0.82 0.24 0.58 0.58 0.41 0.48 0.31
18.00 42.47 -668.47 -271.75 -44.18 -0.21 -0.91 0.28 0.98 0.07 0.28 0.50
12.00 34.20 -738.21 85.20 282.85 0.50 0.44 0.20 0.35 0.52 0.91 0.94
10.00 4.85 469.55 231.29 140.37 0.38 -0.44 0.58 0.69 0.39 0.23 0.16
20.00 68.23 207.35 240.32 -92.75 -0.55 -0.27 -0.67 0.83 0.21 0.48 0.98
11.00 32.45 667.82 -273.79 -134.35 0.54 0.50 0.34 0.18 0.54 0.18 0.13
6.00 2.10 -581.58 273.97 -140.66 -0.73 0.64 -0.63 0.53 0.13 0.27 0.61
17.00 5.81 120.26 145.08 -69.60 0.98 -0.13 -0.55 0.18 0.19 0.21 0.67
26.00 97.25 -202.13 19.83 -689.90 0.40 0.82 -0.31 0.16 0.86 0.39 0.93
13.00 4.58 31.83 430.21 -209.78 0.70 -0.91 0.70 0.61 0.34 0.24 0.41
21.00 25.58 -458.88 428.91 -492.69 0.29 -0.65 -0.72 0.71 0.35 0.95 0.44
23.00 61.88 -470.78 164.47 361.81 0.62 -0.55 0.84 0.63 0.96 0.29 0.05
8.00 16.12 413.75 -481.64 351.61 0.03 0.55 -0.79 0.88 0.41 0.03 0.16
14.00 39.35 305.37 344.66 -435.13 -0.82 0.85 -0.82 0.05 0.26 0.47 0.35
8.00 9.19 669.61 344.81 77.06 0.14 -0.62 -0.87 0.60 0.51 0.56 0.69
10.00 15.44 -195.19 -349.90 591.86 -0.07 0.13 -0.74 0.27 0.56 0.09 0.90
13.00 8.08 -485.49 -395.38 491.38 -0.78 0.35 -0.41 0.34 0.66 0.92 0.61
14.00 26.33 241.27 -53.69 455.04 0.78 -0.62 0.28 0.11 0.90 0.52 0.93
8.00 0.62 -120.47 299.75 -160.76 -0.03 0.20 0.26 0.76 0.11 0.89 0.21
6.00 6.31 -67.18 343.04 303.34 0.37 0.21 0.72 0.78 0.73 0.13 0.55
8.00 2.08 -260.23 -33.66 151.59 0.44 -0.75 -0.54 0.34 0.21 0.82 0.23
30.00 27.13 -381.05 -174.25 624.98 -0.93 -0.01 -0.01 0.73 0.89 0.61 0.87
11.00 24.36 -332.91 536.28 180.99 0.53 -0.89 -0.36 0.42 0.97 0.63 0.36
29.00 120.45 -548.76 306.61 335.43 0.13 -0.06 -0.01 0.31 0.28 0.95 0.30
11.00 15.59 654.00 -68.18 -435.13 -0.17 0.32 -0.98 0.10 0.65 0.28 0.34
19.00 13.76 -295.53 -96.24 -682.34 0.94 -0.93 -0.70 0.08 0.78 0.08 0.44
6.00 4.80 65.95 141.36 299.54 -0.46 0.42 -0.43 0.18 0.08 0.45 0.62
6.00 4.01 -276.70 499.83 -413.11 -0.55 -0.10 0.07 0.62 0.24 0.68 0.06
6.00 1.79 233.88 647.55 -216.18 -0.63 -0.35 0.80 0.11 0.48 0.23 0.64
13.00 16.12 -157.55 239.50 -631.91 -0.76 -0.59 0.35 0.95 0.01 0.57 0.51
12.00 4.25 -313.89 -497.21 415.55 0.94 -0.35 0.73 0.35 0.08 0.99 0.43
8.00 3.36 146.54 550.29 -491.50 0.08 -0.17 0.39 0.63 0.14 0.63 0.16
6.00 6.61 235.79 553.59 -356.26 -0.48 -0.49 0.12 0.44 0.97 0.89 0.90
6.00 5.64 -33.51 713.77 103.80 -0.24 0.91 0.94 0.71 0.79 0.85 0.14
7.00 0.30 -622.86 231.15 307.41 0.02 0.44 -0.62 0.98 0.55 0.60 0.83
17.00 15.28 612.76 -234.79 171.49 0.32 -0.94 -0.29 0.29 0.87 0.92 0.64
7.00 4.83 487.35 -183.91 -279.57 -0.21 -0.30 -0.53 0.23 0.46 0.26 0.98
12.00 33.60 72.78 -150.36 -349.01 0.70 -0.69 0.06 0.93 0.09 0.38 0.53
20.00 99.53 -64.21 -191.04 -258.47 0.47 -0.85 0.05 0.35 0.80 0.66 0.24
12.00 27.28 -643.03 -104.05 150.75 0.35 0.58 0.21 0.54 0.11 0.99 0.25
7.00 10.17 -149.23 414.36 41.58 -0.29 -0.34 -0.98 0.24 0.37 0.27 0.36
34.00 7.76 -4.76 -631.76 252.29 0.50 0.40 -0.94 0.07 0.29 0.45 0.86
8.00 12.15 -12.31 11.82 506.08 0.62 0.42 0.43 0.17 0.30 0.25 0.89
5.00 3.87 -303.05 -407.36 -189.22 -0.68 -0.49 -0.29 0.08 0.97 0.40 0.79
9.00 2.43 439.04 -532.65 92.66 -0.57 -0.66 0.65 0.20 0.33 0.46 0.01
39.00 210.47 108.72 -145.21 -773.11 -0.87 0.01 0.03 0.69 0.99 0.20 0.42
19.00 10.95 -162.13 251.70 -551.65 0.63 0.33 -0.48 0.44 0.94 0.79 0.24
13.00 5.80 -333.62 -16.12 -372.78 -0.25 -0.42 0.64 0.80 0.44 0.68 0.33
13.00 25.95 -499.04 30.12 590.75 -0.73 0.47 -0.46 0.77 0.58 0.20 0.77
14.00 46.23 -168.75 -360.62 585.86 -0.50 -0.58 0.63 0.02 0.89 0.14 0.75
10.00 17.12 -145.88 661.08 354.47 -0.13 0.85 0.81 0.84 0.85 0.15 0.97
15.00 7.27 93.32 611.53 306.47 0.19 0.57 -0.96 0.60 0.58 0.94 0.51
9.00 12.68 -496.96 -584.88 -205.27 0.97 0.79 -0.44 0.31 0.92 0.96 0.07
9.00 7.86 -9.30 -729.02 -156.70 -0.24 -0.14 0.62 0.34 0.81 0.27 0.76
18.00 74.51 26.73 -669.45 -21.75 -0.80 -0.27 0.87 0.96 0.05 0.84 0.87
8.00 1.11 642.74 -58.44 380.99 0.93 -0.97 0.87 0.80 0.03 0.43 0.61
6.00 5.29 79.33 26.65 143.33 -0.77 -0.13 0.03 0.21 0.92 0.58 0.44
24.00 77.48 169.91 351.99 -696.65 -0.45 0.48 -0.56 0.41 0.51 0.96 0.09
5.00 5.17 90.19 -420.14 -581.24 -0.70 0.64 0.61 0.46 0.98 0.62 0.03
22.00 40.66 -421.40 -239.36 -202.85 -0.03 0.22 -0.35 0.28 0.18 0.73 0.26
6.00 6.16 -372.13 216.09 -140.94 -0.52 0.51 -0.74 0.84 0.63 0.24 0.81
25.00 73.59 -122.89 136.82 -529.17 -0.20 0.89 0.02 0.01 0.16 0.47 0.65
13.00 21.45 -386.42 358.57 -357.50 0.58 0.45 0.52 0.13 0.22 0.87 0.92
15.00 16.60 -164.10 -474.46 -205.71 0.44 -0.57 0.83 0.85 0.46 0.12 0.45
13.00 47.07 523.75 574.44 64.79 -0.67 -0.30 0.42 0.02 0.87 0.54 0.66
9.00 21.07 -566.01 -251.39 -428.65 -0.98 0.53 -0.43 0.20 0.57 0.63 0.73
7.00 9.41 254.35 -633.66 20.73 -0.37 0.21 0.73 0.56 0.32 0.94 0.15
11.00 33.89 -384.75 -619.27 -143.24 -0.55 -0.13 0.68 0.70 0.73 0.60 0.46
15.00 38.99 -227.83 -191.33 -383.05 0.61 -0.82 -0.05 0.54 0.97 0.45 0.81
12.00 33.53 59.90 302.76 -363.65 -0.37 -0.91 0.99 0.51 0.09 0.62 0.99
10.00 20.96 146.30 -716.08 -5.10 -0.33 -0.48 -0.93 0.07 0.88 0.76 0.74
9.00 0.76 -639.90 234.67 100.91 -0.49 -0.50 -0.84 0.20 0.86 0.76 0.47
26.00 8.67 -387.40 -406.02 -220.84 0.86 0.59 0.04 0.60 0.99 0.61 0.51
20.00 80.82 273.37 -655.74 174.15 0.99 0.84 -0.03 0.06 0.31 0.41 0.56
20.00 81.64 734.82 292.43 -72.21 -0.10 -0.79 -0.49 0.94 0.58 0.24 0.98
34.00 88.01 664.44 55.64 226.63 -0.61 0.42 -0.40 0.76 0.27 0.53 0.09
12.00 12.27 -53.20 49.65 -628.10 0.84 -0.40 0.65 0.30 0.39 0.25 0.79
17.00 65.63 688.11 288.21 96.33 0.15 -0.02 -0.67 0.98 0.19 0.99 0.51
22.00 14.00 63.51 339.47 236.02 0.06 0.48 0.27 0.17 0.80 0.38 0.91
5.00 1.59 44.44 57.08 279.60 -0.71 -0.48 0.37 0.02 0.10 0.23 0.98
14.00 34.53 316.82 258.68 495.22 0.62 0.03 -0.84 0.40 0.77 0.96 0.61
22.00 85.26 -175.94 -624.71 76.58 0.08 0.57 0.31 0.18 0.82 0.88 0.49
5.00 0.40 -63.53 -44.63 -199.71 -0.90 -0.08 0.58 0.67 0.60 0.42 0.55
11.00 22.53 545.24 454.89 -47.88 0.76 -0.09 0.55 0.80 0.11 0.30 0.47
10.00 14.76 314.54 -292.41 -602.27 0.94 -0.97 0.30 0.47 0.45 0.77 0.75
17.00 35.76 385.66 -455.00 -195.80 0.74 -0.14 0.64 0.54 0.31 0.22 0.50
19.00 83.19 -314.76 -632.63 278.21 0.78 0.78 0.55 0.23 0.68 0.87 0.52
19.00 70.43 354.80 -203.40 -647.06 -0.05 0.94 -0.86 0.74 0.79 0.80 0.05
15.00 29.02 48.91 247.23 344.08 0.21 -0.06 -0.52 0.22 0.15 0.98 0.34
14.00 30.95 -292.00 570.85 -224.71 0.93 0.07 0.75 0.06 0.50 0.66 0.82
13.00 2.87 263.09 51.16 213.04 0.74 -0.87 0.84 0.86 0.68 0.81 0.92
23.00 50.64 68.91 -188.52 505.95 -0.23 -0.49 -1.00 1.00 0.05 0.52 0.14
6.00 2.46 617.89 137.52 -126.44 -0.77 -0.68 -0.60 0.14 0.62 0.94 0.04
18.00 68.75 -470.26 213.46 -140.45 0.31 -0.92 -0.85 0.95 0.78 0.38 0.40
5.00 4.33 -317.54 140.01 473.89 -0.29 0.31 0.31 0.45 0.33 0.15 0.07
8.00 14.74 290.62 -508.98 205.90 -0.74 -0.76 0.39 0.00 0.20 0.98 0.07
13.00 23.44 -500.13 -127.26 -229.73 0.73 -0.58 0.75 0.52 0.24 0.56 0.93
27.00 141.28 -256.77 96.17 -703.05 -0.61 0.46 -0.84 0.25 0.92 0.30 0.55
10.00 3.47 -94.59 512.62 497.05 -0.98 -0.89 -0.97 0.20 0.53 0.37 0.38
8.00 16.21 508.24 -546.91 -70.58 0.75 0.84 0.96 0.19 0.27 0.32 0.75
19.00 46.38 -22.28 565.94 534.87 0.81 0.80 -0.16 0.26 0.02 0.04 0.14
21.00 44.75 151.92 -198.13 550.56 0.88 -0.36 0.61 0.56 0.39 0.57 0.23
16.00 1.02 -550.57 -369.54 -8.23 -0.69 -0.03 -0.89 0.35 0.65 0.46 0.79
35.00 301.04 -140.30 -463.81 -89.02 -0.25 -0.63 0.53 0.84 0.24 0.43 0.38
5.00 5.60 244.14 -47.12 -252.93 0.56 0.83 0.31 0.60 0.96 0.41 0.73
13.00 21.87 20.91 -182.91 -34.00 -0.68 -0.58 0.06 0.88 0.77 0.25 0.48
25.00 59.96 209.52 -74.35 -367.59 -0.98 -0.10 -0.27 0.35 0.47 0.26 0.72
23.00 28.02 533.11 237.63 -223.73 0.13 0.99 -0.46 0.74 0.64 0.02 0.71
8.00 13.99 -40.82 93.76 -331.30 0.05 -0.31 0.94 0.42 0.42 0.68 0.82
9.00 7.91 -595.19 94.80 426.27 0.40 0.64 -0.84 0.37 0.84 0.78 0.17
14.00 18.80 -348.39 -0.36 -133.13 0.52 0.57 -0.30 0.55 0.78 0.27 0.76
31.00 134.09 204.72 -427.51 592.35 0.74 -0.91 -0.00 0.95 0.77 0.90 0.26
32.00 221.95 746.10 -208.56 183.85 0.32 0.16 0.74 0.11 0.22 0.13 0.40
19.00 16.34 196.79 -37.76 18.17 0.30 0.39 0.91 0.25 0.15 0.68 0.36
9.00 21.67 1.77 166.30 -9.81 0.10 0.95 0.40 0.39 0.37 0.56 0.44
6.00 7.00 -285.95 -217.65 -80.78 -0.99 0.08 0.01 0.73 0.83 0.81 0.80
7.00 11.50 153.31 635.23 -75.33 0.69 0.04 -0.47 0.08 0.22 0.99 0.01
12.00 4.08 259.79 387.82 382.89 -0.48 0.20 0.99 0.24 0.65 0.79 0.58
7.00 4.31 -3.94 -356.09 -166.98 0.70 -0.69 -0.47 0.73 0.80 0.57 0.52
11.00 7.97 -163.65 -73.56 547.78 -0.57 0.94 -0.26 0.36 0.89 0.56 0.53
5.00 0.05 -14.73 -443.17 -361.07 0.73 -0.43 -0.96 0.57 0.25 0.51 0.92
9.00 8.04 140.03 20.70 502.49 0.43 -0.88 0.39 0.98 0.42 0.61 0.81
9.00 3.67 -673.62 287.50 -287.17 -0.09 -0.53 0.75 0.02 0.72 0.16 0.55
12.00 1.46 523.07 -542.35 -246.33 0.55 0.10 0.73 0.02 0.71 0.43 0.66
14.00 54.43 32.89 203.59 -534.23 -0.17 0.65 -0.33 0.63 0.70 0.65 0.65
19.00 22.64 490.19 366.91 475.21 -0.72 -0.54 -0.28 0.61 0.83 0.99 0.22
8.00 6.86 -517.13 -481.84 -353.01 0.19 0.29 0.28 0.24 0.27 0.83 0.21
39.00 223.31 -461.74 20.67 259.48 0.45 -0.60 0.09 0.01 0.64 0.40 0.41
5.00 0.78 59.08 157.64 291.83 -0.42 0.53 0.68 0.12 0.12 0.32 0.92
13.00 10.96 -416.49 259.65 426.17 0.19 0.80 0.32 0.60 0.74 0.66 0.62
7.00 0.49 360.32 138.34 626.62 0.73 -0.97 -0.92 0.86 0.16 0.31 0.14
14.00 30.63 -224.22 230.72 76.91 0.61 -0.15 -0.05 0.49 0.88 0.18 0.49
7.00 11.92 119.57 -34.03 319.66 0.93 0.84 0.05 0.28 0.32 0.19 0.05
6.00 9.41 557.31 -278.19 239.23 0.62 0.57 0.98 0.01 0.84 0.98 0.31
30.00 145.83 -304.12 -386.17 -71.24 0.07 -0.51 -0.06 0.77 0.54 0.14 0.76
8.00 7.08 419.93 87.03 402.06 -0.07 0.29 -0.03 0.90 0.03 0.86 0.64
6.00 0.02 338.49 344.40 -86.70 0.02 0.63 0.20 0.83 0.81 0.46 0.17
13.00 39.93 113.66 127.95 772.55 -0.64 0.87 0.61 0.97 0.60 0.35 0.41
39.00 369.91 191.56 3.16 -636.56 0.26 -0.93 -0.71 0.62 0.82 0.75 0.49
6.00 3.00 -11.55 13.62 -18.39 0.66 -0.51 0.26 0.20 0.94 0.79 0.63
18.00 5.73 -65.11 762.51 184.30 0.55 0.63 0.56 0.78 0.95 0.15 0.52
24.00 84.65 357.41 110.51 422.07 0.29 -0.60 0.77 0.78 0.18 0.47 0.73
8.00 15.09 638.15 -68.55 -421.39 0.68 0.88 0.18 0.01 0.02 0.03 0.78
13.00 33.67 109.35 466.96 187.05 -0.77 -0.48 -0.12 0.56 0.62 0.49 0.61
10.00 1.39 -124.13 -466.50 324.42 0.38 0.99 0.69 0.33 0.91 0.04 0.91
23.00 98.48 -671.50 -62.55 -294.64 -0.22 -0.14 -0.26 0.83 0.25 0.10 0.67
12.00 14.22 -283.03 -313.99 635.81 -0.31 0.92 -0.64 0.87 0.94 1.00 0.91
5.00 0.88 350.25 325.22 -424.69 -0.50 -0.71 0.95 0.99 0.21 0.71 0.61
14.00 12.28 637.67 411.56 -118.77 -0.41 -0.75 0.50 0.07 0.95 0.67 0.27
12.00 1.44 -636.64 -36.91 471.41 0.31 0.88 0.95 0.48 0.18 0.23 0.68
9.00 4.43 576.76 -130.11 -350.50 0.71 -0.29 -0.04 0.91 0.25 0.78 0.57
11.00 13.54 -461.78 -24.35 -178.50 -0.15 0.19 -0.02 0.39 0.71 0.02 0.51
6.00 0.66 196.29 13.99 750.91 -0.66 0.59 -0.40 0.84 0.50 0.65 0.93
7.00 7.64 -351.17 -190.67 101.21 -0.57 -0.91 0.90 0.44 0.93 0.87 0.22
22.00 10.61 -396.96 79.28 -497.29 -0.31 0.94 0.50 0.49 0.35 0.30 0.12
16.00 63.46 -568.92 387.16 -352.01 -0.49 0.50 -0.12 0.95 0.34 0.88 0.04
8.00 3.91 34.84 -143.13 -357.49 0.85 -0.36 -0.56 0.30 0.89 0.66 0.86
8.00 13.95 -33.69 -253.70 699.29 0.87 -0.47 -0.80 0.15 0.98 0.66 0.60
14.00 31.07 528.28 422.49 -315.59 0.50 0.24 -0.23 0.16 0.38 0.86 0.81
15.00 54.93 -166.12 -751.59 50.16 -0.18 -0.49 -0.63 0.23 0.61 0.53 0.38
10.00 1.04 134.45 -81.75 740.56 0.01 -0.09 -0.83 0.64 0.79 0.78 0.23
14.00 43.59 -139.04 128.60 -276.12 0.42 -0.22 0.39 0.23 0.84 0.96 0.50
16.00 27.60 178.46 651.59 -239.65 0.47 0.95 0.64 0.32 0.36 0.83 0.67
8.00 17.90 121.46 36.96 107.37 -0.07 0.05 -0.71 0.18 0.53 0.60 0.74
19.00 95.54 -567.23 -489.97 -275.91 0.82 -0.67 0.63 0.42 0.86 0.43 0.55
14.00 7.30 -417.24 -323.94 -380.42 0.05 -0.18 0.65 0.68 0.29 0.77 0.14
21.00 124.74 6.46 361.96 -629.03 0.41 -0.53 -0.59 0.41 0.02 0.74 0.06
21.00 102.12 21.24 487.09 -197.18 0.09 -0.62 -0.34 0.90 0.32 0.99 0.18
8.00 5.21 -102.59 -600.40 219.73 -0.08 -0.33 0.40 0.57 0.90 0.06 0.64
10.00 27.92 729.74 -227.26 -177.85 -0.15 -0.31 0.95 0.77 0.48 0.80 0.33
14.00 32.48 341.00 362.93 -376.39 -0.98 0.87 0.73 0.87 0.57 0.08 0.76
12.00 24.13 234.56 252.23 -583.11 0.35 0.67 -0.64 0.54 0.96 0.10 0.71
18.00 0.97 -312.70 360.26 477.45 0.37 0.78 0.55 0.59 0.48 0.60 0.23
16.00 33.43 -7.60 514.97 -169.48 -0.10 -0.32 -0.28 0.89 0.07 0.33 0.70
8.00 4.26 8.18 -542.72 503.49 -0.45 -0.89 0.34 0.37 0.68 0.79 0.22
19.00 95.18 593.66 -189.73 280.00 0.44 0.54 0.11 0.25 0.58 0.65 0.68
14.00 13.24 -260.52 474.73 260.47 -0.80 0.25 0.72 0.51 0.93 0.56 0.04
29.00 228.56 367.44 43.84 513.24 0.44 0.48 0.33 0.49 0.62 0.80 0.23
13.00 8.08 -197.75 -192.64 -464.68 -0.09 -0.74 0.15 0.88 0.96 0.43 0.37
9.00 4.72 324.65 629.52 -323.56 -0.17 -0.85 0.13 0.34 0.77 0.67 0.98
8.00 5.42 -161.39 -164.74 -591.11 0.32 0.63 -0.40 0.91 0.41 0.60 0.27
19.00 59.36 77.03 167.98 354.39 0.84 0.73 0.74 0.85 0.90 0.24 0.38
19.00 3.16 -72.66 125.73 116.82 0.44 0.68 -0.92 0.69 0.88 0.55 0.62
12.00 40.21 -167.73 -305.02 -66.76 0.53 -0.33 0.41 0.60 0.64 0.67 0.84
12.00 16.19 -275.08 -71.70 -656.35 0.32 -0.96 0.01 0.19 0.65 0.38 0.64
17.00 10.40 291.83 -27.13 -473.80 -0.60 -0.75 0.50 0.86 0.82 0.82 0.39
23.00 86.15 -415.25 130.90 -44.86 -0.77 -0.69 -0.62 0.48 0.99 0.94 0.99
29.00 40.08 349.57 635.33 -96.37 0.31 -0.32 0.61 0.71 0.65 0.58 0.23
6.00 8.78 -71.00 132.64 -272.51 0.25 0.15 0.16 0.16 0.42 0.18 0.14
15.00 4.24 570.15 -50.44 -460.43 0.87 0.45 0.51 0.14 0.85 0.06 0.03
13.00 5.10 -124.76 60.81 268.34 -0.29 -0.20 0.56 0.24 0.19 0.62 0.50
6.00 6.92 -497.02 -547.00 -245.17 0.94 -0.87 0.59 0.30 0.25 0.70 0.07
17.00 71.13 424.54 -261.05 -233.90 0.95 -0.61 0.07 0.95 0.62 0.89 0.10
6.00 9.67 118.36 -502.72 -500.89 -0.02 0.02 -0.18 0.50 0.40 0.01 0.56
21.00 81.18 286.06 73.82 -732.23 -0.87 0.69 0.87 0.67 0.60 0.93 0.82
15.00 62.36 20.22 286.54 39.05 -0.65 0.42 -0.47 0.45 0.66 0.38 0.48
13.00 47.60 336.67 -56.09 -527.13 0.35 -0.91 0.15 0.30 0.77 0.48 0.65
7.00 8.82 -419.63 525.01 290.20 -0.16 -0.59 0.63 0.21 0.48 0.87 0.30
10.00 27.04 533.32 -530.96 192.98 -0.04 0.00 0.02 0.07 0.80 0.58 0.27
6.00 1.66 -590.37 -185.83 -80.02 -0.86 0.29 -0.85 0.32 0.94 0.58 0.28
7.00 11.49 689.72 -350.67 -196.26 0.96 0.59 0.79 0.60 0.47 0.01 0.46
14.00 52.96 -75.57 645.50 -5.00 0.92 0.24 -0.32 0.10 0.16 0.95 0.33
5.00 6.54 -446.10 -311.39 555.24 0.59 -0.16 0.77 0.64 0.80 0.35 0.87
8.00 10.53 507.26 -34.97 189.30 0.24 -0.72 -0.30 0.30 0.95 0.88 0.98
19.00 12.88 414.35 174.14 -481.40 -0.76 0.44 -0.77 0.19 0.94 0.52 0.11
37.00 247.20 -145.74 418.76 -194.30 -0.23 0.80 0.78 0.62 0.77 0.29 0.94
13.00 37.50 298.98 -111.09 129.87 -0.91 -0.73 -0.84 0.22 0.36 0.31 0.23
5.00 5.64 778.88 -96.22 108.06 0.55 0.88 0.52 0.05 0.21 0.50 0.29
9.00 20.34 -342.47 13.27 -438.46 0.88 0.24 -0.09 0.08 0.15 0.71 0.19
14.00 0.87 302.80 706.84 -214.13 -0.88 0.78 0.16 0.27 0.14 0.29 0.31
11.00 33.74 82.73 278.68 358.98 -0.35 -0.61 0.84 0.93 0.71 0.17 0.89
32.00 65.59 13.37 185.99 293.56 -0.61 0.02 0.43 0.51 0.54 0.33 0.11
15.00 23.57 -193.42 -710.97 299.57 -0.96 -0.60 -0.28 0.01 0.53 0.93 0.61
27.00 17.13 -345.06 -530.19 126.43 0.45 -0.24 -0.73 0.48 0.29 0.06 0.98
7.00 9.54 137.93 -651.21 -406.42 -0.44 0.96 -0.05 0.94 0.94 0.22 0.09
15.00 24.87 490.59 -85.63 -623.65 -0.93 0.22 0.75 0.73 1.00 0.15 0.14
8.00 5.00 -514.92 -343.93 325.92 0.63 0.05 0.92 0.32 0.90 0.30 0.73
8.00 4.09 -288.90 149.96 470.43 0.77 0.95 0.81 0.09 0.28 0.54 0.55
10.00 19.28 -435.45 -120.71 -220.01 -0.39 0.23 -0.67 0.17 0.36 0.42 0.06
16.00 68.11 -557.02 -33.97 232.64 -0.12 -0.98 0.48 0.04 0.20 0.82 0.52
34.00 256.68 -12.93 -592.70 526.44 -0.11 0.54 0.06 0.91 0.57 0.29 0.09
17.00 78.05 -115.54 303.96 464.28 0.67 -0.73 0.09 0.25 0.63 0.83 0.96
11.00 17.95 -444.06 519.19 325.54 -0.23 0.15 -0.04 0.56 0.33 0.92 0.13
5.00 6.33 -32.07 -409.50 610.91 -0.18 -0.64 0.69 0.92 0.15 0.94 0.65
20.00 23.28 -190.35 -384.82 -606.93 -0.72 -0.05 -0.65 0.76 0.22 0.02 0.04
10.00 14.14 -102.93 -470.14 552.70 0.39 0.47 0.24 0.15 0.39 0.45 0.70
8.00 4.07 231.35 88.37 241.15 0.15 0.59 -0.70 0.81 0.11 0.40 0.76
23.00 83.29 32.78 -264.40 741.36 -0.35 -0.59 -0.55 0.59 0.51 0.17 0.94
23.00 118.23 -28.30 24.70 793.44 -0.96 -0.64 -0.32 0.70 0.45 0.13 0.99
5.00 6.49 -66.19 252.31 -148.29 -0.19 0.36 0.15 0.40 1.00 0.97 0.18
5.00 5.09 -227.87 338.52 291.07 0.16 -0.90 -0.11 0.76 0.74 0.43 0.30
10.00 9.02 231.40 177.24 -454.38 0.30 -0.76 0.78 0.75 0.11 0.83 0.68
24.00 58.89 9.48 -386.91 156.55 0.89 -0.80 0.42 0.01 0.34 0.46 0.72
26.00 22.48 362.96 185.54 -524.62 0.38 -0.62 0.33 0.31 0.97 0.61 0.68
6.00 2.60 274.01 -94.84 41.10 -0.69 0.03 0.08 0.37 0.49 0.11 0.86
11.00 32.48 -145.57 -409.90 587.53 -0.44 0.47 -0.48 0.35 0.93 0.83 0.49
8.00 8.92 693.81 183.33 214.12 -0.02 0.31 -0.37 0.23 0.54 0.46 0.45
5.00 0.66 550.17 166.12 -68.57 0.96 0.06 0.71 0.93 0.46 0.67 0.70
9.00 19.63 408.58 177.77 -517.99 0.89 -0.15 0.11 0.72 0.93 0.19 0.75
7.00 13.36 450.98 -235.00 -604.60 0.08 0.09 0.77 0.93 0.77 0.01 0.77
18.00 66.28 -62.93 -294.25 319.72 -0.87 -0.30 0.54 0.38 0.09 0.12 0.39
10.00 1.70 -545.33 -261.60 521.93 -0.60 -0.72 -0.36 0.94 0.31 0.29 0.60
8.00 17.45 163.28 -224.35 345.15 -0.52 0.51 -0.07 0.69 0.63 0.93 0.55
13.00 26.35 -299.51 -26.58 483.72 -0.01 -0.08 -0.52 0.66 0.07 0.57 0.27
11.00 22.48 -114.01 622.92 47.89 0.20 0.84 -0.17 0.03 0.92 0.97 0.36
8.00 5.90 627.23 -13.14 -301.34 0.53 0.38 0.20 0.94 0.32 0.79 0.84
5.00 0.97 -110.42 -748.38 -139.24 0.08 -0.11 0.35 0.09 0.63 0.48 0.08
15.00 31.30 -11.35 369.41 692.37 -0.07 0.47 0.82 0.93 0.89 0.73 0.57
8.00 16.50 172.58 247.55 -202.77 -0.27 -0.94 0.71 0.42 0.43 0.58 0.06
14.00 39.68 -518.71 -258.07 102.47 0.37 0.67 0.88 0.31 0.02 0.07 0.70
20.00 34.50 312.37 573.51 384.53 -0.17 -0.77 -0.46 0.49 0.23 0.64 0.58
11.00 2.52 74.62 691.07 195.90 0.82 -0.47 -0.82 0.71 0.42 0.04 0.25
5.00 3.16 482.43 -261.49 191.75 -0.35 0.31 0.76 0.87 0.69 0.35 0.58
10.00 28.20 249.44 348.58 329.24 0.14 0.64 -0.49 0.20 0.28 0.68 0.09
19.00 73.41 -12.04 119.78 779.65 -0.05 -0.16 0.65 0.75 0.32 0.57 0.34
6.00 0.26 -510.51 -528.06 154.83 -0.65 0.63 0.74 0.58 0.48 0.62 0.36
9.00 15.13 -67.10 744.64 -107.98 0.64 -0.50 0.06 0.34 0.96 0.15 0.87
10.00 1.33 208.22 -455.29 16.60 -0.62 -0.52 0.77 0.84 0.32 0.23 0.61
6.00 3.16 -71.33 207.30 655.61 -0.24 -0.43 -0.10 0.02 0.06 1.00 0.25
6.00 4.27 -155.81 -359.71 -478.58 0.81 0.55 0.54 0.55 0.27 0.89 0.37
19.00 81.11 545.11 -172.65 501.10 0.34 0.16 0.27 0.26 0.39 0.96 0.42
10.00 19.97 -618.27 -224.87 -11.57 -0.09 0.16 -0.02 0.22 0.75 0.92 0.34
8.00 8.37 -18.24 -432.28 -74.12 0.45 -0.12 0.36 0.04 0.09 0.54 0.30
26.00 65.83 508.57 -188.73 -485.80 0.75 0.75 -0.88 0.21 0.22 0.43 0.03
14.00 21.31 -89.87 -276.86 710.80 0.17 -0.79 0.95 0.24 0.88 0.22 0.28
11.00 2.44 381.78 -155.39 617.87 0.11 -0.20 0.55 0.52 0.15 0.55 0.51
26.00 81.64 -128.22 547.18 -38.10 0.63 0.26 -0.59 0.06 0.73 0.47 0.46
10.00 24.39 128.95 278.75 -700.30 -0.13 -0.75 0.46 0.01 0.86 0.58 0.85
18.00 70.84 -174.79 -315.17 714.13 -0.53 -0.89 0.80 0.82 0.39 0.04 0.35
13.00 43.85 -170.26 -470.19 -463.17 -0.49 0.97 -0.75 0.84 0.62 0.61 0.50
5.00 0.11 -315.59 268.44 74.30 -0.89 0.36 -0.40 0.37 0.71 0.30 0.89
19.00 77.50 -221.62 -515.84 -415.50 0.17 0.99 -0.28 0.66 0.60 0.49 0.73
30.00 189.09 -389.00 -437.53 -143.61 0.75 0.37 0.16 0.81 0.72 0.48 0.20
5.00 6.02 -618.98 -123.54 244.46 1.00 0.99 -0.79 0.55 0.81 0.24 0.15
11.00 16.20 357.35 340.33 150.47 0.48 -0.35 0.62 0.27 0.93 0.42 0.31
5.00 2.60 -259.44 -228.09 -455.67 -0.95 0.51 -0.71 0.50 0.68 0.39 0.90
24.00 140.49 -307.34 -262.84 542.79 -0.76 -0.26 -0.35 0.90 0.27 0.64 0.08
19.00 63.54 -443.56 -570.03 -202.79 0.13 0.15 0.03 0.99 0.92 0.29 0.04
9.00 13.01 -225.44 10.48 -66.24 0.06 0.41 -0.02 0.88 0.97 0.30 0.90
17.00 34.08 -426.76 166.17 -348.01 -0.35 -0.35 0.76 0.68 0.23 0.78 0.51
32.00 39.70 -164.01 -759.57 -62.07 0.29 0.66 -0.04 0.21 0.36 0.62 0.63
15.00 4.76 -1.50 -699.95 75.85 -0.06 0.74 0.21 0.74 0.00 0.19 0.72
8.00 17.72 523.92 332.03 -307.06 0.27 0.59 -0.33 0.17 0.78 0.94 0.51
11.00 8.79 415.69 -401.33 -231.88 0.34 -0.14 -0.59 0.56 0.44 0.86 0.19
23.00 56.42 -147.18 443.85 -575.30 -0.42 -0.50 0.40 0.09 0.78 0.75 0.79
24.00 75.59 -357.33 -374.88 -356.55 0.46 -0.94 -0.28 0.58 0.80 0.11 0.96
16.00 13.04 -125.02 500.02 -97.05 0.44 -0.03 -0.53 0.13 0.30 0.62 0.23
32.00 185.84 41.20 -226.36 -253.36 -0.24 -0.72 0.93 0.11 0.35 0.53 0.18
26.00 64.68 38.61 -696.33 295.87 0.91 0.97 0.61 0.38 0.40 0.70 0.96
11.00 22.51 -109.33 -393.41 -372.38 -0.11 -0.92 0.02 0.60 0.11 0.45 0.64
12.00 9.01 205.53 -511.43 -375.97 -0.41 -0.43 -0.14 0.15 0.70 0.81 0.93
5.00 6.51 628.62 154.63 461.47 0.26 0.77 0.81 0.07 0.70 0.44 0.62
12.00 24.29 -70.08 316.34 287.27 -0.61 -0.89 -0.72 0.36 0.39 0.39 0.04
6.00 1.42 -404.30 -139.32 602.93 0.28 -0.93 -0.96 0.46 0.42 0.34 0.70
25.00 165.18 -445.69 -637.58 12.17 -0.06 0.78 0.30 0.15 0.15 0.21 0.66
5.00 5.55 -402.40 -220.45 -264.32 -0.23 0.82 -0.65 0.99 0.73 0.56 0.35
26.00 11.61 20.25 -394.49 374.83 0.93 -0.52 -0.19 0.43 0.28 0.97 0.23
8.00 12.49 -158.17 231.51 -41.31 0.65 -0.40 0.99 0.99 0.83 0.08 0.21
10.00 3.79 45.81 -323.19 -531.18 0.98 -0.73 -0.21 0.88 0.80 0.09 0.98
10.00 11.46 -285.20 475.63 -290.08 -1.00 -0.52 -0.90 0.52 0.73 0.85 0.25
9.00 6.58 -502.42 340.15 100.55 -0.35 -0.71 0.09 0.20 0.56 0.25 0.25
17.00 74.07 -313.73 128.34 412.18 0.82 0.69 0.54 0.84 0.93 0.84 0.62
15.00 1.40 454.50 -352.98 -529.54 0.30 0.90 -0.08 0.35 0.37 0.34 0.17
23.00 0.31 81.12 172.68 245.52 0.23 -0.74 -0.81 0.91 0.52 0.03 0.27
10.00 2.12 -314.04 364.02 -306.02 0.52 0.31 -0.32 0.60 0.22 0.97 0.50
34.00 144.89 -160.23 678.87 190.32 0.54 -0.32 0.67 0.50 0.95 0.79 0.90
5.00 1.02 132.82 -602.86 -189.91 -0.95 -0.65 0.13 0.78 0.31 0.27 0.55
12.00 32.20 105.12 483.96 -344.24 0.22 -0.63 -0.39 0.05 0.51 0.56 0.74
6.00 1.37 -207.36 -10.80 285.87 0.10 0.21 -0.98 0.80 0.08 0.05 0.57
17.00 11.32 -556.35 -401.57 -230.85 0.54 -0.19 0.37 0.67 0.52 0.01 0.14
16.00 29.97 422.48 91.95 -653.78 -0.28 0.67 -0.88 0.98 0.03 0.64 0.54
11.00 32.47 700.35 127.45 47.74 0.78 -0.39 -0.84 0.47 0.68 0.69 0.76
18.00 11.75 438.24 116.01 -352.92 0.62 -0.52 -0.92 0.57 0.35 0.21 0.72
6.00 3.23 271.22 -569.14 212.82 0.11 -0.38 0.22 0.82 0.60 0.70 0.61
11.00 24.58 -443.38 495.26 84.44 0.84 -0.29 0.86 0.19 0.93 0.32 0.55
7.00 8.05 227.08 591.39 -471.32 0.94 0.46 -0.09 0.50 0.87 0.15 0.76
6.00 0.75 434.41 -215.13 492.65 -0.46 0.51 0.19 0.21 0.97 0.98 0.27
9.00 16.34 651.63 -33.09 -162.01 -0.69 -0.50 -0.98 0.05 0.69 0.66 0.23
13.00 36.24 427.54 308.25 240.66 -0.87 -0.84 0.13 0.80 0.78 0.07 0.23
24.00 70.26 -117.74 -161.86 -485.95 -0.17 0.87 -0.84 0.23 0.04 0.25 0.59
6.00 6.21 613.79 -154.61 -342.85 -0.85 0.03 0.90 0.11 0.39 0.52 0.85
12.00 17.92 252.69 457.23 188.86 -0.59 -0.19 -0.85 0.67 0.57 0.84 0.54
5.00 5.28 -93.19 -72.72 -500.70 0.81 -0.05 -0.19 0.19 0.86 0.81 0.78
11.00 19.76 651.87 339.53 -136.61 -0.40 -0.45 -0.57 0.94 0.03 0.15 0.86
5.00 0.54 -391.31 289.31 -175.30 -0.87 0.46 -0.08 0.52 0.22 0.77 0.24
29.00 236.56 -261.45 423.42 262.97 0.22 -0.77 -0.67 0.84 0.61 0.46 0.23
5.00 3.77 -294.43 1.15 344.50 0.74 0.26 0.73 0.52 0.57 0.98 0.46
7.00 0.93 -150.79 -487.59 180.19 -0.21 0.05 0.26 0.43 0.53 0.59 0.38
6.00 4.57 348.70 -190.37 523.49 -0.67 -0.97 -0.64 0.10 0.30 0.57 0.74
7.00 12.57 87.25 -746.02 165.24 -0.79 -0.38 0.41 0.21 1.00 0.85 0.80
5.00 1.81 -108.94 -125.47 -467.46 0.88 -0.50 0.17 0.92 1.00 0.25 0.38
13.00 12.25 19.35 285.20 -358.95 -0.52 0.67 0.69 0.28 0.19 0.87 0.85
6.00 0.81 -65.78 120.94 587.77 -0.80 -0.60 -0.80 0.14 0.71 0.15 0.83
7.00 2.00 317.93 613.66 -215.45 -0.95 0.17 0.62 0.17 0.69 0.28 0.37
7.00 2.24 -162.87 404.45 318.83 0.22 0.39 -0.53 0.51 0.52 0.81 0.53
15.00 61.04 -69.12 -651.90 -402.01 -0.79 -0.10 0.87 0.28 0.25 0.90 0.04
9.00 7.46 278.76 465.64 97.98 0.84 0.74 0.17 0.74 0.83 0.06 0.67
5.00 5.76 -73.69 130.51 563.61 -0.60 0.51 0.35 0.95 0.19 0.04 0.94
8.00 3.84 -439.42 49.95 653.05 0.99 0.01 0.46 0.62 0.81 0.40 0.85
32.00 232.18 107.48 522.35 379.80 -0.71 0.45 -0.88 0.47 0.69 0.54 0.98
7.00 5.54 408.13 384.23 -339.73 0.41 0.46 0.00 0.16 0.40 0.22 0.36
10.00 17.02 73.82 -12.97 496.24 0.10 0.92 0.00 0.36 0.87 0.79 0.03
7.00 10.70 -40.39 558.06 277.19 -0.39 0.75 -0.28 0.10 0.43 0.41 0.07
31.00 156.18 321.39 -419.31 -392.51 0.11 -0.98 0.42 0.66 0.05 0.76 0.91
13.00 22.23 -162.55 210.22 -150.62 -0.30 -0.68 0.83 0.56 0.65 0.16 0.23
5.00 3.64 -614.65 52.24 -249.15 0.92 0.98 -0.42 0.96 0.23 0.80 0.82
21.00 2.44 -184.63 -98.10 118.88 0.14 0.87 0.17 0.22 0.54 0.62 0.09
6.00 10.13 141.60 -331.21 634.38 -0.26 0.38 0.87 0.71 0.47 0.11 0.12
5.00 1.21 -86.71 647.09 -285.29 0.68 0.17 1.00 0.45 0.18 0.05 0.53
5.00 3.06 32.73 495.24 -170.96 -0.67 -0.30 0.51 0.81 0.81 0.57 0.81
9.00 20.80 -506.06 -270.28 -19.53 0.05 0.24 -0.87 0.50 0.11 0.13 0.41
16.00 70.44 678.31 58.64 -169.84 0.77 -0.02 0.77 0.46 0.19 0.31 0.61
5.00 1.61 -16.88 -465.79 -322.91 -0.91 0.24 -0.57 0.92 0.52 0.59 0.43
9.00 10.33 614.86 192.28 27.21 0.77 0.05 -0.20 0.76 0.76 0.12 0.67
22.00 135.14 94.10 440.52 -594.51 0.65 -0.42 0.96 0.27 0.81 0.53 0.56
11.00 21.97 214.41 437.81 374.15 -0.64 -0.77 -0.58 0.82 0.98 0.55 0.61
9.00 17.79 -352.90 -31.23 -186.97 0.24 0.96 -0.07 0.72 0.10 0.12 0.47
14.00 37.04 166.10 46.73 457.40 0.35 0.67 -0.71 0.09 0.30 0.77 0.80
26.00 96.69 71.76 -41.03 537.09 -0.16 -0.96 -0.75 0.36 0.61 0.27 0.10
35.00 34.43 577.83 259.87 395.20 -0.71 -0.40 -0.16 0.51 0.13 0.86 0.41
7.00 2.89 -575.52 258.84 136.96 -0.65 -0.42 0.41 0.12 0.29 0.13 0.28
16.00 23.25 -143.04 149.11 690.10 -0.42 -0.57 -0.52 0.74 0.71 0.57 0.69
5.00 5.37 -244.17 265.91 558.38 0.56 -0.03 -0.44 0.84 0.35 0.53 0.03
9.00 7.44 466.28 222.76 -90.13 -0.33 -0.55 0.60 0.68 0.61 0.22 0.07
13.00 30.24 -484.12 505.02 281.96 0.27 0.01 0.46 0.49 0.64 0.88 0.33
15.00 50.63 68.32 474.50 341.79 -0.94 0.32 0.18 0.16 0.02 0.76 0.87
5.00 2.44 -133.13 -99.66 -367.33 0.70 0.67 -0.08 0.01 0.98 0.10 0.22
20.00 50.07 -170.69 408.06 661.71 0.15 -0.18 0.38 0.99 0.48 0.94 0.27
5.00 4.69 336.58 -198.07 632.91 0.61 0.77 0.76 0.01 0.61 0.55 0.09
13.00 45.62 -325.30 231.87 537.12 -0.20 -0.45 0.12 0.21 0.85 0.52 0.52
16.00 11.42 427.22 -169.62 -187.48 -0.93 -0.15 0.24 0.42 0.86 0.13 0.25
5.00 5.90 -353.25 -58.54 -182.82 0.40 -0.17 -0.50 0.89 0.36 0.00 0.53
10.00 3.32 515.03 -12.21 -91.01 0.16 0.78 0.47 0.36 0.00 0.90 0.86
14.00 37.24 -80.87 274.61 -24.48 0.55 -0.67 -0.37 0.64 0.42 0.99 0.61
9.00 14.84 221.56 318.72 -546.57 0.76 -0.58 0.22 0.44 0.58 0.77 0.65
7.00 4.28 158.03 -274.47 192.07 -0.62 0.50 -0.52 0.91 0.20 0.75 0.54
26.00 173.97 309.17 -447.97 187.66 -0.85 -0.40 -0.54 0.11 0.45 0.13 0.74
14.00 10.20 -564.47 197.94 64.53 -0.14 -0.52 -0.81 0.72 0.68 0.95 0.01
5.00 0.92 -693.32 149.06 198.47 0.52 0.74 0.37 0.24 0.28 0.78 0.32
35.00 137.15 592.14 395.72 162.38 -0.18 0.12 -0.90 0.80 0.93 0.74 0.44
20.00 39.48 185.58 -578.50 38.04 -0.20 -0.53 0.57 0.92 0.43 0.17 0.80
21.00 94.01 636.46 115.95 236.91 -0.59 -0.07 0.44 0.68 0.19 0.80 0.35
37.00 40.21 161.21 -367.25 -165.71 -0.74 0.04 -0.12 0.34 0.40 0.63 0.70
29.00 112.30 287.76 -471.50 26.00 0.33 0.25 -0.52 0.88 0.99 0.76 0.30
14.00 22.33 -176.10 -482.04 -386.07 -0.24 0.59 -0.52 0.57 0.03 0.18 0.47
13.00 47.02 657.68 135.06 279.17 -0.33 -0.38 0.93 0.54 0.04 0.60 0.36
8.00 2.73 316.67 -640.08 -164.91 -0.26 0.98 0.74 0.26 0.16 0.44 0.78
17.00 13.45 -142.00 367.08 -573.66 0.15 0.62 -0.92 0.02 0.90 0.74 0.18
11.00 2.98 -323.99 -303.97 -591.50 -0.89 -0.56 0.98 0.48 0.17 0.42 0.13
35.00 152.31 -317.72 380.44 -530.51 0.44 0.65 -0.73 0.92 0.01 0.25 0.54
9.00 19.18 167.91 -258.89 544.28 0.37 0.60 -0.85 0.20 0.34 0.58 0.92
12.00 4.31 659.43 -39.15 97.20 -0.44 -0.29 0.89 0.75 0.08 0.81 0.80
13.00 47.77 538.17 522.44 -97.13 0.22 -0.92 0.61 0.86 0.14 0.67 0.79
22.00 90.29 -63.54 -24.31 -413.38 -0.04 0.48 0.77 0.63 1.00 0.63 0.50
15.00 15.22 269.50 -408.53 544.96 0.47 0.29 0.25 0.66 0.30 0.94 0.98
13.00 40.77 237.76 -187.57 -84.43 -0.66 -0.18 -0.99 0.87 0.28 0.04 0.74
11.00 17.49 -254.78 -343.63 281.79 0.45 -0.75 -0.03 0.72 0.57 0.99 0.26
6.00 4.05 -383.56 301.53 -627.22 -0.66 -0.25 0.34 0.05 0.72 0.83 0.67
6.00 4.05 -325.06 -329.38 -413.39 0.64 -0.48 0.69 0.48 0.11 0.02 0.80
11.00 8.46 314.83 511.52 -125.32 0.81 -0.50 0.30 0.14 0.37 0.69 0.97
11.00 8.71 65.12 216.18 -218.45 0.21 -0.37 -0.82 0.68 0.87 0.57 0.93
15.00 8.30 -63.88 -208.45 -120.41 0.21 0.19 0.08 0.51 0.90 0.63 0.95
6.00 10.04 582.03 387.17 -214.72 0.52 0.45 -0.17 0.12 0.93 0.33 0.06
16.00 28.95 433.58 -210.70 306.25 -0.46 0.72 -0.67 0.26 0.53 0.78 0.84
11.00 6.13 231.80 -622.75 91.42 -0.26 0.47 -0.50 0.00 0.01 0.49 0.40
11.00 12.23 569.63 210.27 -310.63 -0.20 -0.82 0.52 0.25 0.69 0.53 0.44
17.00 60.22 468.47 -399.99 201.57 -0.46 -0.68 -0.05 0.33 0.82 0.75 0.23
13.00 46.47 -70.40 358.71 106.77 -0.33 0.44 0.24 0.58 0.96 0.95 0.06
17.00 74.23 274.11 -55.68 -365.03 0.31 -0.05 0.13 0.06 0.70 0.51 0.26
6.00 8.04 -189.95 -307.29 325.09 0.96 -0.43 0.98 0.20 0.89 0.38 0.87
11.00 7.88 149.89 301.54 -467.34 0.17 -0.64 0.64 0.85 0.32 0.20 0.67
15.00 43.49 244.89 531.62 -233.94 0.31 -0.20 -0.35 0.17 0.77 0.11 0.03
5.00 0.22 496.00 7.77 -43.59 0.75 0.84 -0.61 0.93 0.96 0.62 0.49
9.00 3.97 -587.10 258.92 84.32 0.86 -0.78 -0.23 0.47 0.34 0.20 0.89
6.00 3.63 395.43 -115.67 -25.32 0.80 0.01 0.35 0.21 0.09 0.56 0.50
21.00 105.83 685.15 -251.65 -184.37 -0.77 -0.91 -0.79 0.59 0.64 0.92 0.12
6.00 4.73 252.13 -32.94 513.62 0.85 0.43 -0.72 0.32 0.85 0.47 0.81
21.00 22.43 527.99 76.74 -500.33 0.41 -0.44 -0.05 0.21 0.67 0.45 0.03
10.00 17.72 -581.35 -130.49 343.89 -0.66 -0.23 0.20 0.26 0.82 0.17 0.03
18.00 62.47 -493.33 423.07 260.17 -0.72 0.56 0.27 0.08 0.18 0.02 0.61
8.00 16.05 263.08 203.08 438.95 0.84 0.91 -0.67 0.61 0.68 0.75 0.11
17.00 27.55 -59.22 -682.68 -270.48 0.38 0.83 -0.21 0.16 0.99 0.39 0.54
13.00 43.91 -283.82 -167.08 586.07 -0.97 -0.72 -0.54 0.63 0.64 0.13 0.01
13.00 29.86 -71.88 530.35 574.79 0.74 -0.46 -0.68 0.82 0.33 0.05 0.95
15.00 33.49 382.75 364.00 503.30 -0.26 -0.75 0.00 0.95 0.44 0.04 0.66
9.00 11.28 -87.11 441.95 -336.85 -0.38 0.08 0.14 0.70 0.61 0.50 0.64
9.00 14.75 -409.65 107.99 555.50 0.07 -0.28 -0.50 0.03 0.86 0.37 0.36
16.00 56.19 520.96 -249.39 197.88 0.95 0.78 0.52 0.93 0.08 0.48 0.47
27.00 182.88 603.50 -431.85 -114.18 -0.62 0.16 0.27 0.06 0.42 0.40 0.44
9.00 9.81 279.57 240.62 292.30 0.38 -0.34 -0.35 0.32 0.35 0.36 0.59
5.00 4.31 51.99 -381.21 202.15 0.05 -0.55 -0.15 0.52 0.34 0.04 0.52
8.00 1.57 -364.22 -494.05 407.55 -0.28 -0.45 -0.22 0.53 0.72 0.49 0.70
15.00 45.15 -728.87 -295.57 -80.68 0.58 -0.51 0.09 0.52 0.92 0.96 0.19
10.00 12.39 -573.62 -7.60 -443.52 0.32 0.48 -0.05 0.18 0.78 0.40 0.33
5.00 4.68 358.81 -303.20 606.32 -0.93 -0.64 0.08 0.86 0.09 0.68 0.20
6.00 4.65 -327.41 554.11 218.89 0.58 -0.80 -0.51 0.68 0.32 0.79 0.90
26.00 91.68 -237.88 -416.12 336.86 0.34 0.95 -0.34 0.66 0.43 0.39 0.53
19.00 67.83 158.81 -325.38 -88.11 0.02 -0.85 0.43 0.93 0.13 0.98 0.52
9.00 13.10 -180.76 -314.36 -563.10 -0.40 -0.26 -0.85 0.38 0.06 0.11 0.99
8.00 15.98 63.23 249.19 217.63 -0.39 0.10 0.51 0.43 0.90 0.58 0.72
14.00 9.78 -536.48 -530.50 -247.32 0.98 -0.33 -0.40 0.77 0.28 0.17 0.61
16.00 68.38 -208.14 -21.93 -228.73 -0.22 -0.85 -0.81 0.22 0.07 0.96 0.79
24.00 4.62 98.48 17.84 -74.23 0.38 0.55 0.32 0.78 0.97 0.37 0.19
7.00 11.08 -87.96 -688.33 -176.12 -0.36 0.39 0.29 0.28 0.45 0.15 0.31
11.00 20.49 457.32 -204.39 -464.20 -0.07 0.01 0.38 0.71 0.05 0.37 0.49
13.00 6.10 -547.53 256.27 -202.28 -0.44 -0.13 -0.05 0.89 0.28 0.65 0.79
9.00 5.60 224.48 425.20 -334.48 -0.58 -0.00 -0.22 0.11 0.82 0.63 0.37
13.00 34.52 177.29 530.98 -268.44 -0.04 -0.33 0.19 0.24 0.62 0.48 0.20
28.00 102.35 475.56 414.90 135.45 0.93 0.92 -0.69 0.95 0.31 0.09 0.43
14.00 19.48 -58.00 222.33 -49.93 -0.44 -0.91 -0.10 0.17 0.51 0.39 0.94
8.00 8.00 -145.70 81.29 -342.97 0.29 -0.35 0.78 0.54 0.68 0.56 0.96
5.00 0.98 429.81 424.27 99.91 -0.00 -0.65 -0.16 0.83 0.33 0.82 0.95
11.00 4.81 303.22 684.51 250.22 -0.74 0.56 0.49 0.53 0.70 0.58 0.77
8.00 8.81 434.50 -392.38 169.25 -0.50 -0.46 -0.24 0.43 0.55 0.22 0.56
18.00 63.86 764.47 -86.05 213.20 0.59 0.15 0.31 0.32 0.11 0.21 0.57
10.00 1.35 687.72 -160.00 225.13 0.92 0.11 -0.91 0.67 0.39 0.98 0.38
34.00 195.88 211.27 -106.74 26.92 -0.01 -0.44 0.85 0.81 0.77 0.60 0.39
12.00 0.22 -552.46 -38.35 -413.65 0.25 0.41 0.26 0.20 0.57 0.88 0.90
7.00 9.15 -325.08 282.83 -250.30 0.68 0.60 -0.48 0.57 0.50 0.04 0.91
18.00 55.50 370.20 -411.89 -157.12 -0.97 -0.55 -0.81 0.56 0.50 0.68 0.95
37.00 321.26 -421.64 368.96 -428.99 0.66 -0.79 -0.68 0.18 0.29 0.81 0.57
25.00 112.17 433.64 -274.67 -372.58 0.89 -0.22 -0.38 0.58 0.53 0.28 0.07
5.00 6.08 -543.39 -118.53 416.08 -0.13 0.27 0.22 0.39 0.87 0.77 1.00
10.00 14.45 -335.43 -162.25 -401.69 0.26 -0.12 -0.72 0.44 0.18 0.04 0.71
10.00 15.32 -588.43 21.23 -142.69 -0.41 0.96 -1.00 0.21 0.02 0.95 0.94
7.00 1.98 -194.40 -18.33 108.50 0.99 -0.55 -0.39 0.63 0.85 0.90 0.52
13.00 4.11 -124.43 369.88 -253.74 0.33 -0.76 -0.79 0.31 0.16 0.70 0.96
11.00 15.80 -580.69 298.11 -157.46 0.54 -0.18 -0.32 0.39 0.67 0.77 0.84
23.00 39.93 -189.63 -51.61 308.54 -0.88 -0.32 -0.93 0.95 0.57 0.53 0.63
20.00 91.74 483.37 386.25 -1.85 -0.94 -0.29 0.32 0.63 0.49 0.65 0.17
5.00 3.32 -271.19 528.54 26.94 0.95 -0.86 -0.80 0.04 0.31 0.96 0.54
14.00 4.84 185.08 98.10 706.93 -0.26 0.98 0.75 0.66 0.60 0.95 0.11
23.00 11.52 -187.73 352.40 -222.85 -0.33 -0.15 -0.67 0.57 0.94 0.55 0.24
14.00 9.46 285.35 32.91 197.79 0.15 -0.98 -0.93 0.41 0.42 0.96 0.71
33.00 48.67 215.60 735.82 78.97 0.22 0.80 -0.52 0.19 0.87 0.96 0.34
26.00 187.84 9.29 -210.95 -406.64 -0.29 0.13 0.09 0.15 0.59 0.48 0.47
11.00 32.56 -87.89 -396.06 -219.04 0.57 -0.21 0.66 0.32 0.89 0.72 0.40
5.00 5.77 390.10 -259.67 266.21 -0.77 0.38 -0.16 0.07 0.49 0.37 0.04
30.00 78.79 -451.66 -475.70 112.36 0.31 -0.27 -0.35 0.14 0.49 0.23 0.37
11.00 30.83 -298.14 574.75 -10.78 -0.71 -0.43 -0.82 0.16 0.70 0.01 0.49
16.00 18.48 -239.13 51.47 75.65 -0.14 -0.64 0.49 0.76 0.83 0.43 0.45
7.00 7.49 25.45 223.51 352.70 0.83 0.88 -0.17 0.90 0.00 0.34 0.26
18.00 72.09 452.17 147.44 -632.24 0.74 0.31 0.83 0.84 0.67 0.96 0.08
6.00 6.76 -642.59 108.80 -118.78 0.58 0.80 0.02 0.60 0.37 0.03 0.65
12.00 10.21 97.79 217.46 648.04 0.54 0.23 0.77 0.36 0.05 0.46 0.64
10.00 10.08 -185.88 -379.03 -354.29 0.90 -0.52 0.20 0.75 0.70 0.57 0.31
6.00 5.08 330.26 184.60 251.45 -0.09 -0.93 -0.82 0.83 0.53 0.73 0.03
24.00 59.95 594.11 446.56 -212.37 -0.36 0.08 0.66 0.05 0.78 0.36 0.32
15.00 4.88 -233.56 -142.41 741.81 -0.97 0.63 0.16 0.80 0.82 0.59 0.06
9.00 3.74 -513.89 340.52 296.70 0.32 -0.49 0.87 0.84 0.14 0.04 0.37
9.00 18.54 -107.98 -235.34 -668.78 -0.70 0.25 0.88 0.18 0.87 0.59 0.87
15.00 60.17 -115.69 -23.09 -775.87 0.62 -0.08 -0.16 0.47 0.82 0.15 0.12
8.00 3.48 -578.63 247.12 -110.33 0.71 -0.85 -0.81 0.86 0.69 0.95 0.24
6.00 0.48 -277.63 441.79 201.75 -0.00 0.73 0.27 0.70 0.80 0.01 0.70
21.00 104.99 5.62 -44.18 -284.32 0.91 0.91 0.07 0.68 0.67 0.00 0.88
19.00 86.53 -431.63 397.38 -337.99 -0.13 -0.70 0.85 0.94 0.21 0.84 0.12
10.00 9.92 421.36 331.97 -267.84 0.70 1.00 0.05 0.12 0.37 0.68 0.92
7.00 7.45 -515.97 264.68 192.39 0.13 0.16 -0.04 0.76 0.08 0.20 0.19
18.00 56.41 136.79 -679.89 -379.74 -0.79 0.58 0.82 0.31 0.32 0.49 0.96
24.00 90.54 -539.56 235.85 65.24 -0.73 0.84 0.73 0.13 0.13 0.08 0.57
14.00 33.76 -627.36 -291.19 -1.46 0.68 0.12 -0.84 0.01 0.87 0.47 0.82
13.00 19.92 378.32 68.83 274.79 0.18 -0.24 -0.78 0.24 0.03 0.32 0.20
12.00 23.80 539.85 -143.27 68.21 1.00 -0.58 0.54 0.53 0.80 0.70 0.10
5.00 3.31 88.42 -506.28 -1.18 -0.52 0.25 0.54 0.06 0.39 0.98 0.64
32.00 285.26 49.42 -73.19 -444.95 -0.87 0.97 0.25 0.87 0.19 0.38 0.00
13.00 40.97 332.93 -527.64 176.38 -0.37 -0.43 -0.57 0.86 0.65 0.64 0.61
15.00 20.42 -703.88 209.61 78.60 0.23 0.33 -0.74 0.15 0.14 0.24 0.62
5.00 0.68 -357.43 -1.50 541.10 0.11 0.25 -0.56 0.36 0.36 0.83 0.81
11.00 18.43 -20.14 -484.49 411.36 -0.65 -0.91 -0.62 0.67 0.64 0.27 0.19
23.00 74.49 35.05 -419.42 208.19 -0.05 -0.67 0.80 0.58 0.29 0.93 0.61
5.00 0.55 463.38 -65.03 498.05 -0.96 -0.14 0.49 0.66 0.47 0.69 0.84
8.00 11.31 -529.68 399.87 -190.38 -0.70 -0.56 0.55 0.57 0.05 0.35 0.35
6.00 2.47 421.36 507.32 -351.58 0.44 -0.25 -0.14 0.05 0.90 0.51 0.39
6.00 4.71 344.05 -427.99 -538.76 0.43 0.49 0.40 0.90 0.92 0.30 0.94
15.00 24.20 -480.88 2.67 -148.30 0.21 -0.57 -0.63 0.31 0.17 0.33 0.16
11.00 8.94 -83.59 -21.47 -229.46 -0.08 0.10 -0.31 0.40 0.31 0.11 0.59
5.00 1.10 -114.01 773.45 65.46 -0.46 0.90 -0.79 0.46 0.32 0.91 0.10
12.00 6.03 -3.05 46.78 559.29 0.10 -0.30 0.38 0.51 0.74 0.13 0.78
6.00 2.74 203.28 377.49 110.47 -0.76 -0.01 -0.50 0.93 0.31 0.94 1.00
8.00 5.55 -432.91 -123.70 -132.57 0.23 0.46 -0.27 0.42 0.08 0.14 0.53
7.00 9.73 241.48 -500.44 62.47 -0.10 0.73 -0.59 0.97 0.21 1.00 0.09
12.00 7.36 -240.93 -419.03 187.76 0.14 0.46 -0.87 0.48 0.75 0.43 0.03
9.00 4.69 108.25 -278.33 429.94 0.36 -0.45 0.05 0.59 0.02 0.80 0.36
22.00 62.73 608.58 27.23 210.22 0.86 0.21 0.62 0.38 0.53 0.09 0.75
27.00 12.16 387.04 52.40 106.18 -0.06 0.14 -0.85 0.14 0.77 0.32 0.56
10.00 22.62 -184.15 -530.49 -491.75 0.63 0.44 0.57 0.66 0.46 0.19 0.39
13.00 13.83 -540.50 -54.10 325.27 -0.33 -0.14 0.20 0.33 0.48 0.07 0.44
6.00 9.67 396.64 -127.10 551.04 -0.09 0.49 -0.08 0.04 0.40 0.81 0.80
16.00 63.60 307.84 -618.09 296.21 -0.74 -0.20 0.27 0.78 0.64 0.68 0.30
15.00 61.85 -114.41 -267.30 742.24 0.25 -0.87 0.21 0.97 0.32 0.79 0.27
10.00 15.15 137.54 442.70 -148.96 0.73 -0.51 0.87 0.74 0.16 0.82 0.12
8.00 16.34 -406.29 168.97 378.63 0.55 0.17 0.00 0.45 0.04 0.84 0.05
5.00 4.67 -484.50 -429.40 -311.09 -0.85 -0.94 -0.15 0.35 0.58 0.52 0.34
11.00 1.78 -243.78 132.48 -398.55 0.48 -0.46 -0.81 0.50 0.15 0.47 0.14
12.00 40.91 21.94 -338.62 198.99 0.99 0.73 0.13 0.99 0.25 0.32 0.89
7.00 8.85 193.81 249.17 -327.84 0.30 -0.98 0.49 0.29 0.26 0.46 0.80
12.00 4.80 548.48 409.64 -3.64 -0.88 0.74 0.49 0.77 0.33 0.92 0.99
22.00 61.14 495.74 582.07 -167.88 0.71 0.00 -0.01 0.81 0.07 0.60 0.32
6.00 9.82 -501.62 -262.62 340.01 -0.75 0.33 -0.19 0.21 0.29 0.58 0.72
9.00 16.79 -0.97 -147.21 475.00 0.32 0.75 -0.08 0.84 0.18 0.05 0.11
13.00 16.94 -586.12 -18.73 -153.56 0.02 -0.74 0.70 0.11 0.73 0.67 0.62
28.00 20.98 548.82 477.13 -145.99 -0.04 -0.43 -0.71 0.22 0.21 0.01 0.50
11.00 24.17 -41.34 -104.16 -628.14 -0.72 0.06 -0.20 0.72 0.72 0.58 0.25
11.00 20.15 263.50 1.86 -432.20 -0.32 0.50 0.61 0.78 0.85 0.42 0.05
20.00 97.75 -284.12 183.25 422.63 0.20 0.63 0.17 0.77 0.76 0.86 0.26
24.00 60.51 -677.13 58.63 245.39 0.06 -0.85 0.41 0.15 0.34 0.56 0.48
8.00 11.08 143.77 -527.93 273.75 0.27 -0.91 -0.91 0.09 0.26 0.31 0.01
8.00 6.28 -199.43 82.08 -461.65 -0.92 -0.25 -0.93 0.31 0.28 0.02 0.97
11.00 17.96 58.95 -38.21 57.54 0.67 -0.25 0.84 0.95 0.17 0.97 0.90
18.00 25.86 143.47 352.08 265.95 0.98 -0.86 -0.67 0.69 0.56 0.58 0.72
14.00 42.76 22.88 -255.56 469.05 -0.57 -0.12 0.66 0.61 0.44 0.22 0.64
14.00 25.29 132.41 531.84 -498.23 0.14 -0.80 -0.15 0.27 0.65 0.17 0.70
37.00 169.79 -474.26 -602.49 -37.63 0.69 0.51 -0.13 0.86 0.60 0.74 0.85
25.00 84.13 -237.17 200.96 558.64 -0.79 0.51 0.52 0.36 0.91 0.51 0.88
6.00 1.76 193.29 -401.66 650.66 0.08 0.26 0.60 0.22 0.99 0.85 0.48
26.00 111.08 251.73 -223.16 -136.35 -0.05 -0.46 0.21 0.16 0.40 0.88 0.99
7.00 5.13 93.57 -685.39 -136.42 -0.92 -0.42 0.53 0.48 0.19 0.25 0.78
8.00 12.81 -294.23 -224.50 348.53 -0.92 -0.79 -0.25 0.27 0.09 0.22 0.15
6.00 8.96 -260.83 -697.73 87.82 -0.36 0.12 -1.00 0.95 0.30 0.16 0.26
13.00 17.82 249.68 -327.33 -66.34 -0.27 -0.58 0.92 0.02 0.65 0.35 0.27
8.00 2.89 764.05 -214.48 -86.35 0.23 0.28 0.91 0.97 0.77 0.95 1.00
5.00 3.32 -416.18 211.48 -0.18 -0.45 -0.77 -0.85 0.47 0.96 0.40 0.98
8.00 13.53 -443.62 5.47 34.36 -0.86 0.73 0.33 0.25 0.77 0.11 0.33
14.00 31.63 -123.81 505.75 -497.92 -0.97 -0.43 -0.42 0.75 0.19 0.79 0.07
19.00 71.20 141.17 -757.22 -89.64 0.87 0.87 -0.36 0.12 0.35 0.02 0.31
12.00 19.98 -302.13 -194.48 641.67 -0.76 0.01 0.25 0.89 0.28 0.21 0.87
5.00 0.65 -257.61 305.98 634.91 0.61 0.20 -0.16 0.01 0.55 0.89 0.99
8.00 10.67 -379.83 99.40 -465.74 -0.22 0.60 0.96 0.97 0.09 0.44 0.56
6.00 8.36 122.50 440.15 -565.37 -0.07 0.85 0.69 0.92 0.34 0.36 0.61
9.00 14.21 -105.23 -168.36 670.90 -0.43 0.67 -0.57 0.27 0.53 0.05 0.28
30.00 0.18 3.18 -782.12 66.53 -0.13 -0.49 0.31 0.11 0.75 0.33 0.53
7.00 8.93 173.62 117.13 -37.94 -0.24 -0.21 -0.24 0.22 0.90 0.24 0.54
6.00 4.41 -338.12 322.82 -106.19 0.10 0.42 -0.35 0.62 0.68 0.09 0.63
26.00 20.27 308.36 -153.14 663.52 0.80 -0.48 0.72 0.35 0.53 0.20 0.64
10.00 22.47 348.14 114.73 555.43 -0.65 0.62 -0.98 0.52 0.85 0.47 0.98
25.00 97.43 252.46 -523.51 -536.23 -0.03 -0.46 0.19 0.67 0.05 0.42 0.23
6.00 2.80 -195.30 509.56 428.83 -0.52 -0.08 -0.11 0.88 0.77 0.51 0.84
7.00 12.86 361.21 374.49 213.43 0.35 0.23 -0.55 0.56 0.94 0.04 0.38
15.00 8.86 -423.18 71.48 -94.07 0.26 0.74 -0.54 0.83 0.84 0.58 0.79
6.00 6.83 -339.54 -295.07 -315.09 -0.96 -0.72 0.28 0.34 0.13 0.82 0.63
9.00 5.31 226.47 -416.92 643.21 -0.86 0.30 -0.34 0.90 0.14 0.02 0.85
11.00 24.70 -115.73 215.75 591.40 0.33 0.28 -0.81 0.67 0.80 0.66 0.06
10.00 4.42 -615.19 -79.62 -348.41 0.35 0.21 0.06 0.50 0.15 0.50 0.94
12.00 32.14 656.55 -60.22 -174.81 0.27 0.58 -0.92 0.97 0.20 0.72 0.37
15.00 4.56 356.11 60.45 181.57 -0.81 -0.19 0.99 0.72 0.76 0.28 0.80
8.00 17.91 483.08 280.79 433.88 0.63 0.46 -0.17 0.26 0.09 0.21 0.45
6.00 4.26 -376.23 -406.41 33.84 -0.47 -0.85 0.15 0.27 0.33 0.66 0.62
9.00 10.61 -133.63 -297.42 529.68 0.51 -0.40 -0.82 0.96 0.24 0.81 0.93
19.00 96.67 258.73 -34.22 -232.33 0.57 -0.66 0.78 0.56 0.62 0.25 0.82