19.43 150
33.00 0.39 -16.29 106.89 -1.61 1.07 0.68 -2.20 0.71 0.30 0.88 0.58
35.00 0.75 -101.68 -126.94 73.39 1.80 -0.55 0.60 0.05 0.45 0.92 0.49
23.00 0.34 115.19 130.34 79.89 2.20 -0.28 -0.62 0.02 0.51 0.12 0.94
21.00 0.12 -15.51 125.17 -112.09 -0.55 0.07 1.47 0.27 0.25 0.32 0.57
13.00 0.52 82.41 -134.69 -39.55 -0.95 -2.20 -0.45 0.08 0.67 0.96 0.50
11.00 0.55 14.86 -18.13 -74.29 -0.98 -0.68 0.50 0.58 0.17 0.56 0.86
18.00 0.61 -137.31 -65.23 -27.39 1.77 1.35 1.12 0.69 0.14 0.85 0.49
25.00 0.29 -58.76 -91.77 -8.10 -0.75 -0.75 -1.68 0.00 0.93 0.26 0.36
11.00 0.51 45.55 149.97 -10.89 -0.85 0.65 -0.88 0.68 0.63 0.62 0.62
28.00 0.80 112.30 23.77 -22.99 2.33 1.93 2.35 0.88 0.64 0.78 0.65
27.00 0.06 56.07 -40.09 153.75 -2.42 -0.47 1.77 0.46 0.00 0.99 0.96
24.00 0.62 -159.45 -73.83 92.42 0.25 -0.98 -1.10 0.58 0.09 0.34 0.78
5.00 0.79 95.22 47.69 124.92 2.30 -1.68 1.50 0.74 0.22 0.09 0.82
39.00 0.15 51.61 -13.28 12.40 1.12 -0.40 -0.88 0.27 0.37 0.31 0.56
27.00 0.73 -148.89 91.67 -34.71 0.85 -1.05 -0.18 0.28 0.76 0.11 0.58
35.00 0.03 -78.09 25.16 96.11 -0.65 -1.95 -0.00 0.72 0.53 0.92 0.52
23.00 0.06 100.40 -89.12 -120.62 -2.20 2.23 1.52 0.82 0.50 0.87 0.45
13.00 0.09 77.70 171.97 -23.23 0.38 0.93 -0.60 0.13 0.29 0.46 0.32
16.00 0.27 -114.66 -104.80 -83.92 -0.30 -1.93 1.60 0.07 0.06 0.52 0.46
14.00 0.12 55.48 -100.68 -29.50 2.17 1.17 -1.35 0.61 0.03 0.16 0.52
10.00 0.69 16.81 127.20 -98.97 -1.62 -0.85 -1.00 0.44 0.76 0.53 0.97
6.00 0.01 -156.48 -22.61 51.53 0.93 0.40 0.53 0.18 0.63 0.34 0.84
7.00 0.21 -9.52 -101.34 120.87 -0.85 2.33 -0.80 0.15 0.55 0.28 0.60
18.00 0.45 -49.38 -189.18 39.33 2.03 -0.43 0.15 0.00 0.85 0.98 0.04
6.00 0.38 -58.30 -12.11 -136.96 -1.75 -0.20 2.15 0.86 0.01 0.62 0.13
19.00 0.42 -38.33 27.14 -106.32 0.45 0.62 -2.12 0.26 0.57 0.84 0.22
17.00 0.48 -99.13 -63.65 -126.42 1.20 -0.15 -2.00 0.83 0.91 0.74 0.83
18.00 0.39 -26.20 74.38 126.37 -1.05 2.25 -0.33 0.29 0.48 0.18 0.19
24.00 0.46 -28.66 104.38 87.30 -1.95 2.35 0.22 0.43 0.21 0.25 0.24
6.00 0.18 138.63 112.49 -73.72 1.25 -1.62 1.62 0.38 0.55 0.52 0.86
24.00 0.47 113.83 -123.99 -80.88 -1.25 1.17 0.70 0.57 0.60 0.57 0.67
33.00 0.06 104.12 14.81 158.04 0.47 2.12 -1.15 0.40 0.39 0.28 0.69
39.00 0.77 -20.39 -57.14 -148.18 0.43 -1.40 -2.15 0.51 0.61 0.18 0.05
7.00 0.39 -100.17 102.09 -9.59 0.75 1.17 -2.48 0.76 0.44 0.21 0.94
26.00 0.09 -127.77 2.15 153.28 0.38 1.95 -1.57 0.39 0.24 0.30 0.31
33.00 0.81 22.70 39.76 133.87 -0.80 1.15 -0.85 0.66 0.86 0.92 0.48
20.00 0.29 102.29 39.72 -120.77 1.47 -2.48 -1.88 0.89 0.11 0.87 0.98
33.00 0.24 -126.00 -7.84 -102.31 -1.82 0.40 0.83 0.97 0.95 0.04 0.79
7.00 0.55 -115.73 -61.89 35.24 -1.77 -0.05 0.93 0.87 0.67 0.69 0.09
12.00 0.03 -3.13 -64.86 76.92 2.05 -2.05 1.38 0.95 0.90 0.81 0.70
18.00 0.45 -94.20 -4.17 9.19 2.00 1.50 2.23 0.76 0.36 0.80 0.14
18.00 0.07 77.38 -24.26 86.39 1.05 -2.07 -2.35 0.17 0.31 0.93 0.11
18.00 0.68 -12.32 154.21 -56.45 2.35 -0.12 -0.07 0.59 0.83 0.75 0.00
17.00 0.70 95.96 -135.48 104.13 -2.35 1.50 -0.12 0.05 0.07 0.90 0.44
22.00 0.02 -14.62 -125.93 -13.57 0.15 -1.02 -1.05 0.75 0.64 0.46 0.82
28.00 0.35 63.60 -44.76 -130.48 0.62 -0.75 2.48 0.04 0.32 0.92 0.77
7.00 0.44 -27.59 164.86 -12.71 1.77 2.05 -2.42 0.64 0.57 0.82 0.45
5.00 0.74 -49.56 -82.25 93.74 1.72 0.75 0.10 0.67 0.82 0.55 0.94
10.00 0.40 61.43 -121.45 -54.36 -1.12 1.20 -1.07 0.48 0.63 0.57 0.06
17.00 0.23 154.80 -42.08 35.70 1.80 1.42 -0.25 0.77 0.11 0.51 0.41
7.00 0.04 -145.70 27.34 -5.35 -1.60 -0.65 -0.20 0.70 0.33 0.79 0.27
12.00 0.37 103.40 -62.55 -156.86 0.72 -0.43 -2.48 0.53 0.99 0.21 0.95
16.00 0.44 -120.10 14.75 -36.83 1.05 1.20 -1.68 0.05 0.92 0.51 0.91
8.00 0.10 -63.29 120.43 105.31 2.30 -1.25 1.27 0.26 0.21 0.95 0.52
11.00 0.29 62.63 95.12 87.40 0.53 0.03 -0.70 0.44 0.26 0.51 0.89
7.00 0.04 21.23 152.05 23.15 -2.00 -1.75 0.40 0.66 0.75 0.40 0.50
38.00 0.04 145.83 -0.52 86.45 -1.68 0.07 0.58 0.96 0.49 0.47 0.14
8.00 0.32 -77.79 -62.37 27.70 0.43 -2.35 -0.78 0.40 0.67 0.58 0.86
16.00 0.67 -40.30 -126.44 -51.42 2.25 0.28 0.45 0.76 0.85 0.36 0.81
7.00 0.56 -6.42 -137.38 105.05 1.02 0.98 1.15 0.08 0.78 0.37 0.86
20.00 0.56 8.29 -73.24 -81.65 -2.27 1.57 -0.47 0.21 0.77 0.20 0.52
10.00 0.64 -59.40 74.01 -109.79 -0.20 2.20 -0.47 0.55 0.81 0.50 0.81
5.00 0.72 -55.73 131.54 60.51 -2.00 -0.83 -0.00 0.08 0.69 0.06 0.25
19.00 0.79 16.20 80.12 -172.25 -1.68 0.75 1.45 0.22 0.68 0.28 0.99
11.00 0.07 29.55 142.64 79.22 2.00 -0.80 0.35 0.83 0.46 0.50 0.59
5.00 0.26 -106.57 -74.57 25.58 1.02 -1.23 0.93 0.94 0.29 0.07 0.03
39.00 0.02 40.05 -194.32 17.63 -0.47 1.42 -2.50 0.23 0.31 0.70 0.60
34.00 0.53 71.09 78.88 -72.68 1.35 1.20 -2.30 0.69 0.76 0.65 0.57
6.00 0.53 -66.54 -94.19 -69.13 -2.38 -2.20 0.28 0.76 0.68 0.41 0.05
7.00 0.81 -8.79 189.04 -5.69 0.93 0.80 -0.18 0.05 0.01 0.12 0.34
27.00 0.16 127.00 154.26 -1.23 0.33 -0.50 0.53 0.48 0.50 0.80 0.63
8.00 0.53 115.00 -102.39 13.08 0.50 -0.72 1.35 0.35 0.77 0.61 0.55
13.00 0.80 -50.87 -77.80 59.87 -0.83 2.12 -0.65 0.62 0.43 0.91 0.75
17.00 0.79 -21.28 36.85 25.84 -2.00 -0.53 -0.72 0.15 0.84 0.14 0.23
15.00 0.56 156.47 40.10 -116.10 -0.45 2.15 1.57 0.99 0.96 0.81 0.49
17.00 0.12 -107.58 -57.68 61.03 -0.10 -0.43 -1.77 0.50 0.76 0.71 0.03
5.00 0.17 119.16 61.82 -6.14 -2.38 2.48 1.85 0.17 0.97 0.80 0.20
14.00 0.72 69.53 91.26 -150.52 -2.12 1.35 1.20 0.99 0.05 0.68 0.30
10.00 0.10 -186.66 12.59 -11.73 2.40 2.20 -1.77 0.59 0.84 0.47 0.38
19.00 0.54 42.02 55.61 42.71 -2.35 -1.82 2.42 0.53 0.34 0.00 0.99
17.00 0.69 1.48 41.71 186.06 -1.38 1.10 -1.05 0.66 0.94 0.86 0.84
31.00 0.60 -37.94 -18.31 161.53 -1.93 -0.35 -0.70 0.74 0.72 0.61 0.88
13.00 0.24 143.10 68.83 96.98 -1.88 -0.95 2.38 0.53 0.97 0.56 0.48
8.00 0.42 -126.43 70.45 -65.97 0.60 2.20 0.43 0.44 0.15 0.60 0.27
17.00 0.14 28.35 112.42 -39.90 -2.38 -1.95 -1.07 0.01 0.24 0.51 0.23
9.00 0.79 -92.06 48.61 -141.14 -0.43 0.93 0.18 0.37 0.24 0.69 0.20
10.00 0.75 87.70 72.44 44.77 -1.02 -0.18 0.85 0.45 0.84 0.99 0.34
11.00 0.37 40.18 -130.46 66.36 1.02 -1.15 -2.00 0.59 0.48 0.34 0.28
7.00 0.55 25.41 183.45 72.84 2.30 -1.77 1.52 0.84 0.67 0.92 0.05
8.00 0.69 -113.42 78.62 -116.85 -1.38 0.62 -1.38 0.87 0.96 0.82 0.51
24.00 0.25 -133.02 -139.92 -1.79 0.93 1.55 2.33 0.35 0.58 0.99 0.41
32.00 0.23 40.73 -113.27 -121.96 0.70 -0.12 1.45 0.37 0.23 0.46 0.81
9.00 0.46 146.90 -16.66 -111.60 1.52 1.38 1.12 0.69 0.78 0.84 0.45
10.00 0.76 -81.88 -23.53 -68.87 1.45 2.15 2.00 0.59 0.88 0.16 0.90
9.00 0.68 -33.48 -67.48 101.56 -2.40 -0.40 -0.30 0.99 0.14 0.25 0.69
6.00 0.06 95.12 115.05 -26.42 0.70 -1.38 0.20 0.98 0.10 0.22 0.87
6.00 0.52 32.80 -50.98 43.13 -0.80 0.47 -1.00 0.72 0.98 0.96 0.16
10.00 0.22 68.46 -91.12 39.76 2.07 -1.68 -2.33 0.92 0.21 0.08 0.24
29.00 0.17 -55.43 -116.69 -108.28 1.62 -2.05 -1.57 0.05 0.88 0.31 0.98
7.00 0.31 31.67 129.44 -12.13 2.17 -1.25 -2.10 0.40 0.79 0.20 0.81
13.00 0.55 -175.48 -28.92 -34.92 -0.18 -0.33 0.30 0.56 0.05 0.94 0.78
17.00 0.41 -27.80 69.05 -181.65 -1.90 1.55 1.40 0.60 0.97 0.79 0.27
5.00 0.57 -108.42 31.07 -127.57 0.72 1.45 -1.00 0.84 0.44 0.49 0.56
7.00 0.75 -67.68 40.03 -167.11 -1.55 2.42 -0.07 0.81 0.01 0.52 0.40
7.00 0.70 73.51 134.80 2.64 -0.33 -0.80 2.35 0.85 0.51 0.67 0.91
8.00 0.02 -97.99 38.76 -71.07 1.80 0.28 -0.47 0.17 0.57 0.21 0.62
27.00 0.70 28.57 184.03 -46.59 -0.85 1.38 0.18 0.38 0.05 0.34 0.73
12.00 0.44 167.51 1.17 27.11 2.00 -1.12 2.40 0.71 0.41 0.13 0.89
5.00 0.67 109.99 -64.45 106.16 1.55 1.12 -0.62 0.89 0.96 0.20 0.56
14.00 0.46 -39.85 -24.06 -16.55 -2.27 -1.15 -0.28 0.66 0.80 0.36 0.91
15.00 0.36 -27.62 33.64 118.48 1.40 1.25 2.40 0.46 0.95 0.30 0.14
11.00 0.33 8.99 12.73 50.82 -1.17 1.35 -1.82 0.73 0.75 0.89 0.25
21.00 0.75 -29.79 -168.54 87.49 -2.33 0.25 -0.55 0.14 0.30 0.88 0.88
12.00 0.50 -71.48 163.43 -86.28 -0.12 0.78 -0.98 0.84 0.83 0.36 0.37
22.00 0.02 -73.41 169.42 -38.01 -0.60 1.30 1.60 0.44 0.19 0.17 0.58
9.00 0.61 2.20 171.19 91.47 -1.15 1.02 -1.65 0.41 0.61 0.89 0.93
14.00 0.05 126.26 -28.25 -76.56 1.15 -2.15 1.10 0.94 0.31 0.48 0.80
12.00 0.37 129.38 -85.17 76.65 -0.75 -0.75 2.25 0.90 0.61 0.11 0.59
25.00 0.04 -176.37 -54.46 42.55 0.93 -1.75 -1.05 0.77 0.71 0.57 0.62
16.00 0.07 121.75 110.30 -45.26 -0.70 -1.40 2.25 0.72 0.75 0.33 0.27
5.00 0.50 14.10 -111.12 -61.57 0.90 -0.40 -2.20 0.56 0.51 0.39 0.29
20.00 0.33 -162.52 32.12 29.70 -1.82 -0.30 -1.68 0.49 0.90 0.69 0.32
25.00 0.23 69.30 88.71 -3.51 -1.55 -2.25 -0.90 0.15 0.82 0.05 0.00
26.00 0.19 -139.02 70.79 99.07 -0.28 1.60 -2.10 0.26 0.14 0.14 0.85
10.00 0.08 -150.83 -62.28 -87.31 -2.20 -0.10 -0.72 0.06 0.82 0.13 0.22
28.00 0.02 -87.29 106.42 28.57 -1.85 1.77 -1.33 0.33 0.20 0.33 1.00
16.00 0.73 -150.48 84.88 19.78 -2.12 0.55 -0.25 0.81 0.14 0.17 0.56
20.00 0.21 184.96 0.18 -22.50 2.03 1.68 -2.25 0.07 0.62 0.25 0.99
12.00 0.64 -71.16 133.21 -85.95 -2.40 -2.27 1.07 0.74 0.19 0.11 0.94
8.00 0.04 -104.90 -111.75 -21.16 0.72 -1.80 -1.17 0.39 0.22 0.77 0.26
12.00 0.03 148.05 -117.74 38.11 -1.05 0.07 -2.15 0.38 0.16 0.70 0.42
26.00 0.30 128.31 -55.57 134.25 -0.75 -1.82 0.22 0.56 0.60 0.42 0.46
12.00 0.49 -74.11 -30.01 -6.64 -1.90 0.68 2.42 0.20 0.07 0.02 0.59
9.00 0.01 -0.59 -103.25 23.00 2.03 -0.68 -0.25 0.46 0.57 0.56 0.85
15.00 0.39 170.13 -13.61 -73.70 -1.75 0.93 1.35 0.97 0.86 0.99 0.86
12.00 0.60 56.59 140.41 -61.39 -2.45 -2.45 0.15 0.33 0.34 0.79 0.77
10.00 0.44 85.62 136.82 -31.96 -0.98 1.50 -0.25 0.28 0.38 0.28 0.19
18.00 0.64 -81.47 -34.91 -171.65 -1.85 -1.93 0.28 0.58 0.50 0.53 0.28
33.00 0.66 -88.55 72.79 158.72 2.00 -1.47 -0.98 0.96 0.84 0.78 0.45
11.00 0.21 101.12 -164.54 -7.38 -0.60 1.30 0.58 0.68 0.90 0.71 0.39
8.00 0.05 93.91 -45.27 -105.32 -0.58 1.20 0.68 0.61 0.81 0.55 0.09
17.00 0.70 163.30 -78.06 -16.06 1.20 0.95 -2.25 0.03 0.10 0.34 0.89
13.00 0.00 -55.67 -48.12 119.65 1.70 -1.27 1.95 0.61 0.73 0.15 0.88
10.00 0.36 87.98 98.73 -131.23 -1.30 -0.15 -0.45 0.20 0.76 0.28 0.19
10.00 0.04 149.89 -102.03 -52.88 0.65 -1.50 -2.27 0.34 0.78 0.82 0.54
20.00 0.10 26.01 6.33 -110.05 -2.00 -2.07 -0.33 0.42 0.15 1.00 0.02
6.00 0.79 49.57 -142.75 -45.31 -2.45 -0.28 -1.30 0.02 0.41 0.46 0.61
12.00 0.30 -8.52 -142.48 21.42 1.07 -0.93 1.35 0.95 0.92 0.37 0.56
16.00 0.30 -21.77 -84.23 22.04 1.50 0.78 -2.10 0.07 0.49 0.67 0.51
11.00 0.63 11.60 -31.62 75.84 0.88 0.33 -2.23 0.37 0.04 0.48 0.48
