3.04 1012
8.00 18.23 286.27 252.58 -676.46 -0.69 0.62 -0.04 0.31 0.66 0.99 0.56
29.00 190.97 -56.94 402.26 -182.02 0.27 -0.03 -0.57 0.00 0.45 0.12 0.77
17.00 20.29 -5.03 -74.44 -440.36 -0.98 -0.92 -0.42 0.36 0.02 0.48 0.55
18.00 29.40 30.62 -335.22 -397.26 -0.26 0.96 -0.19 0.48 0.18 0.04 0.80
13.00 11.18 -284.46 -147.23 -360.61 0.90 -0.62 0.24 0.50 0.10 0.91 0.91
14.00 4.04 -238.14 -338.94 -255.63 0.97 -0.03 0.10 0.04 0.93 0.77 0.35
11.00 13.33 22.58 187.94 -750.16 -0.02 0.43 0.82 0.20 0.08 0.59 0.06
7.00 2.27 -488.63 110.16 8.00 -0.25 0.76 0.63 0.19 0.56 0.92 0.61
11.00 28.13 53.72 4.32 -787.18 -0.57 -0.94 -0.03 0.34 0.14 0.53 0.30
7.00 8.23 365.41 -594.23 311.68 -0.03 -0.72 0.68 0.49 0.79 0.23 0.73
18.00 99.44 -182.16 -305.56 643.51 0.07 -0.18 -0.21 0.35 0.52 0.79 0.67
5.00 6.76 378.10 -347.42 -347.76 -0.18 0.77 0.66 0.22 0.13 0.87 0.60
11.00 13.84 -410.90 -10.36 661.12 -0.74 -0.71 -0.54 0.12 0.47 0.35 0.72
5.00 3.31 462.17 341.23 -16.98 0.87 0.73 0.88 0.66 0.20 0.13 0.09
5.00 5.36 -33.92 -598.22 386.48 0.83 0.87 -0.05 0.18 0.35 0.08 0.84
12.00 5.95 111.03 -225.93 -282.23 0.87 -0.22 1.00 0.51 0.49 0.49 0.89
8.00 18.65 224.64 368.20 -116.56 0.33 0.24 -0.88 0.43 0.79 0.30 0.60
22.00 100.04 275.95 225.56 -633.83 -0.72 0.45 0.66 0.98 0.09 0.71 0.75
23.00 97.58 460.29 -64.75 0.10 -0.37 0.12 -0.41 0.73 0.23 0.60 0.61
25.00 46.08 -351.79 -298.74 -547.52 0.48 0.26 0.20 0.20 0.36 0.00 0.05
13.00 52.40 296.91 59.73 640.43 -0.45 -0.24 -0.43 0.72 0.73 0.26 0.41
37.00 207.31 124.67 -625.57 182.90 -0.83 -0.22 -0.32 0.60 0.97 0.56 0.79
6.00 10.50 -139.55 699.24 -96.16 0.55 0.72 0.56 0.51 0.43 0.73 0.20
19.00 35.13 703.62 -345.36 -61.28 -0.21 -0.81 0.68 0.49 0.47 0.36 0.46
5.00 5.26 -276.15 -242.39 144.24 -0.64 -0.85 0.92 0.70 0.35 0.13 0.80
9.00 22.39 244.11 647.77 -244.74 -0.92 -0.13 0.30 0.61 0.85 0.85 0.13
17.00 56.41 95.68 -296.74 366.91 0.56 0.65 -0.84 0.51 0.99 0.40 0.74
19.00 74.99 77.03 167.98 354.39 -0.24 -0.63 0.86 0.69 0.57 0.81 0.56
5.00 2.83 514.89 122.21 360.83 -0.82 0.24 -0.02 0.31 0.69 0.73 0.28
5.00 7.66 265.77 233.70 -4.31 -0.95 -0.45 0.66 0.32 0.44 0.67 0.62
20.00 15.32 -699.68 -319.37 -140.26 0.67 -0.02 -0.03 0.54 0.10 0.47 0.91
12.00 40.85 -48.29 731.73 -81.49 0.83 0.73 0.34 0.39 0.91 0.81 0.15
25.00 37.20 463.21 570.49 307.75 0.76 -0.75 0.19 0.76 0.16 0.04 0.66
29.00 161.85 519.28 185.51 -475.02 -0.91 -0.84 0.02 0.35 0.79 0.73 0.66
6.00 10.97 -505.87 -427.57 421.67 0.04 -0.48 -0.68 0.09 0.86 0.67 0.08
6.00 0.65 -101.42 -6.79 496.04 -0.47 0.09 -0.55 0.91 0.27 0.86 0.08
8.00 16.89 224.76 473.45 -343.81 0.83 -0.53 0.57 0.82 0.36 0.26 0.34
20.00 33.56 552.29 321.24 22.88 -0.24 -0.10 -0.80 0.88 0.67 0.02 0.10
7.00 3.95 -97.09 353.71 562.55 0.74 -0.84 -0.12 0.38 0.76 0.17 0.14
37.00 169.53 -565.79 42.16 -382.93 0.60 0.49 0.14 0.79 0.44 0.26 0.58
11.00 14.61 -0.53 -244.42 612.40 -0.40 -0.19 0.02 0.89 0.86 0.06 0.31
5.00 7.39 491.93 349.95 -71.02 -0.85 -0.53 -0.55 0.11 0.66 0.07 0.67
36.00 338.58 -418.47 -575.89 358.17 -0.09 -0.84 -0.37 0.10 0.91 0.30 0.45
20.00 78.96 -304.31 36.99 -58.96 0.70 -0.20 -0.86 0.66 0.68 0.33 0.73
15.00 22.59 -500.93 -593.50 183.33 -0.02 -0.57 0.93 0.17 0.14 0.53 0.01
6.00 1.36 752.91 1.75 -162.18 -0.63 -0.61 -0.42 0.48 0.22 0.08 0.15
34.00 39.28 -577.45 38.79 -295.78 0.60 -0.06 -0.09 0.96 0.56 0.26 0.72
13.00 7.28 -90.21 -316.65 -103.49 0.03 -0.98 -0.36 0.41 0.73 0.98 0.34
11.00 35.65 -281.25 165.76 -631.48 -0.57 0.12 -0.94 0.21 0.02 0.28 0.37
29.00 50.37 -126.74 381.26 -651.23 -0.56 -0.40 0.61 0.84 0.62 0.94 0.71
11.00 20.87 479.52 404.47 71.43 -0.63 -0.30 0.72 0.17 0.10 0.37 0.25
16.00 23.97 -185.62 -193.23 -132.43 0.18 -0.41 0.18 0.03 0.91 0.39 0.94
20.00 72.61 444.87 -248.41 379.57 0.29 -0.14 -0.50 0.00 0.16 0.45 0.21
12.00 15.10 -766.85 124.22 7.01 -0.76 0.13 -0.61 0.12 0.61 0.98 0.53
12.00 25.31 198.25 258.10 -585.91 -0.42 -0.12 -0.04 0.28 0.24 0.88 0.07
9.00 11.51 409.97 -630.56 -128.87 -0.22 -0.07 -0.26 0.26 0.61 0.08 0.15
15.00 27.17 295.83 446.16 -395.42 0.65 0.98 0.52 0.24 0.20 0.63 0.69
19.00 41.27 397.97 -38.81 167.00 -0.91 0.43 -0.81 0.99 0.72 0.02 0.90
14.00 5.28 -38.15 -271.28 577.32 -0.65 1.00 -0.66 0.26 0.42 0.17 0.39
6.00 0.30 -67.18 343.04 303.34 -0.06 0.08 -0.54 0.92 0.07 0.32 0.20
5.00 6.59 -450.97 190.35 533.91 -0.65 0.30 0.86 0.76 0.91 0.33 0.50
10.00 20.88 -257.00 217.59 -478.37 0.03 0.51 0.83 1.00 0.46 0.84 0.32
10.00 4.52 449.99 -596.61 27.61 -0.73 -0.05 0.35 0.05 0.77 0.95 0.34
32.00 91.91 -583.13 -469.03 113.13 -0.28 -0.67 0.06 0.51 0.07 0.19 0.50
5.00 7.32 -364.67 -60.18 695.48 0.02 0.02 0.47 0.53 0.02 0.67 0.74
6.00 5.71 -172.69 -147.90 328.87 0.98 -0.15 0.28 0.37 0.66 0.40 0.13
8.00 19.57 -41.20 571.08 -469.30 0.88 0.74 0.89 0.55 0.62 0.62 0.49
14.00 34.93 395.40 454.29 304.45 0.93 -0.97 -0.56 0.29 0.90 0.70 0.41
8.00 16.93 -75.71 -283.57 394.43 0.25 0.55 -0.02 0.96 0.62 0.61 0.33
10.00 16.56 -499.23 340.55 -229.24 -0.00 0.05 -0.66 0.49 0.39 0.19 0.20
9.00 1.21 -319.97 64.45 89.75 0.85 -0.76 -0.66 0.30 0.20 0.30 0.45
23.00 138.36 -58.18 -629.63 -458.00 -0.42 0.25 -0.29 0.56 0.50 0.49 0.19
26.00 176.30 -105.46 287.71 343.55 -0.98 0.99 0.40 0.67 0.75 0.60 0.45
21.00 38.26 -118.62 -561.20 -104.24 0.71 0.98 -0.08 0.65 0.95 0.87 0.41
12.00 28.26 407.42 -233.37 -576.77 -0.74 0.52 -0.66 0.90 0.95 0.49 0.47
12.00 19.44 161.78 -62.69 -517.40 0.40 -0.63 0.95 0.30 0.41 0.69 0.29
5.00 3.34 643.10 -145.24 3.30 0.91 -0.80 -0.69 0.02 0.11 0.05 0.95
11.00 17.78 667.82 -273.79 -134.35 -0.90 -0.95 0.19 0.47 0.51 0.76 0.26
11.00 23.71 -426.40 -259.66 -173.73 0.05 0.71 -0.47 0.75 0.88 0.85 0.17
23.00 83.86 -109.37 -413.68 -43.18 0.36 -0.75 -0.74 0.89 0.80 0.45 0.16
13.00 14.43 -37.32 507.56 -254.71 -0.30 -0.43 -0.09 0.62 0.22 0.99 0.87
8.00 8.57 84.73 -139.83 464.21 0.66 0.25 -0.60 0.96 0.82 0.88 0.11
15.00 7.55 -197.71 -33.24 -137.91 0.06 -0.43 -0.07 0.59 0.69 0.00 0.46
8.00 4.71 -378.13 -381.14 -422.69 -0.99 -0.80 -0.74 0.72 0.12 0.12 0.02
11.00 31.03 -621.36 -278.52 405.86 -0.29 -0.02 0.31 0.03 0.80 0.19 0.12
15.00 59.41 -490.32 -292.39 151.21 -0.56 0.60 0.19 0.60 0.27 0.11 0.22
9.00 21.68 191.98 119.90 -8.30 -0.84 -0.21 -0.82 0.81 0.13 0.54 0.53
16.00 49.33 391.55 -166.60 458.71 0.80 -0.17 -0.69 0.62 0.86 0.69 0.93
14.00 50.75 -128.47 15.80 -503.40 -0.93 0.40 0.36 0.16 0.06 0.69 0.16
9.00 7.74 -39.98 -270.62 85.88 0.84 -0.44 0.86 0.79 0.26 0.35 0.01
5.00 0.06 457.10 -176.86 24.09 0.16 0.21 0.14 0.14 0.88 0.19 0.71
7.00 2.78 78.19 -706.35 -182.14 -0.19 -0.74 -0.23 0.86 0.16 0.63 0.89
22.00 115.43 271.36 448.53 -505.95 -0.09 -0.14 -0.76 0.74 0.28 0.05 0.71
7.00 14.80 -139.63 -356.72 -654.92 -0.24 -0.27 0.79 0.92 0.89 0.40 0.28
11.00 4.03 138.11 -33.47 401.17 0.08 -0.99 -0.86 0.20 0.53 0.78 0.29
28.00 12.33 -159.32 -440.75 -377.48 -0.89 -0.05 -0.41 0.32 0.15 0.66 0.30
6.00 8.70 -464.26 207.05 27.28 -0.87 0.60 -0.47 0.64 0.97 0.49 0.09
5.00 6.84 101.40 -344.13 -436.64 0.97 -0.70 -0.74 0.79 0.98 0.71 0.76
5.00 5.25 -29.89 -337.00 -684.04 -0.05 -0.96 -0.09 0.06 0.17 0.97 0.48
8.00 15.34 -517.39 417.58 -205.77 -0.27 0.89 0.99 0.07 0.02 0.47 0.47
9.00 20.00 -376.63 -259.13 -168.41 -0.47 -0.80 -0.46 0.64 0.00 0.81 0.67
19.00 72.59 -407.58 -6.20 -641.74 -0.38 -0.04 -0.03 0.91 0.95 0.76 0.36
13.00 45.38 -696.94 -75.92 -363.76 -0.59 -0.01 0.29 0.65 0.40 0.37 0.79
24.00 7.52 280.22 6.22 -241.20 -0.14 -0.12 0.52 0.27 0.09 0.99 0.00
32.00 96.45 430.30 84.38 481.76 -0.43 0.95 0.77 0.95 0.30 0.64 0.91
16.00 68.91 310.32 87.22 523.81 0.76 -0.37 0.14 0.85 0.49 0.70 0.07
6.00 1.45 344.05 -427.99 -538.76 -0.90 -0.67 0.80 0.96 0.87 0.54 0.69
32.00 221.35 -362.55 -125.06 -667.60 -0.04 0.69 0.04 0.41 0.65 0.20 0.76
26.00 139.50 -654.50 -165.26 -349.14 0.62 -0.90 -0.27 0.27 0.36 0.85 0.98
16.00 79.07 342.29 696.91 -46.63 0.89 -0.55 0.67 0.64 0.46 0.83 0.26
6.00 1.66 52.11 536.21 182.91 -0.83 -0.92 -0.32 0.86 0.32 0.30 0.34
19.00 37.09 -443.56 -570.03 -202.79 0.57 -0.52 -0.05 0.77 0.55 0.88 0.01
14.00 45.77 -28.82 266.58 155.47 -0.63 0.41 -0.17 0.65 0.41 0.29 0.98
13.00 15.59 183.11 46.50 432.32 0.73 -0.59 0.94 0.20 0.89 0.12 0.76
35.00 117.52 577.83 259.87 395.20 0.66 -0.37 0.15 0.89 0.70 0.18 0.80
6.00 8.56 408.74 -415.67 333.24 -0.36 -0.20 -0.69 0.47 0.98 0.77 0.38
13.00 22.68 -415.68 367.21 -352.94 0.24 0.79 -0.93 0.50 0.30 0.78 0.02
36.00 245.81 -96.73 -337.17 -699.11 -0.21 -0.89 0.02 0.96 0.39 0.54 0.21
12.00 22.81 475.83 298.28 -259.11 0.91 -0.48 0.75 0.07 0.09 0.15 0.24
22.00 51.88 -251.60 -723.89 -58.97 -0.06 0.74 0.25 0.81 0.72 0.78 0.49
9.00 16.74 -763.16 -40.64 209.41 -0.09 -0.10 -0.02 0.86 0.07 0.78 0.38
26.00 54.46 -244.97 295.83 -228.57 -0.71 0.98 0.99 0.56 0.37 0.56 0.52
19.00 14.77 648.05 -19.65 -447.13 0.16 -0.96 -0.33 0.79 0.48 0.75 0.07
7.00 9.59 -80.21 -320.58 649.57 0.69 -0.93 -0.07 0.19 0.29 0.89 0.67
10.00 28.20 15.27 775.64 150.28 0.56 0.94 -0.71 0.80 0.26 0.36 0.47
5.00 6.89 237.59 633.91 378.51 -0.85 0.59 -0.05 0.89 0.42 0.19 0.57
5.00 5.32 -714.38 -37.10 -259.39 -0.09 0.26 -0.90 0.27 0.76 0.68 0.32
6.00 10.14 467.94 273.68 -289.72 -0.84 0.79 -0.88 0.99 0.30 0.38 0.60
10.00 7.93 34.37 -390.48 -136.44 -0.91 0.81 -0.47 0.71 0.85 0.21 0.87
19.00 1.31 -205.53 705.77 116.85 -0.22 -0.61 0.63 0.40 0.72 0.24 0.50
13.00 19.40 411.58 466.86 -490.55 -0.10 0.39 -0.63 0.29 0.39 0.25 0.49
20.00 4.27 -393.97 539.07 17.51 -0.35 -0.98 -0.10 0.91 0.02 0.11 0.65
6.00 4.41 -117.81 -128.88 -742.53 0.32 -0.29 -0.24 0.32 0.73 0.62 0.78
5.00 3.24 -160.64 -613.42 -268.34 -0.63 -0.88 0.43 0.47 0.13 0.44 0.43
27.00 58.79 13.90 730.47 231.17 -0.81 0.44 -0.56 0.18 0.77 0.16 0.59
5.00 2.05 363.31 -300.32 -565.10 0.13 -0.37 -0.44 0.62 0.61 0.96 0.53
8.00 16.75 533.49 8.87 -436.71 0.07 0.17 0.13 0.43 0.79 0.49 0.66
16.00 36.68 -245.87 453.14 -515.56 -0.38 -0.92 0.96 0.79 0.70 0.52 0.03
7.00 2.50 608.38 -165.43 -173.43 -0.79 0.55 0.78 0.98 0.82 0.21 0.86
17.00 15.05 -460.25 7.61 -12.54 -0.52 -0.29 0.86 0.19 0.26 0.98 0.29
7.00 13.84 -211.86 309.44 58.53 0.21 -0.49 -0.01 0.72 0.46 0.92 0.26
5.00 2.08 -412.58 -140.89 -441.06 0.81 0.87 -0.45 0.88 0.58 0.21 0.26
8.00 18.83 -239.29 665.89 72.10 0.02 -0.56 -0.39 0.93 0.51 0.71 0.52
7.00 4.69 29.00 -337.91 -658.74 0.64 0.57 -0.22 0.33 0.02 0.64 0.83
21.00 41.79 360.96 -11.20 504.38 0.54 0.07 0.47 0.21 0.07 0.27 0.96
6.00 1.74 -515.42 436.61 287.37 -0.94 -0.56 0.86 0.11 0.08 0.27 0.89
10.00 20.52 -136.27 -655.47 392.83 0.42 -0.18 0.00 0.62 0.84 0.83 0.11
5.00 1.32 -254.29 341.75 342.49 -0.60 -0.71 -0.20 0.41 0.36 0.60 0.54
20.00 88.89 -284.46 -58.74 -532.37 -0.00 0.01 -0.73 0.05 0.47 0.31 0.47
10.00 31.04 -70.18 231.14 745.33 -0.87 0.02 0.20 0.01 0.73 0.39 0.09
8.00 7.73 -400.06 306.05 314.34 0.89 0.18 -0.02 0.82 0.39 0.63 0.92
15.00 31.93 140.92 -326.09 -611.72 0.86 0.27 0.37 0.79 0.54 0.71 0.25
25.00 183.82 -237.17 200.96 558.64 -0.59 0.91 0.72 0.47 0.68 0.67 0.52
13.00 16.93 210.78 325.57 131.63 -0.11 0.28 -0.83 0.57 0.91 0.45 0.63
29.00 203.00 312.32 489.06 -178.19 -0.34 -0.27 0.27 0.02 1.00 0.75 0.13
16.00 18.39 -665.34 -241.87 -79.61 -0.58 -0.10 0.27 0.17 0.22 0.74 0.68
14.00 50.94 -360.01 -545.34 340.09 -0.71 -0.28 0.86 0.25 0.15 0.99 0.24
7.00 4.33 -200.63 342.47 73.45 -0.54 0.73 0.79 0.65 0.17 0.29 0.44
26.00 187.74 -505.49 -428.95 133.18 -0.24 -0.18 0.88 0.01 0.98 0.14 0.16
8.00 17.02 -99.38 336.08 94.32 0.29 -0.17 0.23 0.60 0.29 0.61 0.26
5.00 4.92 46.56 -293.76 -130.57 -0.51 -0.71 0.66 0.32 0.56 0.87 0.20
12.00 27.78 290.11 227.07 -555.57 -0.59 -0.31 0.09 0.21 0.93 0.62 0.56
18.00 34.71 -25.23 -674.31 1.19 0.37 -0.58 -0.20 0.08 0.67 0.86 0.14
6.00 1.86 96.76 385.50 220.89 0.27 0.30 -0.66 0.88 0.74 0.45 0.06
18.00 5.24 398.70 -216.52 -236.74 0.07 0.92 0.51 0.83 0.22 0.60 0.76
8.00 12.95 764.05 -214.48 -86.35 -0.95 -0.43 0.45 0.10 0.91 0.01 0.51
22.00 23.24 44.36 276.95 -702.08 0.55 -0.98 -0.45 0.88 0.49 0.20 0.77
9.00 22.16 -336.86 71.32 474.09 -0.11 -0.70 0.66 0.55 0.60 0.15 0.91
6.00 8.72 -5.31 -172.15 -436.85 0.84 0.60 1.00 0.57 0.06 0.03 0.72
10.00 10.01 -115.54 586.63 45.81 -0.79 -0.28 0.95 0.74 0.40 0.75 0.12
6.00 5.66 -444.13 376.28 442.02 -0.19 0.08 0.31 0.56 0.21 0.83 0.27
12.00 40.56 -41.95 -48.01 -311.03 0.12 -0.01 -0.75 0.82 0.78 0.32 0.97
29.00 177.30 -51.86 232.16 -763.67 -0.34 -0.19 0.32 0.41 0.89 0.39 0.04
15.00 12.78 -99.95 147.12 -354.99 -0.82 -0.01 -0.20 0.71 0.57 0.50 0.06
10.00 10.59 214.60 -20.18 -161.52 0.36 -0.96 0.97 0.49 0.41 0.81 0.97
11.00 29.94 572.36 -451.99 275.64 -0.06 0.80 0.55 0.47 0.04 0.40 0.80
7.00 15.09 -317.26 500.62 383.22 -0.76 0.66 0.89 0.38 0.34 0.55 0.69
30.00 46.72 -552.43 472.22 294.50 0.02 0.92 -0.74 0.70 0.02 0.32 0.72
27.00 188.33 -14.37 -366.57 616.50 0.07 -0.91 -0.71 0.46 0.73 0.32 0.41
18.00 67.23 -445.15 18.20 -594.76 -0.57 -0.62 -0.17 0.12 0.86 0.95 0.42
5.00 1.47 -311.85 43.32 64.50 0.44 0.94 -0.66 0.06 0.39 0.32 0.80
20.00 13.63 -268.93 -360.36 525.55 0.27 0.69 -0.30 0.80 0.88 0.09 0.24
11.00 31.41 592.08 65.91 -527.65 0.41 0.50 0.65 0.24 0.03 0.97 0.79
5.00 6.48 -791.15 90.25 -62.93 0.28 0.01 0.60 0.05 0.75 0.59 0.56
6.00 1.89 -4.50 -346.58 497.59 0.04 -0.71 -0.13 0.81 0.86 0.65 0.40
8.00 9.92 61.65 -564.31 -64.70 0.34 -0.79 0.84 0.18 0.85 0.39 0.23
9.00 21.18 -296.62 32.68 -345.51 -0.93 -0.06 0.43 0.65 0.70 0.66 0.79
5.00 4.60 -197.31 -150.95 -188.85 -0.26 -0.94 -0.01 0.40 0.24 0.34 0.34
8.00 6.90 8.18 -542.72 503.49 0.05 0.47 -0.94 0.85 0.37 0.90 0.11
21.00 18.65 543.91 89.72 -149.61 -0.65 -0.47 0.43 0.03 0.84 0.61 0.27
23.00 87.42 148.55 512.41 123.19 -0.10 -0.62 -0.59 0.33 0.76 0.27 0.43
11.00 18.07 -590.61 444.00 108.14 -0.48 -0.42 0.87 0.59 0.59 0.98 0.54
14.00 52.60 687.47 212.25 80.38 -0.26 -0.17 -0.70 0.18 0.01 0.35 0.58
8.00 5.54 373.67 70.41 -222.61 -0.52 -0.58 -0.65 0.90 0.87 0.61 0.13
13.00 35.61 608.65 -142.39 37.45 -0.74 0.41 0.07 0.23 0.88 0.82 0.91
6.00 6.44 108.78 550.71 98.43 0.22 0.89 0.81 0.57 0.91 0.91 0.84
12.00 42.75 -309.40 172.59 -647.35 -0.56 0.19 0.47 0.96 0.12 0.24 0.58
21.00 129.24 8.78 68.97 233.29 0.77 -0.07 -0.29 0.27 0.60 0.93 0.39
5.00 5.26 -165.20 -10.91 -326.49 -0.95 -0.36 -0.56 0.57 0.03 0.66 0.32
9.00 21.43 2.03 412.18 -213.84 0.46 -0.29 0.59 0.52 0.54 0.15 0.88
6.00 5.73 18.34 452.45 -114.32 0.08 -0.09 -0.66 0.46 0.68 0.76 0.89
6.00 1.53 284.85 636.73 249.03 -0.41 0.86 0.71 0.17 0.15 0.35 0.27
7.00 1.27 263.11 619.86 -419.15 -0.80 -0.87 -0.61 0.15 0.19 0.72 0.64
5.00 2.32 -527.00 272.88 308.05 -0.00 0.69 0.26 0.63 0.79 0.55 0.22
24.00 85.47 -284.00 -438.84 -488.97 0.06 0.26 -0.38 0.87 0.76 0.12 0.02
6.00 2.73 404.90 271.92 -247.03 -0.11 -0.12 0.69 0.50 0.41 0.54 0.26
13.00 10.36 111.15 -219.20 374.83 0.96 0.24 0.66 0.65 0.49 0.75 0.11
9.00 5.82 -166.22 -43.15 -620.65 0.86 0.27 0.32 0.09 0.62 0.99 0.05
9.00 19.76 353.13 500.39 -192.25 0.68 -0.32 0.75 0.33 0.46 0.10 0.47
11.00 29.37 509.37 155.92 -338.29 0.67 0.88 0.04 0.84 0.11 0.90 0.91
7.00 7.16 -298.18 -589.32 -208.17 -0.82 0.53 -0.39 0.88 0.39 0.57 0.03
10.00 18.72 173.16 -677.16 -227.41 -0.03 0.12 0.95 0.21 0.60 0.20 0.38
17.00 8.65 -654.32 -15.92 -176.13 0.54 0.14 -0.59 0.83 0.01 0.87 0.90
19.00 13.34 -304.10 -372.82 176.23 -0.05 -0.76 -0.06 0.45 0.37 0.56 0.60
18.00 41.42 627.77 -47.74 351.66 0.85 -0.11 0.88 0.31 0.49 0.51 0.54
30.00 33.03 781.26 -74.93 53.11 0.98 0.68 1.00 0.60 0.04 0.37 0.07
17.00 81.22 -43.93 -564.19 -564.36 -0.37 1.00 0.03 0.88 0.66 0.51 0.70
8.00 13.07 -434.06 -128.07 -172.56 -0.63 -0.17 0.23 0.11 0.93 0.50 0.55
10.00 5.52 88.26 378.10 -19.61 -0.46 0.79 -0.99 0.64 0.89 0.78 0.74
9.00 3.37 -108.99 206.96 -206.17 -0.70 0.12 0.13 0.69 0.42 0.36 0.56
9.00 7.53 618.30 -80.38 310.78 0.45 -0.34 0.20 0.38 0.15 0.45 0.91
30.00 220.00 -391.50 377.88 -529.58 -0.89 -0.61 -0.19 0.81 0.97 0.66 0.91
15.00 31.90 93.93 -489.90 -334.47 -0.26 0.90 -0.17 0.19 0.47 0.80 0.52
6.00 3.40 348.91 -330.81 251.61 -0.30 0.65 -0.61 0.35 0.50 0.72 0.12
9.00 12.21 -269.99 335.03 210.30 -0.08 0.46 -0.72 0.57 0.94 0.10 0.05
23.00 160.23 126.32 -521.64 -132.13 -0.68 0.10 -0.78 0.78 0.59 0.88 0.31
8.00 8.39 379.85 -234.44 -115.77 0.48 0.34 -0.81 0.83 0.60 0.56 0.93
12.00 22.10 213.36 -607.95 -247.98 -0.05 0.04 -0.95 0.29 0.22 0.40 0.53
9.00 11.62 -301.10 -285.59 633.77 -0.09 -0.77 0.21 0.59 0.76 0.91 0.01
29.00 52.91 225.38 363.05 673.40 0.23 -0.66 -0.08 0.05 0.40 0.12 0.25
13.00 11.19 -457.09 -380.23 77.13 -0.37 0.15 0.54 0.22 0.96 0.78 0.03
24.00 73.37 377.71 -355.03 76.49 0.50 -0.68 -0.51 0.04 0.29 0.52 0.21
16.00 74.37 -370.69 -422.44 68.09 -0.47 0.53 0.10 0.28 0.28 0.63 0.87
11.00 31.90 -98.52 437.92 190.22 -0.02 -0.14 -0.40 0.07 0.03 0.01 0.29
11.00 23.42 186.87 445.83 -511.67 0.90 -0.09 -0.70 0.34 0.11 0.20 0.19
9.00 11.71 -505.89 -265.75 265.24 0.85 0.03 -0.10 0.69 0.05 0.65 0.60
12.00 34.62 476.87 -477.17 -66.27 0.77 0.66 -0.65 0.04 0.56 0.31 0.19
19.00 5.69 618.13 -157.79 206.99 -0.78 -0.77 -0.61 0.92 0.65 0.38 0.74
7.00 13.57 220.90 -359.06 354.51 -0.87 0.32 0.15 0.20 0.88 0.24 0.60
5.00 2.24 146.72 358.74 493.12 -0.01 -0.66 -0.16 0.05 0.58 0.80 0.45
6.00 9.57 -71.72 319.33 -395.58 0.66 0.37 0.44 0.75 0.24 0.31 0.60
11.00 27.16 -147.74 -122.08 -74.02 -0.21 0.93 0.96 0.06 0.52 0.33 0.58
8.00 14.85 -454.84 -371.96 -241.79 -0.94 -0.15 -0.52 0.54 0.80 0.03 0.49
19.00 89.63 242.71 -695.27 291.90 0.91 0.82 -0.29 0.70 0.91 0.86 0.18
14.00 6.27 328.84 -249.01 -587.56 0.94 -0.60 0.99 0.55 0.82 1.00 0.65
5.00 6.85 -223.56 -78.26 -129.64 -0.55 0.94 -0.55 0.18 0.56 0.09 0.06
10.00 21.83 371.94 -82.69 -178.35 0.66 0.55 0.13 0.53 0.71 0.31 0.90
10.00 15.52 498.57 -517.91 244.44 -0.38 0.66 -0.58 0.54 0.31 0.92 0.73
10.00 5.71 448.99 -129.85 -27.55 -0.64 0.78 -0.84 0.21 0.01 0.83 0.82
14.00 40.70 -37.62 338.32 -317.37 0.49 -0.78 -0.66 0.62 0.26 0.05 0.45
6.00 5.95 205.21 608.58 -96.59 -0.10 0.25 0.04 0.83 0.89 0.40 0.77
36.00 363.33 -467.42 -228.80 282.22 0.40 -0.62 -0.06 0.83 0.56 0.62 0.69
5.00 4.66 183.91 -183.80 -644.30 0.81 0.87 0.44 0.19 0.20 0.82 0.53
8.00 0.34 -345.56 -349.26 535.46 -0.61 0.12 0.04 0.48 0.97 0.26 0.70
11.00 30.91 -51.38 -510.01 397.50 -0.08 -0.60 -0.40 0.75 0.55 0.44 0.87
11.00 1.11 -226.57 -277.78 -391.74 -0.25 0.69 -0.31 0.67 0.34 0.61 0.87
20.00 31.59 210.04 -563.56 -129.94 -0.71 0.45 0.92 0.27 0.03 0.98 0.35
11.00 33.04 -414.09 361.92 452.26 0.95 0.77 0.35 0.83 0.03 0.11 0.68
5.00 4.23 -484.69 -369.40 486.58 0.86 -0.01 -0.63 0.75 0.45 0.30 0.93
16.00 3.59 75.11 -382.04 -384.10 -0.05 0.55 -0.53 0.73 0.58 0.08 0.60
19.00 79.63 -170.36 -63.18 -509.05 0.07 -0.79 0.95 0.34 0.69 0.18 0.61
20.00 16.28 374.02 408.43 253.97 -0.06 -0.82 0.82 0.57 0.66 0.31 0.08
5.00 7.73 -446.07 -13.59 1.86 -0.55 0.51 0.99 0.88 0.96 0.16 0.84
5.00 3.35 -1.08 -645.61 -24.00 -0.13 -0.73 -0.99 0.36 0.31 0.28 0.20
30.00 121.59 705.16 86.56 -359.60 0.78 0.60 0.55 0.78 0.15 0.44 0.80
12.00 5.07 -322.16 139.90 -244.04 0.76 -0.32 0.89 0.60 0.04 0.80 0.36
24.00 10.54 557.64 -404.67 -141.40 0.38 -0.25 -0.33 0.23 0.79 0.24 0.78
8.00 3.95 230.85 -126.13 197.62 -0.51 -0.55 -0.25 0.18 0.14 0.56 0.08
12.00 20.65 139.05 756.78 -163.14 -0.93 0.15 0.62 0.34 0.63 0.89 0.50
13.00 40.12 -5.09 -35.24 631.32 0.04 -0.90 0.20 0.48 0.80 0.69 0.61
13.00 26.34 -41.75 -462.60 1.63 -0.13 -0.11 -0.60 0.44 0.90 0.93 0.76
9.00 13.08 49.90 9.63 -468.79 -0.56 0.56 0.60 0.53 0.87 0.75 0.32
6.00 2.95 250.78 -595.67 445.44 0.48 0.89 0.44 0.41 0.85 0.85 0.93
7.00 8.87 -64.43 -94.01 -586.83 0.62 -0.11 0.96 0.27 0.26 0.01 0.72
21.00 136.16 356.49 254.01 -609.11 0.60 -0.06 -0.53 0.66 0.69 0.64 0.38
18.00 40.08 -60.42 -170.05 774.18 0.73 -0.36 -0.06 0.56 0.23 0.26 0.19
7.00 10.77 -420.51 -387.61 -269.16 -0.68 -0.46 -0.56 0.41 0.21 0.63 0.82
11.00 5.21 160.20 249.92 -602.69 -0.61 -0.01 0.72 0.70 0.62 0.93 0.35
19.00 19.12 13.95 -161.82 334.82 -0.69 -0.26 -0.20 0.85 0.37 0.95 0.38
6.00 7.68 -99.87 350.41 469.23 -0.79 0.93 0.50 0.32 0.52 0.29 0.51
15.00 4.19 -628.87 -415.50 -164.30 -0.89 0.89 -0.89 0.46 0.12 0.29 0.27
26.00 66.19 177.30 504.16 -453.02 -0.20 0.52 0.09 0.77 0.94 0.05 0.26
15.00 56.52 558.43 -32.08 25.46 0.62 0.97 -0.00 0.38 0.86 0.93 0.54
5.00 6.55 -611.40 -203.31 -172.67 -0.76 -0.09 0.80 0.42 0.20 0.54 0.40
9.00 15.62 -311.38 -522.12 -518.01 -0.57 -0.57 0.46 0.11 0.23 0.98 0.32
7.00 4.96 568.52 -179.43 248.19 0.82 0.86 0.61 0.80 0.25 0.11 0.11
13.00 27.87 -235.94 75.10 146.22 0.27 0.80 0.84 0.32 0.73 0.45 0.18
5.00 2.13 470.97 195.10 -280.81 0.17 0.40 -0.64 0.99 0.15 0.12 0.14
5.00 3.67 637.68 -420.87 -144.54 -0.09 0.34 -0.59 0.33 0.93 0.87 0.93
32.00 186.61 -282.33 -656.82 -351.77 0.37 -0.92 -0.97 0.74 0.25 0.68 0.18
24.00 11.56 -323.99 522.70 -494.87 -0.94 -0.72 -0.54 0.49 0.91 0.28 0.91
15.00 57.76 763.90 -182.11 12.04 0.87 -0.39 0.94 0.08 0.54 0.49 0.16
33.00 20.86 -482.43 224.73 -566.21 0.00 0.68 -0.98 0.51 0.27 0.70 0.72
10.00 18.02 -321.41 305.75 102.02 0.00 -0.64 -0.74 0.93 0.66 0.57 0.75
8.00 15.14 -413.00 -125.30 51.88 1.00 -0.88 -0.27 0.70 0.52 0.08 0.73
17.00 49.86 121.75 117.20 -126.98 -0.92 0.71 0.39 0.88 0.11 0.29 0.22
15.00 21.50 263.36 -450.07 -185.66 -0.47 0.87 -0.81 0.88 0.70 0.57 0.67
25.00 87.92 18.31 -486.09 49.03 -0.64 -0.61 0.94 0.82 0.47 0.29 0.45
15.00 42.86 -620.77 -474.00 -82.00 -0.28 0.65 -0.82 0.10 0.01 0.28 0.74
6.00 1.58 -532.26 -300.63 -22.16 0.85 0.87 -0.68 0.06 0.29 0.72 0.22
15.00 17.12 175.46 -520.48 -239.37 0.92 -0.83 -0.08 0.43 0.88 0.81 0.88
8.00 16.25 -618.96 186.99 -196.16 -0.92 0.34 -0.37 0.85 0.83 0.00 0.35
13.00 10.80 -540.97 199.89 552.40 -0.32 0.11 -0.96 0.31 0.35 0.04 0.69
13.00 12.71 367.55 -277.97 -444.50 -0.85 -0.37 -0.91 0.53 0.86 0.13 0.49
21.00 27.02 300.25 -190.99 -137.98 0.48 0.85 0.78 0.15 0.98 0.75 0.00
5.00 6.78 -309.14 27.04 648.83 0.07 0.48 -0.20 0.84 0.70 0.98 0.58
6.00 2.26 36.76 -594.93 519.98 0.94 0.98 0.62 0.48 0.14 0.41 0.35
34.00 18.80 -27.14 -81.41 -702.77 -0.63 0.00 0.80 0.44 0.96 0.04 0.23
7.00 7.56 118.95 362.62 -486.10 0.74 -0.45 -0.21 0.95 0.99 0.48 0.73
12.00 23.60 -280.56 502.07 -353.18 -0.49 -0.86 -0.89 1.00 0.13 0.84 0.47
10.00 16.58 -86.45 -556.54 -290.02 -0.08 -0.37 0.80 0.61 0.51 0.61 0.41
9.00 7.76 98.10 -266.01 -279.30 -0.47 0.06 -0.02 0.36 0.49 0.82 0.58
9.00 20.92 94.23 -2.10 -185.62 0.07 -0.01 -0.16 0.45 0.94 0.72 0.14
5.00 7.15 -556.12 -155.07 -132.14 -0.89 -0.16 -0.72 0.15 0.30 0.31 0.32
8.00 16.63 -463.43 358.75 298.37 -0.21 -0.55 -0.98 0.79 0.81 0.13 0.38
12.00 1.25 309.35 348.01 169.72 0.34 -0.72 -0.67 0.70 0.20 0.26 0.39
8.00 6.76 -99.69 -779.84 89.12 0.51 -0.44 -0.17 0.86 0.34 0.50 0.83
6.00 2.86 -397.98 131.77 -152.34 -0.50 0.45 -0.87 0.40 0.93 0.37 0.69
24.00 180.01 -553.72 -102.54 504.00 0.31 -0.40 -0.77 0.01 0.87 0.21 0.95
13.00 26.05 -489.41 -559.88 -208.80 -0.95 0.88 0.61 0.69 0.85 0.27 0.91
16.00 62.85 360.33 -528.24 -434.45 0.96 -0.89 -0.66 0.81 0.73 0.66 0.33
6.00 5.58 163.09 190.91 460.78 0.93 -0.06 -0.69 0.39 0.08 0.09 0.89
5.00 1.56 -147.04 -473.43 590.08 -0.59 -0.73 0.95 0.06 0.74 0.27 0.72
10.00 4.26 208.22 -455.29 16.60 0.08 0.60 0.96 0.40 0.66 0.67 0.49
24.00 121.63 -95.98 -96.24 90.26 0.77 -0.74 -0.27 0.86 0.13 0.82 0.11
20.00 72.44 231.08 -374.48 21.59 0.47 -0.65 -0.30 0.55 0.84 0.99 0.96
9.00 23.37 -627.31 162.05 6.81 0.36 -0.59 -0.60 0.55 0.27 0.71 0.85
14.00 24.32 549.25 -561.17 -122.43 0.95 -0.03 0.47 0.30 0.07 0.11 0.64
22.00 90.58 463.01 484.63 427.14 -0.32 0.25 0.54 0.53 0.44 0.41 0.81
13.00 3.52 -97.77 179.25 -153.79 -0.25 0.06 0.23 0.96 0.27 0.60 0.68
8.00 3.39 316.82 -241.34 -451.25 -0.84 0.96 -0.38 0.77 0.43 0.58 0.52
13.00 37.67 -507.26 -381.98 -343.33 -0.05 0.20 0.65 0.34 0.86 0.97 0.01
13.00 43.05 -198.29 538.80 12.93 -0.21 0.09 -0.03 0.11 0.43 0.66 0.98
7.00 8.32 14.53 103.28 658.07 0.50 -0.44 0.26 0.93 0.39 0.94 0.28
7.00 9.71 -208.06 381.72 612.84 0.64 0.12 0.32 0.76 0.81 0.25 0.09
11.00 27.48 -526.38 417.99 288.29 0.59 0.19 0.53 0.06 0.30 0.66 0.01
24.00 115.93 -138.73 -338.28 -60.05 0.09 0.81 0.02 0.62 0.71 0.12 0.99
10.00 0.37 -57.84 -331.71 -315.10 0.90 -0.23 0.24 0.06 0.09 0.04 0.55
5.00 7.75 -262.46 -397.34 -330.85 -0.16 0.68 -0.90 0.93 0.37 0.50 0.80
10.00 25.08 2.19 397.30 689.53 0.54 -0.75 0.10 0.12 0.79 0.85 0.85
12.00 15.89 -165.03 -495.53 -248.24 -0.93 -0.80 0.29 0.14 0.86 0.39 1.00
23.00 149.27 -133.67 299.15 582.29 0.32 -0.94 -0.13 0.72 0.68 0.75 0.68
15.00 32.71 166.79 -45.24 459.88 0.72 -0.86 -0.43 0.58 0.27 0.17 0.28
13.00 20.93 -395.73 242.80 -620.14 0.38 0.55 -0.64 0.49 0.62 0.95 0.73
9.00 0.46 -324.71 -424.87 -577.21 -0.46 0.13 -0.53 0.61 0.64 0.05 0.83
7.00 10.58 -632.92 218.90 -5.57 0.37 -0.23 0.17 0.37 0.22 0.17 0.36
9.00 1.96 -0.97 -147.21 475.00 0.43 -0.65 -0.72 0.18 0.40 0.59 0.02
9.00 1.28 346.72 -464.91 -210.16 0.08 -0.22 0.97 0.43 0.45 0.91 0.48
8.00 9.09 132.97 -686.44 -127.68 -0.79 -0.09 0.74 0.73 0.94 0.49 0.84
9.00 2.02 -192.87 -389.82 521.39 -0.08 -0.17 -0.16 0.58 0.50 0.97 0.35
7.00 1.02 300.42 -39.89 -215.94 0.49 -0.66 0.42 0.16 0.95 0.37 0.56
5.00 1.02 -672.63 185.11 239.93 0.64 0.30 0.83 0.94 0.47 0.20 0.97
26.00 136.27 -76.10 238.17 -189.59 0.55 1.00 0.06 0.33 0.85 0.53 0.23
13.00 34.67 47.06 -109.50 239.04 -0.64 0.49 -0.86 0.92 0.47 0.95 0.41
24.00 168.48 -452.57 -115.93 -279.74 0.54 0.56 -0.46 0.49 0.01 0.97 0.22
18.00 86.45 -256.14 55.59 -334.56 -0.17 0.44 0.79 0.04 0.66 0.60 0.53
18.00 65.42 -388.54 -105.62 356.20 -0.23 -0.79 -0.84 0.93 0.84 0.86 0.36
11.00 22.60 -136.90 -73.59 -722.94 -0.79 0.08 -0.21 0.73 0.94 0.32 0.12
5.00 3.00 -514.10 27.75 -288.79 -0.49 0.50 0.22 0.96 0.54 0.98 0.81
16.00 64.85 477.04 -30.54 610.23 -0.89 0.76 0.91 0.37 0.94 0.66 0.93
21.00 71.75 267.17 -463.93 -440.00 0.78 0.37 -0.41 0.63 0.48 0.21 0.53
7.00 4.32 282.22 230.67 -186.48 -0.54 0.72 0.94 0.14 0.77 0.53 0.05
7.00 5.43 569.12 510.71 186.05 -0.05 -0.39 -0.31 0.84 0.09 0.50 0.08
11.00 16.46 13.90 185.08 601.76 0.60 0.69 -0.21 0.78 0.82 0.17 0.59
17.00 81.70 286.53 -632.69 53.45 0.34 -0.59 -0.23 0.29 0.77 0.38 0.51
8.00 1.23 521.48 378.15 -306.99 -0.43 -0.56 0.46 0.87 0.05 0.05 0.54
5.00 1.03 -365.21 -510.07 350.49 -0.32 0.23 -0.79 0.38 0.53 0.70 0.02
8.00 16.70 -529.27 33.05 475.32 0.85 0.54 -0.69 0.61 0.41 0.78 0.12
7.00 9.40 165.83 315.21 -501.63 -0.19 0.05 -0.70 0.23 0.60 0.86 0.51
34.00 332.80 401.03 -201.07 661.44 0.49 0.68 -0.50 0.20 0.84 0.11 0.37
15.00 23.77 78.37 228.59 -699.03 0.01 0.34 0.14 0.64 0.94 0.84 0.12
11.00 19.63 -472.66 -453.84 424.47 -0.88 0.63 -0.31 0.10 0.59 0.31 0.44
5.00 2.12 -128.57 -243.17 713.18 -0.97 -0.10 -0.30 0.07 0.95 0.25 0.09
7.00 14.10 414.64 -180.82 178.13 0.47 -0.04 0.06 0.56 1.00 0.43 0.71
10.00 17.51 611.73 -187.70 92.05 -0.07 -0.57 0.33 0.83 0.52 0.02 0.41
29.00 68.79 762.98 132.19 -59.17 -0.52 -0.62 0.05 0.73 0.98 0.88 0.02
13.00 32.05 -276.20 -120.57 -587.62 0.54 0.82 0.78 0.19 0.20 0.18 0.62
6.00 4.16 276.66 164.23 -658.91 -0.48 -0.93 0.80 0.44 0.64 0.28 0.59
10.00 19.54 256.85 -645.96 -39.48 0.28 0.24 0.61 0.68 0.74 0.24 0.15
14.00 39.01 -357.85 -441.69 560.02 -0.69 -0.90 -0.48 0.25 0.28 0.91 0.80
5.00 3.97 15.30 305.42 -710.98 0.42 0.24 0.67 0.89 0.74 0.92 0.52
12.00 19.47 -345.80 -570.72 -340.35 -0.85 0.98 0.29 0.27 0.25 0.32 0.38
26.00 5.79 15.12 311.19 686.12 -0.38 0.97 -0.25 0.95 0.78 0.25 0.46
23.00 87.43 -11.62 -366.32 299.01 -0.30 0.50 0.84 0.20 0.52 0.35 0.07
18.00 76.37 335.75 415.69 -117.76 -0.24 -0.64 -0.01 0.59 0.97 0.09 0.37
11.00 20.06 49.14 120.86 34.52 -0.18 0.10 -0.21 0.62 0.42 0.50 0.68
9.00 7.22 -97.42 -184.35 73.58 -0.90 -0.74 0.69 0.03 0.11 0.47 0.93
9.00 16.27 -257.26 478.24 199.83 -0.59 -0.87 -0.98 0.83 0.41 0.79 0.23
14.00 17.85 47.65 346.48 596.69 0.30 0.30 0.36 0.30 0.66 0.10 0.58
12.00 39.51 -553.03 -60.70 -463.36 0.73 -0.92 -0.44 0.30 0.88 0.43 0.43
8.00 18.59 675.29 -100.25 396.08 0.98 -0.17 -0.28 0.60 0.52 0.41 0.86
11.00 9.98 -563.96 74.90 55.70 0.22 0.34 0.70 0.11 0.40 0.86 0.65
7.00 13.13 -407.38 -42.95 -198.93 -0.39 0.55 0.28 0.94 0.19 0.37 0.57
14.00 28.16 -598.89 59.92 437.96 0.39 -0.03 -0.58 0.18 0.82 0.26 0.59
14.00 0.47 -24.73 -91.84 -755.18 0.60 -0.94 0.20 0.19 0.40 0.27 0.11
5.00 5.54 -383.37 667.96 204.24 -0.92 -0.08 0.09 0.74 0.07 0.07 0.62
12.00 39.65 571.38 -455.51 250.25 0.49 0.51 -0.55 0.59 0.39 0.53 0.63
10.00 5.24 103.96 -384.34 501.63 -0.78 -0.77 0.74 0.64 0.47 0.71 0.88
8.00 4.59 231.35 88.37 241.15 0.30 -0.10 -0.32 0.75 0.21 0.42 0.35
8.00 4.29 154.89 417.43 447.30 -0.53 0.44 -0.09 0.99 0.48 0.06 0.29
13.00 12.67 -241.60 -430.30 624.61 0.42 -0.82 -0.77 0.09 0.48 0.56 0.36
9.00 9.30 -316.08 -131.52 379.66 0.21 -0.53 -0.43 0.01 0.28 0.15 0.91
11.00 19.84 147.97 102.52 -338.09 0.25 0.36 -0.21 0.82 0.77 0.17 0.24
14.00 46.04 409.00 -142.19 577.35 -1.00 -0.90 0.73 0.25 0.78 0.73 0.46
5.00 6.88 239.84 -326.35 -177.72 0.01 -0.11 -0.77 0.15 0.81 0.99 0.45
24.00 126.47 -270.46 -421.56 147.63 0.16 0.37 -0.10 0.29 0.54 0.59 0.47
12.00 43.30 606.76 379.94 -128.42 0.17 -0.33 -0.59 1.00 0.31 0.59 0.20
13.00 13.78 141.07 -375.10 -497.92 0.33 0.24 -0.45 0.30 0.57 0.08 0.60
11.00 2.92 120.31 -91.06 -726.48 0.56 0.85 0.01 0.34 0.41 0.84 0.44
5.00 3.92 17.80 404.42 -158.35 -0.96 0.46 -0.75 0.36 0.59 0.38 0.63
30.00 179.10 -492.52 468.34 -270.22 -0.22 0.98 0.92 0.37 0.95 0.76 0.27
6.00 3.74 -18.23 122.96 -617.41 -0.80 -0.40 -0.48 0.40 0.34 0.63 0.17
14.00 47.91 -344.87 -97.38 -291.55 -0.09 0.69 -0.51 0.13 0.19 0.08 0.06
10.00 11.23 -343.04 -97.13 -569.28 0.99 0.68 -0.60 0.46 0.86 0.19 0.44
19.00 51.94 -523.51 -200.05 -564.27 -0.37 -0.75 -0.47 0.09 0.99 0.70 0.97
25.00 59.20 -320.52 587.67 -93.37 -0.05 0.67 0.72 0.28 0.18 0.28 0.43
25.00 4.87 225.62 -348.98 590.51 -0.96 -0.93 0.19 0.81 0.60 0.95 0.82
7.00 7.32 -598.10 -382.35 191.64 -0.24 -0.36 0.80 0.88 0.72 0.53 0.40
14.00 61.12 -623.93 -368.52 -276.82 -0.71 -0.74 0.55 0.12 0.50 0.44 0.80
9.00 4.62 -461.24 347.24 -487.84 0.04 0.83 0.19 0.77 0.08 0.98 0.26
20.00 51.76 670.17 247.86 346.43 0.84 0.57 0.31 0.35 0.17 0.37 0.01
5.00 1.08 564.65 -321.98 -355.52 -0.29 -0.69 -0.06 0.77 0.98 0.52 0.98
11.00 10.18 101.98 204.99 -551.28 -0.60 0.75 -0.64 0.84 0.74 0.09 0.66
18.00 16.07 -548.09 132.49 -5.92 0.49 0.37 0.94 0.65 1.00 0.65 0.55
13.00 33.46 149.95 -98.36 445.47 -0.01 0.32 0.96 0.46 0.37 0.22 0.89
13.00 52.20 320.03 -340.57 618.03 -0.39 0.36 -0.63 0.84 0.67 0.43 0.04
14.00 12.35 -72.40 149.67 319.68 0.24 -0.13 -0.73 0.36 0.18 0.86 0.79
5.00 6.97 -634.32 -250.41 47.42 -0.82 0.90 -0.79 0.18 0.31 0.95 0.17
35.00 13.04 205.32 90.93 -405.20 -0.36 0.01 0.64 0.41 0.81 0.37 0.98
8.00 9.57 168.98 -295.60 -570.91 -0.04 0.18 -0.72 0.09 0.19 0.04 0.77
8.00 19.91 330.68 290.69 -37.52 0.15 -0.38 0.06 0.75 0.20 0.02 0.43
29.00 69.46 -39.80 -102.94 483.45 0.83 0.99 0.64 0.71 0.61 0.96 0.59
8.00 1.28 -520.37 -1.98 -519.93 0.73 0.56 0.85 0.99 0.91 0.76 0.59
26.00 159.69 -383.57 -51.39 -644.41 -0.81 0.93 0.33 0.96 0.75 0.70 0.36
21.00 58.84 146.93 -88.53 -767.10 -0.91 -0.92 0.29 0.97 0.77 0.68 0.00
25.00 153.17 -494.37 -354.33 -386.09 0.54 -0.89 -0.41 0.85 0.11 0.56 0.63
7.00 0.68 565.96 199.21 294.26 0.74 -0.32 -0.75 0.52 0.68 0.88 0.05
18.00 39.54 -500.99 446.80 41.09 -0.59 -0.49 0.37 0.23 0.90 0.69 0.12
5.00 1.57 -74.02 -116.76 -205.00 -0.57 0.23 0.75 0.39 0.09 0.23 0.20
6.00 0.93 -452.33 -131.76 -454.74 -0.81 0.76 -0.26 0.11 0.25 0.77 0.25
12.00 38.12 -231.31 -313.12 240.65 -0.90 -0.12 0.74 0.61 0.88 0.23 0.89
39.00 212.64 -558.22 -408.02 64.55 -0.20 -0.66 0.04 0.73 0.14 0.84 0.06
13.00 10.30 216.27 -195.91 -471.12 0.78 0.34 0.14 0.93 0.36 0.90 0.87
12.00 13.40 -507.37 196.99 -60.12 -0.76 0.20 -0.52 0.50 0.95 0.40 0.52
24.00 171.78 -389.74 247.65 527.02 -0.95 -0.70 0.36 0.95 0.73 0.72 0.61
29.00 72.32 -598.32 -344.24 377.92 -0.14 -0.41 -0.56 0.32 0.68 0.01 0.47
13.00 24.37 296.99 -236.88 -561.82 -0.10 0.50 -0.30 0.88 0.43 0.27 0.00
5.00 5.27 -30.18 660.68 -321.91 -0.82 -0.35 -0.90 0.29 0.85 0.24 0.04
6.00 7.83 -707.07 170.80 -253.09 -0.48 0.32 -0.03 0.92 0.89 0.40 0.57
17.00 64.57 -394.40 46.77 45.54 0.96 0.71 -0.56 0.93 0.76 0.23 0.56
8.00 1.60 -543.85 39.24 245.76 0.00 0.08 0.37 0.18 0.66 0.75 0.02
7.00 13.35 174.18 -679.90 74.77 0.98 0.63 0.99 0.54 0.90 0.20 0.77
12.00 25.99 -415.41 -514.31 12.68 -0.93 -0.50 -0.48 0.13 0.31 0.67 0.36
7.00 8.10 36.43 732.91 119.60 -0.41 -0.58 0.67 0.41 0.69 0.14 0.41
32.00 136.41 207.47 137.65 240.96 -0.51 0.88 0.37 0.53 0.53 0.38 0.84
5.00 2.21 -419.82 343.67 -382.11 -0.87 -0.41 -0.46 0.51 0.14 0.77 0.61
18.00 98.97 477.56 13.95 -422.42 -0.14 -0.33 0.58 0.28 0.54 0.58 0.74
15.00 18.84 -97.32 228.11 719.33 0.20 0.52 -0.54 0.93 0.70 0.50 0.23
10.00 17.11 -105.62 512.86 -155.60 -0.46 0.23 0.32 0.92 0.67 0.64 0.63
9.00 16.76 -255.95 -602.57 191.84 -0.57 0.45 -0.75 0.57 0.93 0.74 0.34
11.00 22.61 404.39 544.08 329.08 -0.20 -0.89 0.83 0.15 0.88 0.51 0.18
12.00 15.23 135.04 91.85 -407.69 0.50 -0.00 0.23 0.29 0.22 0.11 0.92
13.00 24.69 217.80 169.51 -413.34 0.93 0.10 -0.22 0.25 0.92 0.07 0.57
11.00 8.63 -335.41 -286.15 0.42 -0.03 -0.39 -0.45 0.23 0.61 0.68 0.64
16.00 20.36 -194.87 201.49 -697.55 -0.17 0.48 -0.72 0.83 0.71 0.59 0.81
17.00 0.84 355.50 -490.41 -479.42 -0.75 0.80 0.34 0.99 0.37 0.31 0.40
7.00 4.66 298.83 -2.99 574.80 0.29 -0.04 0.07 0.62 0.15 0.31 0.47
11.00 4.82 249.69 -277.86 -238.79 0.10 -0.68 -0.72 0.58 0.48 0.76 0.31
22.00 102.20 -144.95 24.10 -558.88 0.85 -0.55 -0.37 0.36 0.19 0.44 0.69
5.00 4.35 -441.93 328.97 567.57 0.69 0.51 -0.96 0.91 0.33 0.38 0.80
18.00 86.37 -437.05 365.68 129.19 0.82 0.61 -0.69 0.22 0.96 0.66 0.63
7.00 13.11 -105.54 237.86 554.65 -0.83 0.98 0.52 0.13 0.19 0.58 0.90
5.00 2.23 -244.17 265.91 558.38 0.95 0.81 -0.63 0.23 0.42 0.96 0.84
12.00 35.02 -175.43 -85.13 -122.78 -0.84 -0.79 -0.40 0.85 0.49 0.89 0.27
5.00 2.17 -161.83 -732.27 -9.92 0.24 0.01 0.81 0.43 0.03 0.13 0.21
9.00 6.10 1.77 166.30 -9.81 0.17 0.01 -0.66 0.23 0.10 0.80 0.23
5.00 7.44 -360.56 52.88 356.12 0.18 -0.45 -0.11 0.59 0.91 0.57 0.87
29.00 241.75 -261.45 423.42 262.97 -0.22 -0.72 -0.54 0.06 0.57 0.70 0.76
28.00 202.60 201.18 -495.52 555.33 -0.02 0.76 -0.09 0.95 0.23 0.16 0.20
11.00 17.97 100.41 -430.42 473.21 0.08 0.76 -0.90 0.36 0.01 0.53 0.87
6.00 3.75 -596.62 -55.79 -364.96 -0.36 0.80 -0.97 0.49 0.21 0.85 0.16
29.00 234.52 621.87 206.74 381.57 -0.83 -0.90 0.21 0.04 0.01 0.07 0.14
9.00 15.74 -18.45 409.35 360.43 0.48 -0.14 0.11 0.47 0.52 0.88 0.53
8.00 12.13 -13.77 -256.52 752.44 -0.19 -0.69 0.70 0.71 0.05 0.46 0.62
5.00 5.19 157.54 -123.59 -293.20 0.99 -0.04 0.73 0.74 0.05 0.46 0.17
8.00 19.89 -112.12 -305.96 -283.23 -0.03 0.28 -0.54 0.98 0.55 0.23 0.41
25.00 65.04 -442.25 422.57 138.70 0.17 -0.35 -0.08 0.43 0.55 0.10 0.15
9.00 9.37 -152.79 -280.07 -599.14 0.08 -0.14 0.26 0.74 0.91 0.88 0.64
25.00 90.79 105.06 260.54 -677.15 -0.62 0.08 -0.59 0.96 0.77 0.60 0.91
9.00 3.71 773.56 125.05 152.67 -0.05 -0.09 0.61 0.82 0.89 0.92 0.09
7.00 0.58 -341.23 406.51 -15.04 0.39 -0.91 -0.76 0.15 0.28 0.34 0.45
7.00 7.44 -40.39 558.06 277.19 -0.24 0.03 -0.53 0.53 0.88 0.87 0.38
5.00 6.85 -206.60 248.03 181.73 0.62 0.61 -0.38 0.56 0.47 0.78 0.33
17.00 28.31 313.77 258.21 -648.91 0.32 0.33 -0.72 0.56 0.00 0.32 0.44
13.00 52.04 -39.18 -514.35 39.98 -0.20 -0.76 -0.09 0.09 0.41 0.90 0.47
6.00 1.86 -344.28 201.99 413.53 0.61 -0.25 0.83 0.76 0.29 0.37 0.16
5.00 2.56 92.71 -221.25 22.55 0.37 -0.53 0.44 0.50 0.26 0.08 0.25
6.00 8.64 306.76 30.04 -563.07 -0.67 0.02 -0.49 0.90 0.13 0.26 0.64
8.00 17.42 118.04 6.87 6.07 -0.30 0.40 0.47 0.67 0.46 0.22 0.02
5.00 1.60 143.61 457.87 121.91 -0.38 0.81 0.47 0.72 0.08 0.61 0.44
25.00 115.22 212.54 174.94 -707.05 0.69 0.99 0.04 0.65 0.34 0.85 0.83
7.00 8.13 561.54 96.53 -111.41 -0.34 0.84 0.02 0.93 0.46 0.87 0.75
9.00 13.47 -346.21 267.25 518.59 0.02 -0.58 -0.50 0.27 0.15 0.63 1.00
28.00 77.44 548.82 477.13 -145.99 -0.49 -0.41 0.59 0.46 0.05 0.70 0.73
8.00 5.33 -585.80 -194.93 -385.05 0.03 -0.21 -0.70 0.45 0.42 0.18 0.01
9.00 21.02 154.20 291.31 -378.09 -0.22 -0.17 -0.22 0.33 0.70 0.07 0.71
14.00 27.08 -141.13 -373.37 -111.95 -0.27 -0.88 -0.35 0.77 0.31 0.57 0.33
10.00 4.36 528.12 403.54 -141.47 0.99 0.31 0.35 0.18 0.33 0.09 0.94
9.00 0.34 40.18 446.43 -647.90 0.17 -0.57 0.36 0.20 0.87 0.96 0.80
13.00 1.38 -124.43 369.88 -253.74 -0.79 0.04 0.36 0.45 0.84 0.88 0.91
6.00 1.67 59.27 93.97 93.70 -0.88 0.61 0.22 0.44 0.64 0.77 0.58
19.00 73.90 -339.28 314.49 -378.46 -0.83 0.71 0.96 0.17 0.05 0.88 0.98
7.00 5.04 488.08 4.52 400.20 0.02 -0.67 0.58 0.42 0.31 0.80 0.85
5.00 1.44 44.75 458.45 -267.71 -0.39 0.80 -0.60 0.08 0.23 0.12 0.97
26.00 44.14 -316.02 438.20 -17.23 0.73 -0.09 -0.76 0.02 0.59 0.82 0.87
5.00 1.10 -132.09 600.28 -274.31 0.72 -0.81 0.96 0.90 0.24 0.84 0.39
26.00 77.07 -259.68 505.91 -497.78 -0.10 -0.06 -0.29 0.13 0.87 0.55 0.66
8.00 15.55 -54.71 -771.07 164.60 0.54 -0.20 -0.75 0.29 0.80 0.08 0.23
23.00 21.51 -723.93 101.95 11.78 0.21 0.87 0.73 0.10 0.89 0.55 0.45
9.00 9.17 -48.47 -592.89 -34.61 -0.23 -0.96 0.04 0.19 0.69 0.98 0.81
8.00 5.38 -482.23 267.40 -5.66 -0.95 -0.06 -0.93 0.22 0.62 0.18 0.53
9.00 17.79 159.18 10.20 -763.67 -0.49 0.75 -0.38 0.34 0.33 0.89 0.28
20.00 73.84 69.20 239.94 8.46 -0.75 0.84 0.42 0.97 0.90 0.97 0.88
22.00 111.34 -283.76 460.38 470.16 -0.13 -0.61 -0.21 0.35 0.71 0.61 0.85
12.00 13.31 490.87 -557.95 -92.05 -0.74 -0.14 0.15 0.81 0.97 0.92 0.75
15.00 59.55 -61.13 -693.64 -13.21 -0.53 0.39 -0.75 0.17 0.50 0.21 0.16
14.00 2.45 419.28 16.73 494.38 0.50 0.95 -0.92 0.02 0.17 0.58 0.38
8.00 7.76 -199.43 82.08 -461.65 0.70 -0.10 0.15 0.57 0.12 0.07 0.51
38.00 377.17 329.56 95.72 -226.18 0.50 0.91 0.74 0.28 0.27 0.34 0.40
10.00 10.63 -223.07 67.60 -647.24 -0.22 -0.72 0.11 0.62 0.81 0.83 0.95
15.00 40.73 188.78 460.95 120.00 0.59 -0.86 0.21 0.46 0.12 0.84 0.43
25.00 105.19 -272.49 -506.62 387.36 0.85 0.45 0.95 0.71 0.09 0.19 0.54
13.00 38.82 531.04 342.63 442.14 -0.17 -0.04 0.57 0.55 0.43 0.06 0.36
9.00 21.93 -437.90 -413.88 216.95 -0.90 -0.15 -0.03 0.91 0.15 0.44 0.41
19.00 98.33 -386.98 95.08 611.23 -0.17 0.84 -0.02 0.69 0.65 0.07 0.80
24.00 149.55 583.61 194.41 126.09 0.64 -0.23 0.86 0.20 0.46 0.73 0.88
32.00 85.61 625.07 -302.33 -165.13 0.26 0.31 0.14 0.75 0.52 0.63 0.27
14.00 33.46 -8.83 -196.30 101.52 0.91 0.90 0.13 0.23 0.72 0.40 0.25
17.00 67.99 211.93 242.74 -43.18 -0.51 0.36 -0.21 0.34 0.31 0.29 0.72
12.00 9.54 357.59 39.38 -372.42 -0.91 0.60 0.86 0.29 0.59 0.92 0.39
20.00 57.52 -707.88 -90.64 36.81 -0.46 -0.62 -0.93 0.08 0.30 0.02 0.04
16.00 33.49 316.13 428.77 -210.33 -0.77 0.47 0.89 0.93 0.68 0.31 0.24
12.00 38.30 252.33 481.89 -240.50 0.53 0.13 0.15 0.42 0.70 0.30 0.95
20.00 55.64 133.96 -233.32 48.84 0.89 -0.25 -0.65 0.43 0.18 0.90 0.38
10.00 14.80 -144.33 650.19 -421.56 -0.93 0.43 -0.80 0.38 0.01 0.91 0.32
14.00 46.91 -339.79 -95.22 -476.68 0.87 0.44 0.81 0.35 0.28 0.96 0.73
21.00 9.27 758.60 -58.88 -189.00 -0.48 0.78 0.93 0.41 0.37 0.15 0.21
22.00 90.07 457.67 -103.04 237.45 0.18 0.91 0.20 0.01 0.37 0.33 0.07
6.00 10.45 -309.40 -192.12 433.19 0.31 -0.27 -0.01 0.07 0.20 0.94 0.26
7.00 1.48 -432.52 -449.07 -143.56 0.47 0.66 -0.08 0.99 0.52 0.28 0.64
7.00 12.82 -602.40 -367.44 173.61 0.48 -0.24 -0.89 0.71 0.87 0.11 0.92
14.00 49.06 -61.95 362.55 182.03 -0.44 0.23 -0.60 0.56 0.41 0.64 0.10
14.00 15.19 -566.23 125.64 114.22 -0.57 0.26 0.25 0.58 0.56 0.51 0.27
11.00 26.42 265.60 -99.55 24.41 0.13 0.46 0.70 0.87 0.66 0.89 0.11
11.00 6.23 -730.41 17.29 -116.43 0.21 -0.79 -0.61 0.03 0.85 0.79 0.16
13.00 27.63 -564.58 460.14 -18.99 0.88 -0.39 -0.07 0.66 0.64 0.71 0.59
7.00 14.14 -578.12 291.42 49.32 0.84 0.94 -0.92 0.69 0.39 0.16 0.29
19.00 22.57 75.28 -183.18 597.50 -0.96 0.15 0.12 0.51 0.03 0.72 0.83
16.00 76.39 -434.51 -173.57 613.69 0.63 -0.92 0.15 0.50 0.72 0.18 0.29
11.00 8.13 -468.17 509.95 77.33 -0.74 0.61 -0.41 0.06 0.23 0.84 0.79
23.00 122.44 652.07 305.85 283.68 -0.84 -0.08 -0.05 0.02 0.80 0.65 0.32
7.00 9.30 -94.10 231.08 456.65 0.76 -0.51 -0.76 0.33 0.90 0.48 0.10
27.00 118.03 39.32 -170.82 -650.93 0.32 -0.75 0.79 0.39 0.63 0.39 0.23
18.00 54.82 -473.35 133.37 -617.62 0.41 0.57 -0.96 0.13 0.65 0.04 0.72
17.00 89.55 -164.11 704.74 64.46 -0.04 -0.08 0.68 0.63 0.74 0.51 0.52
25.00 67.14 180.21 0.97 102.56 -0.31 0.42 -0.06 0.92 0.91 0.81 0.82
8.00 13.65 671.95 -277.64 322.87 0.03 0.79 -0.78 0.83 0.43 0.45 0.44
15.00 32.06 -697.27 -126.68 50.78 -0.98 0.70 -0.85 0.27 0.54 0.81 0.57
13.00 15.15 29.86 316.54 -96.91 -0.70 0.05 0.55 0.76 0.55 0.72 0.17
10.00 2.02 -638.56 -278.98 388.91 -0.78 -0.92 0.47 0.79 0.03 0.67 0.90
11.00 1.41 340.16 637.37 25.13 0.02 -0.14 0.87 0.15 0.62 0.48 0.82
20.00 20.31 -54.80 269.06 42.21 0.28 -0.82 0.76 0.94 0.26 0.05 0.02
7.00 11.90 -209.56 -650.94 -394.89 -0.60 -0.24 -0.01 0.01 0.94 0.69 0.17
11.00 13.37 -412.99 581.32 309.07 0.09 0.82 -0.06 0.10 0.43 0.44 0.26
18.00 6.13 -271.40 -428.30 -124.43 -0.97 -0.16 0.43 0.77 0.25 0.81 0.04
33.00 270.21 37.36 595.71 -285.50 0.67 0.20 -0.22 0.36 0.99 0.89 0.57
27.00 140.62 -324.11 191.02 -26.88 0.35 0.05 0.90 0.81 0.14 0.49 0.36
33.00 219.75 634.12 -159.73 -263.46 -0.38 -0.76 -0.10 0.96 0.87 0.77 0.64
6.00 2.61 -383.56 301.53 -627.22 -0.36 0.19 -0.62 0.87 0.55 0.76 0.14
6.00 7.26 -7.93 388.02 -540.45 0.24 0.95 0.34 0.68 0.24 0.88 0.19
6.00 7.76 -110.13 322.47 -519.44 0.28 -0.95 1.00 0.32 0.73 0.04 0.28
27.00 158.08 -321.24 -269.46 -85.76 0.76 -0.59 0.40 0.21 0.08 0.39 0.92
5.00 1.29 -331.90 30.80 382.93 0.42 -0.85 -0.60 0.25 0.88 0.20 0.84
5.00 5.24 19.77 561.23 400.65 0.39 -0.86 0.10 0.28 0.57 0.94 0.62
14.00 12.91 80.48 -586.93 237.85 0.15 0.22 -0.25 0.85 0.62 0.89 0.56
13.00 23.44 585.55 215.68 89.76 -0.95 0.74 -0.08 0.18 0.06 0.29 0.00
11.00 33.43 211.36 478.83 -358.45 0.17 -0.17 0.44 0.60 0.87 0.63 0.47
6.00 0.15 -528.34 267.57 -214.82 0.55 0.17 0.01 0.86 0.62 0.63 0.44
7.00 9.06 -194.40 -18.33 108.50 0.07 -0.00 -0.28 0.17 0.06 0.09 0.69
12.00 35.56 173.83 -569.11 -154.62 -0.15 0.25 -0.41 0.61 0.86 0.89 0.37
34.00 317.04 403.14 -314.78 -442.22 -1.00 0.19 0.51 0.08 0.30 0.63 0.06
13.00 46.53 138.67 -680.10 189.79 -0.01 -0.93 0.55 0.26 0.94 0.00 0.40
15.00 28.16 148.85 304.50 170.46 -0.69 -0.21 0.68 0.06 0.62 0.97 0.82
9.00 8.52 141.36 -375.83 673.88 -0.56 0.89 -0.49 0.09 1.00 0.68 0.35
6.00 2.74 15.90 -139.30 -331.41 -0.95 0.09 0.76 0.13 0.01 0.98 0.50
7.00 13.27 -431.78 -614.92 -115.64 0.18 0.79 -0.26 0.88 0.67 0.80 0.51
13.00 37.44 317.53 402.62 41.10 0.54 0.93 -0.15 0.58 0.80 0.51 0.82
12.00 40.36 -165.94 -393.08 523.61 -0.72 -0.63 -0.34 0.78 0.85 0.77 0.28
7.00 9.16 -108.06 -439.14 -8.71 0.15 -0.90 -0.61 0.22 0.01 0.85 0.51
39.00 120.19 96.99 18.79 719.27 0.83 -0.65 -0.26 0.46 0.17 0.73 0.61
10.00 9.24 295.98 -343.15 625.96 -0.30 -0.08 0.86 0.13 0.73 0.47 0.61
20.00 20.38 -146.18 -362.90 -351.51 0.30 -0.43 -0.61 0.09 0.89 0.09 0.34
35.00 139.47 -195.41 416.35 436.04 0.27 0.99 0.56 0.51 0.49 0.21 0.82
14.00 60.30 248.15 34.11 434.71 0.83 0.32 0.21 0.59 0.40 0.96 0.12
24.00 21.90 -520.47 239.81 222.85 0.93 -0.90 -0.71 0.90 0.20 0.41 0.33
12.00 30.82 459.19 -76.27 434.45 0.10 0.07 -0.81 0.18 0.39 0.14 0.74
10.00 19.28 -454.50 188.33 -590.36 0.76 -0.30 -0.41 0.72 0.88 0.23 0.64
10.00 4.77 201.19 236.15 -522.71 0.53 0.67 0.12 0.58 0.79 0.27 0.63
10.00 1.22 244.81 573.54 -340.95 0.23 0.36 0.87 0.90 0.80 0.47 0.57
7.00 3.39 -742.04 20.59 270.29 0.78 -0.49 -0.46 0.03 0.20 0.45 0.58
5.00 1.98 261.56 429.83 191.34 0.33 0.81 0.81 0.05 0.02 0.91 0.79
17.00 69.52 -198.24 474.32 569.29 0.07 -0.32 -0.23 0.24 0.24 0.19 0.86
23.00 136.18 -563.17 239.65 -238.12 0.95 0.24 0.90 0.70 0.35 0.28 0.60
5.00 5.98 225.56 266.03 569.79 0.92 0.89 -0.76 0.06 0.02 0.39 0.60
12.00 15.54 290.32 -182.85 -353.87 0.83 -0.13 0.88 0.48 0.03 0.50 0.25
6.00 3.05 82.33 -27.00 -86.43 0.90 -0.64 0.75 0.21 0.20 0.99 0.94
22.00 38.22 444.86 309.22 458.47 -0.93 0.68 -0.04 0.79 0.98 0.36 0.65
9.00 18.68 -140.03 213.32 724.12 0.41 0.50 0.12 0.61 0.56 0.52 0.24
17.00 87.26 -352.96 -188.98 -605.64 -0.65 0.98 0.20 0.41 0.99 0.40 0.48
7.00 0.03 -279.16 531.66 -358.28 -0.55 0.70 -0.96 0.93 0.83 0.76 0.68
6.00 2.98 650.26 333.27 -272.11 0.28 -0.26 0.88 0.21 0.10 0.73 0.94
26.00 100.15 336.15 -567.42 264.49 -0.33 0.33 0.26 0.84 0.51 0.69 0.38
8.00 4.48 152.58 663.16 -316.39 -0.67 -0.14 0.38 0.50 0.92 0.23 0.83
5.00 4.63 -1.68 283.99 -412.18 0.82 0.83 0.01 0.98 0.75 0.43 0.34
13.00 14.91 -41.74 662.94 411.39 0.04 -0.73 -0.21 0.46 0.04 0.81 0.32
5.00 1.25 -322.10 -144.12 -201.30 -0.92 -0.69 0.15 0.28 0.78 0.49 0.23
5.00 2.47 122.22 -104.93 -453.70 0.74 -0.75 0.17 0.62 0.46 0.39 0.55
13.00 15.71 -412.86 -434.76 224.90 0.66 -0.83 0.62 0.68 0.68 0.10 0.41
9.00 16.69 322.72 -88.29 250.24 -0.88 0.06 -0.84 0.86 0.07 0.07 0.07
15.00 32.82 -142.36 -512.91 -532.97 0.78 0.94 0.61 0.69 0.13 0.39 0.84
7.00 12.15 493.12 -197.88 -314.96 -0.95 -0.95 -1.00 0.39 0.28 0.17 0.92
5.00 7.31 -279.46 -389.74 -23.55 -0.25 0.28 -0.57 0.02 0.77 0.23 0.62
8.00 13.95 220.51 -52.30 -712.71 0.67 0.66 -0.05 0.25 0.41 0.96 0.91
27.00 191.22 48.92 134.99 485.70 -0.51 0.90 -0.60 0.45 0.73 0.94 0.92
30.00 70.77 -509.04 15.03 423.09 0.01 0.08 0.39 0.32 0.59 0.02 0.22
10.00 12.20 332.55 413.96 -239.21 -0.22 -0.87 -0.98 0.88 0.38 0.34 0.79
14.00 51.89 -722.75 30.37 283.82 0.67 0.24 -0.33 0.01 0.73 0.34 0.03
11.00 7.35 543.66 173.26 289.25 0.27 0.18 0.31 0.80 0.02 0.63 0.57
15.00 50.99 217.19 450.69 342.07 0.61 0.25 0.08 0.80 0.34 0.94 0.08
19.00 85.60 -92.99 642.88 -310.47 -0.41 -0.57 -0.61 1.00 0.69 0.80 0.93
8.00 9.98 -150.62 -47.75 92.81 -0.70 0.71 0.88 0.60 0.76 0.56 0.51
5.00 0.92 -572.96 102.72 60.26 0.20 0.92 0.68 0.12 0.86 0.67 0.77
28.00 148.55 394.27 94.10 -456.25 -0.06 0.74 0.15 0.28 0.92 0.85 0.18
12.00 11.43 275.06 -741.82 -114.27 0.11 0.63 0.58 0.18 0.46 0.91 0.87
9.00 6.01 -246.76 469.52 218.52 0.13 0.28 -0.59 0.44 0.29 0.05 0.12
14.00 34.31 179.05 189.85 -120.13 -0.93 -0.71 0.79 0.19 0.82 0.57 0.58
7.00 12.68 693.59 -138.50 -265.31 0.70 -0.07 0.15 0.55 0.21 0.31 0.70
11.00 32.21 404.35 -277.33 241.39 -0.67 0.06 -0.18 0.28 0.76 0.15 0.96
16.00 4.01 32.90 322.35 -730.26 -1.00 -0.58 -0.93 0.85 0.18 0.67 0.09
11.00 2.22 117.54 710.45 -32.65 0.85 0.27 0.69 0.10 0.27 0.90 0.44
10.00 26.25 745.29 -13.89 148.31 -0.59 0.05 -0.12 0.92 0.00 0.21 0.78
20.00 36.45 -108.05 -615.54 143.99 0.85 0.80 -0.96 0.48 0.86 0.07 0.35
34.00 130.21 613.60 231.06 -78.48 0.21 0.95 0.17 0.12 0.58 0.45 0.85
21.00 132.03 83.33 -252.67 140.13 0.15 0.37 0.74 0.08 0.99 0.74 0.59
12.00 12.87 186.89 401.36 42.60 0.35 0.63 -0.40 0.31 0.22 0.34 0.17
6.00 8.50 -88.15 -402.30 -439.47 -0.84 -0.64 0.02 0.16 0.48 0.11 0.35
5.00 4.10 -63.53 -44.63 -199.71 0.32 0.40 0.53 0.93 0.01 0.39 0.10
15.00 55.76 401.86 -330.93 407.83 -0.27 0.90 0.69 0.71 0.56 0.27 0.58
34.00 293.07 -353.84 -18.76 -583.82 -0.92 -0.71 0.87 0.38 0.77 0.50 0.81
9.00 19.32 403.79 -243.72 -550.61 -0.30 -0.86 -0.85 0.58 0.20 0.95 0.19
32.00 268.02 -326.05 644.47 -132.00 -0.89 0.04 0.09 0.90 0.64 0.94 0.69
15.00 57.70 -317.59 66.21 -602.17 0.85 0.63 -0.19 0.04 0.20 0.57 0.89
19.00 104.17 -215.29 291.34 524.73 0.63 0.65 0.48 0.98 0.68 0.46 0.67
6.00 0.52 -546.71 179.36 478.51 -1.00 0.20 0.53 0.56 0.26 0.12 0.45
8.00 17.04 461.66 142.31 -378.32 0.48 0.43 0.66 0.26 0.51 0.90 0.05
25.00 67.77 205.07 317.69 -64.09 -0.96 0.58 0.35 0.67 0.60 0.54 0.75
11.00 18.46 -137.26 192.28 -670.20 -0.66 0.60 0.88 0.71 0.38 0.67 0.15
6.00 8.30 574.63 -246.64 -229.65 -0.05 0.19 -0.73 0.86 0.91 0.11 0.35
18.00 83.68 -121.69 144.81 397.79 0.96 -0.85 -0.25 0.10 0.81 0.95 0.97
7.00 13.27 -629.42 59.62 -3.01 0.63 -0.15 -0.38 0.49 0.14 0.78 0.39
18.00 95.31 -521.34 -152.57 398.20 0.08 -0.62 -0.97 0.62 0.26 0.27 0.91
5.00 3.36 -353.25 -58.54 -182.82 -0.62 0.64 0.56 0.30 0.58 0.92 0.67
10.00 24.78 -371.13 290.29 619.44 -0.44 0.42 0.34 0.73 0.79 0.35 0.78
12.00 9.96 -738.21 85.20 282.85 -0.26 -0.62 -0.24 0.84 0.28 0.39 0.13
8.00 3.12 22.24 377.04 514.35 0.21 -0.62 0.47 0.62 0.35 0.94 0.68
14.00 20.76 276.93 263.46 -320.66 0.92 -0.07 0.85 0.48 0.26 0.41 0.46
5.00 1.08 160.87 288.18 68.18 0.13 0.28 0.48 0.29 0.26 0.52 0.93
5.00 2.68 638.32 397.21 166.01 -0.59 0.32 0.39 0.96 0.47 0.72 0.88
6.00 2.83 -132.72 -326.04 -318.42 -0.37 0.16 0.07 0.45 0.19 0.57 0.24
15.00 11.84 14.62 -686.45 11.71 -0.59 0.96 -0.34 0.12 0.76 0.80 0.33
21.00 58.55 460.92 -79.05 -394.39 0.46 -0.76 -0.87 0.67 0.64 0.35 0.21
14.00 50.34 466.08 454.62 -34.43 -0.46 -0.94 -0.47 0.53 0.94 0.61 0.51
15.00 60.84 -542.46 323.30 -52.18 -0.43 -0.36 0.04 0.67 0.44 0.56 0.56
18.00 100.82 -22.27 -91.63 -166.71 -0.11 -0.19 -0.18 0.12 0.98 0.01 0.77
15.00 14.22 -197.58 588.24 -453.37 -0.16 -0.76 -0.71 0.16 0.66 0.52 0.15
19.00 79.33 46.94 -63.10 633.69 -0.06 0.46 -0.75 0.65 0.31 0.96 0.65
23.00 55.31 411.94 -350.34 -373.27 -0.57 0.69 0.54 0.84 0.17 0.83 0.94
33.00 127.31 131.54 608.02 478.28 -0.76 -0.09 0.46 0.77 0.82 0.07 0.04
16.00 6.76 -363.59 204.41 531.07 0.23 0.59 0.79 0.16 0.26 0.47 0.00
13.00 2.45 180.72 97.00 191.33 0.47 -0.86 0.30 0.11 1.00 0.97 0.46
9.00 12.87 178.92 532.85 -310.10 -0.20 -0.01 -0.16 0.79 0.22 0.44 0.70
11.00 16.97 -124.30 -71.77 -42.98 -0.03 -0.62 0.36 0.72 0.79 0.84 0.99
8.00 17.67 -406.99 452.94 400.36 -0.71 0.81 -0.98 0.02 0.66 0.70 0.96
30.00 151.44 -430.37 382.65 -269.26 -0.04 -0.10 0.06 0.04 0.02 0.70 0.42
8.00 19.00 -333.40 280.74 11.55 0.63 0.65 -0.85 0.93 0.69 0.59 0.62
9.00 16.20 45.22 32.89 -546.88 -0.70 0.92 0.94 0.57 0.51 0.56 0.03
16.00 29.02 330.08 -387.26 108.97 0.54 0.49 0.83 0.79 0.26 0.73 0.75
6.00 11.26 30.18 -267.55 74.29 -0.36 -0.73 0.61 0.60 0.64 0.82 0.97
11.00 5.84 -675.08 -229.83 -305.47 0.04 0.38 0.21 0.48 0.56 0.84 0.41
17.00 49.96 58.69 26.13 364.75 0.20 -0.22 0.74 0.99 0.89 0.10 0.76
16.00 75.80 -586.14 52.52 256.54 0.82 -0.35 -0.44 0.11 0.35 0.25 0.07
17.00 16.03 290.01 276.65 281.30 -0.88 -0.18 0.31 0.59 0.06 0.24 0.51
5.00 3.80 -229.61 -684.02 191.02 -0.33 -0.27 0.83 0.81 0.67 0.77 0.58
11.00 32.49 -461.24 60.84 137.32 -0.84 0.92 0.71 0.56 0.36 0.56 0.33
5.00 4.08 -64.31 -35.41 671.74 0.23 0.94 0.12 0.12 0.78 0.42 0.27
8.00 10.40 -358.51 270.25 -256.52 -0.48 0.42 0.22 0.44 0.91 0.84 0.03
10.00 18.98 421.71 106.23 262.07 -0.76 0.69 0.20 0.23 0.17 0.62 0.34
10.00 4.62 25.10 345.72 -99.43 0.85 0.65 0.87 0.55 0.39 0.70 0.57
9.00 0.11 -421.11 76.83 461.28 -0.76 -0.10 -0.62 0.04 0.23 0.79 0.67
12.00 37.21 -478.40 -69.31 129.15 0.18 -0.75 1.00 0.92 0.91 0.96 0.85
15.00 8.23 25.13 -314.85 -616.15 -0.23 0.60 -0.71 0.71 0.48 0.39 0.85
6.00 2.04 221.91 441.74 -510.13 -0.33 0.81 -0.53 0.31 0.33 0.76 0.37
18.00 15.57 348.67 373.21 -337.02 -0.06 0.85 -0.21 0.72 0.40 0.01 0.62
6.00 10.68 77.82 619.08 -50.34 0.92 -0.67 -0.11 0.39 0.56 0.99 0.98
15.00 47.27 -89.79 -395.41 430.07 0.33 -0.46 -0.36 0.08 0.91 0.70 0.27
6.00 0.26 -474.14 -217.32 -258.49 -0.49 -0.75 0.16 0.45 0.05 0.65 0.26
15.00 7.84 485.62 -117.61 -268.09 -0.01 0.76 0.36 0.91 0.30 0.46 0.78
5.00 5.62 630.31 226.91 -36.51 -0.48 0.79 0.27 0.77 0.56 0.20 0.91
36.00 386.00 -140.50 -8.54 549.13 0.60 0.93 0.61 0.08 0.04 0.10 0.63
23.00 120.44 465.09 -535.39 146.97 -0.09 0.06 0.19 0.13 0.68 0.00 0.40
17.00 62.56 -487.70 -608.47 -152.10 -0.66 -0.46 -0.26 0.38 0.52 0.82 0.26
18.00 57.59 145.21 620.11 402.06 0.96 0.69 0.22 0.46 0.58 0.66 0.65
15.00 18.76 296.38 12.19 -481.61 -0.26 0.26 -0.32 0.28 0.61 0.19 0.66
9.00 17.04 410.59 301.65 175.44 0.11 -0.77 -0.65 0.23 0.29 0.37 0.16
35.00 118.35 -284.50 101.73 467.96 -0.72 0.19 -0.70 0.63 0.30 0.71 0.78
6.00 1.71 -579.71 237.15 15.89 0.70 0.05 -0.35 0.76 0.76 0.66 0.01
7.00 9.26 -2.60 637.78 212.49 -0.26 -0.94 -0.53 0.99 0.03 0.96 0.03
6.00 7.01 76.40 136.25 -686.44 0.33 0.97 -0.23 0.60 0.80 0.29 0.78
7.00 0.45 -339.44 -467.39 61.51 -0.82 -0.09 0.40 0.30 0.26 0.33 0.48
6.00 0.81 -480.46 -38.34 -246.03 -0.13 0.14 0.18 0.52 0.39 0.91 0.00
8.00 19.12 -497.16 481.96 297.04 0.83 0.73 -0.71 0.14 0.44 0.15 0.67
6.00 4.93 539.05 -272.43 223.00 -0.37 0.52 -0.58 0.20 0.09 0.73 0.82
8.00 2.22 541.88 337.74 -92.24 0.15 0.06 -0.92 0.53 0.54 0.93 0.93
19.00 1.88 -83.71 -544.12 -339.23 0.92 0.18 0.76 0.59 0.12 0.21 0.26
20.00 78.84 745.74 -125.45 -258.74 -0.97 0.80 0.46 0.18 0.38 0.34 0.04
11.00 15.96 466.33 285.39 -223.59 -0.83 -0.12 -0.60 0.26 0.78 0.09 0.49
7.00 2.20 -97.22 506.92 -556.41 0.83 -0.74 -0.83 0.20 0.49 0.02 0.65
19.00 64.59 -210.89 2.73 415.74 -0.82 -0.57 -0.54 0.98 0.40 0.48 0.72
12.00 20.71 601.35 -510.58 -34.44 0.50 0.49 -0.45 0.38 0.15 0.29 0.98
13.00 14.79 -373.68 -534.04 -416.76 -0.49 0.24 -0.39 0.96 0.15 0.01 0.07
5.00 0.42 -745.27 160.16 170.19 -0.17 0.36 0.82 0.78 0.62 0.39 0.47
18.00 67.24 -156.64 -752.52 199.86 0.97 0.70 0.78 1.00 0.75 0.13 0.53
13.00 24.33 -280.34 -270.13 -158.10 0.03 -0.13 0.11 0.46 0.47 0.93 0.68
7.00 10.15 377.78 -704.16 -6.73 -0.63 -0.63 0.64 0.88 0.19 0.41 0.42
5.00 5.84 238.68 -528.73 398.89 -0.69 0.52 -0.24 0.47 0.59 0.09 0.00
13.00 14.86 -348.23 560.54 32.46 0.62 0.86 0.98 0.70 0.67 0.80 0.77
9.00 7.81 -89.76 -328.93 -9.87 -0.15 -0.34 -0.40 0.65 0.42 0.60 0.97
27.00 27.50 -331.35 -372.77 312.97 0.76 -0.09 0.07 0.78 0.43 0.17 0.11
16.00 55.29 -579.23 -473.03 -32.80 -0.98 0.80 -0.43 0.15 0.57 0.79 0.42
13.00 47.71 520.58 -314.24 -482.42 -0.46 -0.42 -0.43 0.39 0.29 0.98 0.49
6.00 2.43 582.03 387.17 -214.72 0.31 -0.64 0.53 0.19 0.79 0.13 0.64
17.00 17.09 456.12 9.18 -654.84 -0.37 0.98 -0.42 0.61 0.98 0.39 0.06
6.00 9.92 124.44 -266.85 490.67 -0.19 -0.89 0.37 0.29 0.79 0.33 0.65
8.00 6.70 -637.07 -321.22 -269.01 0.40 -0.59 -0.13 0.23 0.69 0.01 0.90
25.00 141.89 -117.15 498.51 206.49 0.42 -0.78 0.28 0.65 0.65 0.52 0.49
5.00 7.08 -108.94 -125.47 -467.46 0.34 -0.17 -0.45 0.95 0.68 0.39 0.99
27.00 41.42 638.94 114.89 -413.72 -0.32 0.87 -0.56 0.33 0.72 0.60 0.90
7.00 11.92 -768.74 -10.44 -9.81 0.78 -0.49 0.09 0.61 0.46 0.92 0.84
8.00 9.64 122.75 -408.26 666.33 0.10 0.65 -0.20 0.05 0.95 0.10 0.83
9.00 17.35 406.73 -99.53 -333.42 -0.63 -0.62 0.27 0.49 0.51 0.09 0.08
6.00 6.45 -159.75 -561.97 -475.51 -0.32 -0.29 0.15 0.83 0.76 0.70 0.35
10.00 15.75 -674.54 208.92 -3.08 0.10 0.81 0.83 0.90 0.73 0.28 0.54
18.00 41.46 172.31 -333.53 45.00 0.56 0.75 0.28 0.15 0.71 0.13 0.39
9.00 20.66 -435.52 -228.64 -437.33 0.01 0.95 0.75 0.14 0.27 0.95 0.02
5.00 7.65 -409.55 -193.69 -378.05 0.51 0.99 0.30 0.95 0.21 0.53 0.93
13.00 36.33 -156.78 525.63 -102.52 -0.15 0.88 -0.26 0.17 0.80 0.45 0.09
8.00 0.89 288.71 73.73 -100.96 -0.74 -0.59 -0.79 0.36 0.06 0.46 0.31
12.00 33.45 -618.01 331.27 -180.90 -0.92 -0.13 -0.70 0.15 0.22 0.36 0.89
6.00 9.94 48.56 -42.84 -482.80 -0.81 -0.33 -0.90 0.87 0.74 0.02 0.12
16.00 70.72 240.59 248.65 -688.92 0.70 -0.30 -0.17 0.58 0.19 0.30 0.47
15.00 67.48 -71.55 6.08 -780.60 0.99 -0.87 0.84 0.67 0.42 0.46 0.63
12.00 14.84 541.32 16.12 -217.87 -0.01 0.81 0.93 0.00 0.05 0.58 0.68
39.00 397.16 -297.01 -372.40 593.82 -0.21 -0.39 0.35 0.45 0.33 0.60 0.09
23.00 147.82 35.45 -214.11 457.75 -0.65 -0.08 0.27 0.56 0.38 0.10 0.08
7.00 12.73 -460.86 108.10 608.56 0.11 -0.68 0.31 0.22 0.39 0.07 0.60
29.00 199.70 -670.83 389.98 -6.78 -0.38 -0.04 -0.06 0.74 0.82 0.61 0.68
11.00 11.46 -155.57 -15.73 646.44 0.85 -0.40 0.09 0.39 0.78 0.50 0.71
5.00 3.06 528.92 -146.48 -342.04 0.03 0.73 -0.03 0.88 0.71 0.88 0.92
31.00 46.21 314.29 -88.47 -109.11 0.18 -0.15 -0.43 0.28 0.85 0.31 0.10
6.00 0.54 361.32 -692.46 -111.20 -0.21 0.86 0.72 0.33 0.24 0.28 0.08
5.00 7.35 648.26 294.44 352.40 -0.61 -0.95 -0.34 0.99 0.77 0.51 0.25
14.00 29.90 123.61 -210.75 -613.90 -0.05 0.98 -0.35 0.01 0.55 0.73 0.45
8.00 17.70 -130.14 6.52 -393.48 -0.42 -0.32 0.74 0.01 0.07 0.34 0.71
18.00 23.16 268.22 329.41 -378.62 -0.81 -0.03 0.37 0.94 0.96 0.81 0.58
8.00 19.40 -697.65 -330.03 178.45 0.83 0.69 0.12 0.80 0.79 0.35 0.11
10.00 8.52 -605.91 -511.62 95.46 0.52 0.59 -0.36 0.55 1.00 0.74 0.78
12.00 20.53 -389.97 555.36 204.38 -0.24 -0.40 -0.39 0.30 0.80 0.11 0.41
13.00 19.45 -129.97 205.90 -145.13 -0.77 -0.81 -0.50 0.82 0.20 0.08 0.21
7.00 8.82 -317.82 -695.39 -182.31 0.99 -0.51 -0.50 0.39 0.06 0.63 0.10
19.00 5.19 252.06 -96.73 -446.93 -0.95 0.43 -0.01 0.07 0.36 0.57 0.68
33.00 32.92 532.42 -398.49 -401.19 -0.87 -0.79 0.59 0.11 0.31 0.69 0.29
7.00 12.51 271.61 276.13 -457.20 0.95 0.73 0.04 0.62 0.78 0.38 0.19
18.00 2.10 -704.00 -339.27 94.84 -0.63 -0.08 0.77 0.06 0.68 0.25 0.58
28.00 77.16 -653.08 85.70 -161.68 0.47 0.54 0.47 0.87 0.34 0.54 0.01
7.00 11.62 128.44 634.25 -388.95 -0.16 -0.86 0.59 0.67 0.88 0.76 0.21
26.00 175.49 -526.92 177.39 38.41 0.48 -0.40 -0.41 0.27 0.32 0.48 0.58
6.00 6.59 305.01 -70.77 -646.00 0.62 -0.99 -0.66 0.38 0.21 0.81 0.62
5.00 7.04 146.69 373.71 166.90 -0.14 -0.02 -0.12 1.00 0.13 0.94 0.87
14.00 42.19 72.44 -643.59 -375.28 -0.53 -0.19 -0.07 0.48 0.40 0.14 0.54
15.00 13.12 -11.47 248.06 456.78 0.86 0.81 0.44 0.25 0.28 0.21 0.01
11.00 15.51 400.56 272.59 -549.08 -0.75 -0.56 -0.32 0.62 0.50 0.33 0.79
8.00 0.20 582.69 27.38 478.98 -0.19 0.71 -0.31 0.28 0.81 0.91 0.29
11.00 34.53 430.90 465.45 145.21 -0.15 0.25 0.15 0.20 0.07 0.95 0.96
9.00 7.88 234.12 597.98 -209.56 0.60 -0.37 -0.47 0.34 0.02 0.48 0.46
5.00 1.38 524.08 -215.95 253.93 0.32 -0.53 -0.34 0.36 0.78 0.07 0.95
12.00 11.99 -298.86 -519.31 -223.69 0.88 -0.41 0.04 0.86 0.16 0.98 0.21
8.00 11.55 -331.58 141.75 -363.58 0.37 -0.23 -0.49 0.46 0.23 0.09 0.37
11.00 37.74 -93.38 562.67 -115.27 0.22 0.87 0.02 0.66 0.47 0.13 0.41
14.00 19.17 -336.27 332.90 -236.14 0.52 0.94 0.13 0.01 0.33 0.40 0.51
6.00 2.26 342.72 -231.20 545.01 0.13 0.47 -0.15 0.20 0.74 0.40 0.04
27.00 87.91 -208.53 -151.49 -138.18 -0.28 0.26 0.29 0.31 0.65 0.26 0.89
11.00 32.41 716.70 -244.70 196.29 0.72 -0.33 0.61 0.57 0.61 0.25 0.69
11.00 31.70 -140.01 676.56 -321.04 0.72 -0.57 -0.98 0.94 0.12 0.24 0.16
7.00 9.08 406.32 563.83 394.48 0.11 0.61 0.36 0.44 0.51 0.25 0.60
11.00 37.08 281.17 -649.56 -34.23 0.27 0.56 -0.07 0.45 0.70 0.36 0.51
9.00 5.39 505.92 345.80 371.35 -0.35 -0.76 -0.12 0.86 0.02 0.37 0.35
10.00 23.53 217.39 -626.95 211.15 0.41 0.91 0.52 0.14 0.58 0.27 0.25
13.00 51.33 -117.00 -195.70 314.81 -0.93 -0.45 0.47 0.84 0.78 0.21 0.38
23.00 87.96 -222.93 262.02 -187.04 0.29 -0.01 -0.54 0.33 0.85 0.47 0.58
8.00 8.75 350.81 342.58 559.87 -0.80 -0.46 -0.89 0.18 0.04 0.35 0.89
31.00 167.30 -427.58 305.36 -17.77 -0.78 -0.30 -0.97 0.91 0.39 0.24 0.17
24.00 102.80 -169.33 -227.17 695.80 -0.48 -0.56 -0.87 0.77 0.11 0.18 0.80
23.00 164.80 -339.27 196.17 -437.53 -0.29 0.05 0.57 0.94 0.04 0.52 0.33
7.00 14.47 610.38 -494.53 -121.58 -0.62 -0.78 0.50 0.72 0.63 0.68 0.72
23.00 160.17 323.61 152.01 -283.33 -0.91 -0.67 -0.90 0.77 0.84 0.48 0.04
6.00 8.90 -142.22 237.73 645.95 0.85 0.01 -0.56 0.13 0.43 0.84 0.06
11.00 16.08 248.44 218.76 44.24 -0.04 -0.08 0.31 0.81 0.90 0.34 0.08
5.00 1.59 -548.61 -331.55 382.28 0.93 -0.06 0.21 0.05 0.57 0.37 0.19
15.00 44.34 -535.71 74.73 550.42 -0.06 -0.76 -0.81 0.44 0.66 0.83 0.91
11.00 2.00 70.92 -389.40 53.51 -0.38 0.17 0.66 0.71 0.89 0.30 0.42
8.00 8.37 -260.31 -577.22 -484.36 -0.20 -0.53 0.68 0.30 0.20 0.98 0.97
13.00 46.90 -382.23 26.51 5.88 -0.24 0.59 0.32 0.88 0.08 0.29 0.19
26.00 113.30 147.81 353.44 572.23 -0.82 0.87 0.48 0.45 0.36 0.12 0.39
33.00 168.72 278.30 -488.98 -65.95 -0.93 -0.68 -0.96 0.69 0.86 0.19 0.67
20.00 93.50 -50.91 63.75 100.97 0.30 -0.25 0.43 0.91 0.58 0.49 0.28
20.00 46.02 -188.71 -182.89 125.41 0.17 -0.24 0.56 0.01 0.96 0.93 0.44
12.00 41.61 267.16 -178.08 -95.63 -0.20 -0.57 0.18 0.53 0.88 0.05 0.44
9.00 3.85 65.87 688.84 -320.74 0.16 -0.72 -0.30 0.50 0.55 0.40 0.44
12.00 24.14 -407.05 283.90 -57.64 -0.59 0.58 -0.67 0.96 0.60 0.22 0.13
6.00 3.17 -365.45 436.01 -70.50 0.96 -0.52 0.08 0.10 0.50 0.96 0.39
5.00 7.51 373.62 511.52 121.69 -0.24 -0.96 -0.96 0.99 0.61 0.10 0.24
12.00 25.54 244.17 572.18 -436.71 -0.52 -0.95 0.85 0.22 0.40 0.01 0.63
10.00 27.03 577.91 -390.83 -200.10 -0.05 0.39 -0.50 0.14 0.12 0.10 0.86
28.00 8.21 342.62 470.42 420.54 0.02 -0.69 0.67 0.87 0.18 0.09 0.67
9.00 25.26 -316.62 -54.04 -76.11 -0.23 0.01 0.33 0.91 0.80 0.94 0.59
22.00 32.23 -353.41 -524.49 432.95 0.43 0.13 0.79 0.39 0.05 0.44 0.23
9.00 0.92 98.05 -532.45 185.70 -0.07 0.94 -0.06 0.40 0.20 0.80 0.44
29.00 263.54 149.64 173.38 556.54 0.60 -0.96 0.69 0.94 0.20 0.12 0.91
27.00 190.35 252.92 359.93 535.54 0.79 0.08 -0.62 0.32 0.26 0.48 0.34
6.00 5.46 -681.27 16.31 216.62 0.37 0.44 0.81 0.17 0.12 0.36 0.83
7.00 9.69 -215.54 -667.71 373.31 -0.25 -0.94 -0.00 0.84 0.04 0.97 0.11
35.00 210.42 137.81 -335.59 -535.13 -0.38 0.12 0.79 0.73 0.57 0.05 0.65
14.00 19.51 197.90 -89.69 262.47 0.44 0.75 -0.63 0.33 0.38 0.74 0.88
5.00 0.07 -496.91 120.68 208.08 0.06 1.00 -0.32 0.13 0.36 0.02 0.59
20.00 4.38 -200.05 -676.52 243.27 0.42 -0.85 0.49 0.69 0.65 0.67 0.92
14.00 57.00 531.06 -482.65 -229.82 0.83 -0.53 0.11 0.97 0.46 0.91 0.83
21.00 123.23 66.89 -254.09 348.38 -0.55 0.53 -0.83 0.74 0.74 0.07 0.52
12.00 32.17 639.81 -101.70 -94.49 -0.17 -0.75 -0.06 0.06 0.93 0.74 0.97
8.00 13.47 -282.45 -301.01 -74.22 -0.90 -0.97 0.56 0.30 0.13 0.08 0.17
6.00 10.17 -218.12 -463.88 -25.67 -0.14 -0.80 -0.30 0.87 0.79 0.68 1.00
9.00 7.32 327.75 -460.95 565.12 0.03 -0.48 0.90 0.87 0.30 0.95 0.52
5.00 0.73 -628.90 -227.48 -223.90 -0.83 0.77 -0.54 0.09 0.63 0.35 0.52
30.00 170.80 -681.28 -67.25 206.72 0.31 0.49 -0.37 0.01 0.44 0.10 0.53
23.00 50.94 -206.44 -356.02 513.39 -0.41 -0.56 -0.15 0.49 0.66 0.11 0.43
14.00 51.28 -257.21 183.95 -56.07 -0.16 -0.05 0.45 0.37 0.75 0.00 0.05
10.00 2.53 281.16 26.88 458.62 0.86 -0.13 -0.52 0.65 0.07 0.95 0.65
18.00 79.99 -612.96 -271.23 110.91 0.26 -0.34 0.05 0.91 0.76 0.85 0.38
8.00 13.91 -259.01 -307.38 247.88 -0.88 0.45 -0.85 0.88 0.96 0.24 0.54
12.00 32.98 -600.26 307.78 417.49 0.87 -0.19 -0.61 0.35 0.33 0.99 0.76
16.00 57.79 360.05 -94.60 -84.52 0.27 -0.47 0.76 0.93 0.82 0.09 0.73
11.00 8.54 -302.76 -448.20 586.80 0.04 -0.64 0.14 0.84 0.72 0.79 0.15
8.00 9.28 -546.40 84.12 63.29 0.32 0.35 0.55 0.21 0.83 0.05 0.98
9.00 6.26 -142.57 -581.67 51.89 0.76 -0.75 -0.56 0.31 0.47 0.97 0.05
34.00 84.08 307.27 528.79 -278.21 -0.60 -0.04 -0.24 0.83 0.47 0.51 0.44
13.00 49.46 -349.25 526.18 -336.46 -0.15 0.37 -0.16 0.04 0.92 0.26 0.62
14.00 53.39 227.63 81.17 -247.82 -0.60 -0.38 0.53 0.48 0.99 0.18 0.38
24.00 46.84 326.42 329.68 634.19 -0.51 0.81 -0.70 0.59 0.48 0.30 0.07
5.00 7.40 428.61 96.85 -147.82 -0.68 -0.08 -0.95 0.46 0.29 0.92 0.87
5.00 7.38 -392.67 165.31 397.32 0.70 0.89 0.99 0.79 0.94 0.47 0.06
15.00 6.95 -445.52 241.22 -332.64 0.29 -0.05 0.16 0.45 0.63 0.57 0.15
12.00 26.37 -159.89 300.21 392.30 -0.74 0.97 0.77 0.48 0.52 0.03 0.64
8.00 0.44 127.47 -101.68 189.64 -0.17 0.04 0.98 0.66 0.20 0.58 0.46
19.00 76.48 188.31 -482.77 505.88 0.42 -0.18 -0.70 0.27 0.51 0.10 0.38
20.00 87.65 -99.72 33.15 -303.33 -0.80 0.60 -0.65 0.18 0.43 0.49 0.90
19.00 61.11 143.04 -647.60 435.39 0.93 0.33 0.61 0.61 0.24 0.52 0.94
16.00 56.73 -132.62 222.05 -187.27 -0.71 -0.57 0.74 0.12 0.25 0.58 0.95
10.00 22.97 246.19 -382.63 204.24 -0.40 0.50 0.71 0.30 0.17 0.40 1.00
31.00 275.02 -53.89 522.30 -392.74 0.36 0.21 0.52 0.65 0.40 0.02 0.43
23.00 158.85 410.14 -335.93 -229.49 -0.96 -0.20 0.42 0.07 0.18 0.86 0.52
5.00 5.91 -78.54 151.83 -399.72 0.67 -0.39 -0.35 0.51 0.52 0.13 0.49
5.00 5.17 415.73 361.51 503.74 0.27 -0.98 -0.21 0.99 0.10 0.24 0.50
31.00 114.57 73.11 257.18 649.70 0.76 0.78 0.20 0.12 0.61 0.28 0.65
9.00 22.93 334.10 530.66 360.99 0.68 -0.36 -0.80 0.49 0.42 0.94 0.48
6.00 7.56 -248.99 336.24 478.56 0.19 -0.53 0.70 0.91 0.56 0.17 0.60
22.00 10.18 82.45 -365.48 -513.86 0.40 0.09 -0.34 0.75 0.06 0.68 0.32
5.00 6.39 212.60 -356.85 471.08 0.22 0.68 0.56 0.92 0.31 0.02 0.64
12.00 40.32 218.68 38.27 -695.93 -0.98 -0.60 -0.96 0.65 0.75 0.08 0.63
15.00 7.64 335.70 -550.45 420.04 -0.21 -0.90 -0.91 0.37 0.53 0.32 0.89
5.00 2.70 19.60 -424.25 496.42 -0.10 0.73 -0.13 0.09 0.26 0.47 0.56
20.00 35.30 -366.77 -500.18 490.46 -0.20 -0.82 -0.68 0.49 0.28 0.72 0.90
7.00 2.95 17.81 -413.29 -15.73 -0.09 0.72 0.68 0.48 0.83 0.26 0.93
17.00 15.71 488.47 -333.58 529.17 0.51 0.48 0.70 0.91 0.29 0.59 0.93
9.00 4.48 -578.85 -35.03 -547.28 0.03 -0.01 -0.80 0.84 0.91 0.60 0.88
28.00 126.45 439.01 224.72 -578.51 0.19 -0.14 0.07 0.41 0.28 0.86 0.97
20.00 113.41 149.37 138.62 -726.10 0.11 -0.34 -0.77 0.35 0.46 0.14 0.57
18.00 76.57 237.64 558.69 259.30 0.24 0.44 0.43 0.01 0.09 0.28 0.29
14.00 16.65 45.67 119.64 -687.17 0.59 0.86 0.25 0.33 0.50 0.20 0.63
6.00 3.52 438.79 294.77 501.62 0.72 0.02 0.57 0.50 0.88 0.43 0.64
5.00 2.33 443.78 583.08 172.74 0.52 -0.31 -0.35 0.54 0.49 0.78 0.09
9.00 9.87 -36.86 -532.57 -375.00 -0.74 0.70 -0.49 0.33 0.32 0.66 0.53
12.00 10.24 548.50 529.07 34.02 0.93 -0.29 -0.72 0.12 0.38 0.20 0.92
7.00 13.14 -163.52 60.76 523.38 0.14 0.98 0.69 0.22 0.18 0.61 0.97
16.00 61.35 23.17 -522.89 -146.15 0.95 -0.59 0.23 0.19 0.27 0.81 0.03
6.00 10.19 57.76 -438.83 404.33 0.55 -0.33 -0.73 0.31 0.46 0.62 0.87
15.00 7.45 -232.54 171.53 207.87 -0.86 -0.84 -0.93 0.61 0.21 0.77 0.12
6.00 10.20 96.80 -721.19 -279.84 0.79 0.09 0.41 0.55 0.46 0.91 0.78
27.00 61.10 -401.90 177.77 31.32 -0.50 -0.60 -0.73 0.38 0.69 0.37 0.97
9.00 5.23 -309.50 146.22 -551.06 -0.72 0.56 0.82 1.00 0.96 0.61 0.24
39.00 303.02 596.68 -338.30 -262.33 -1.00 0.77 0.32 0.36 0.90 0.50 0.15
26.00 74.16 -117.42 -258.33 -740.57 0.32 0.42 0.89 0.06 0.27 0.81 0.04
8.00 12.46 -356.39 -216.78 612.63 -0.02 0.28 0.77 0.76 0.29 0.30 0.53
20.00 75.28 439.31 304.92 -330.05 -0.38 0.05 0.93 0.19 0.08 0.63 0.60
15.00 32.66 255.28 -41.30 242.84 0.59 0.12 0.00 0.51 0.85 0.49 0.29
14.00 13.14 286.84 256.68 19.87 0.27 -0.97 0.30 0.08 0.97 0.73 0.55
12.00 41.41 -13.03 314.98 -110.79 0.76 0.61 -0.17 0.42 0.54 0.98 0.67
9.00 14.95 -569.93 201.73 375.20 -0.37 -0.10 -0.12 0.51 0.38 0.40 0.52
8.00 12.46 -239.65 477.81 139.39 0.96 0.92 -0.75 0.43 0.27 0.48 0.52
7.00 9.84 -333.71 484.72 178.68 -0.60 -0.71 -0.57 0.86 0.93 0.02 0.89
26.00 202.58 -34.51 468.05 -155.30 0.00 -0.59 -0.29 0.00 0.08 0.32 0.01
6.00 0.21 23.70 381.04 -127.57 -0.62 0.22 0.07 0.55 0.43 0.60 0.20
9.00 21.56 -630.13 411.22 -18.43 -0.69 0.70 0.76 0.76 0.00 0.12 0.39
6.00 6.68 324.44 130.34 -621.73 -0.26 -0.60 0.24 0.78 0.38 0.95 0.60
5.00 4.14 -601.88 171.41 -353.86 -0.86 0.69 -0.37 0.70 0.62 0.64 0.61
6.00 10.58 -222.78 287.55 -700.35 -0.10 -0.19 0.91 0.45 0.99 0.71 0.31
10.00 9.55 218.57 -193.58 -624.52 0.04 0.59 0.29 0.75 0.89 0.93 0.03
12.00 24.47 -137.40 -301.34 273.61 -0.20 0.91 0.13 0.41 0.35 0.93 0.90
20.00 60.61 -562.00 -149.18 513.37 0.64 -0.96 -0.58 0.03 0.52 0.50 0.84
30.00 74.33 -71.76 -677.57 -336.12 0.84 -0.80 0.58 0.01 0.99 0.33 0.54
15.00 58.27 647.05 -411.17 228.03 0.60 0.68 0.18 0.72 0.69 0.20 0.99
20.00 10.55 103.97 424.36 -138.40 -0.59 -0.96 0.05 0.91 0.91 0.88 0.79
12.00 27.07 166.22 -205.72 -439.14 0.16 0.64 -0.65 0.35 0.30 0.33 0.49
15.00 58.98 210.54 31.38 -753.12 0.21 0.44 0.71 0.64 0.08 0.21 0.12
12.00 2.58 182.76 -149.73 -94.16 -0.40 0.74 -0.68 0.94 0.34 0.82 0.10
19.00 0.66 482.03 44.43 -498.17 -0.15 -0.56 0.50 0.94 0.28 0.06 0.06
9.00 14.97 -116.73 345.77 -340.11 0.47 0.57 -0.51 0.52 0.79 0.94 0.72
30.00 100.55 544.90 88.44 212.10 -0.86 -0.80 -0.22 0.34 0.78 0.23 0.23
14.00 10.75 -224.22 230.72 76.91 -0.98 -0.79 -0.97 0.23 0.36 0.17 0.56
20.00 56.46 271.35 559.87 36.80 0.48 0.04 0.44 0.17 0.27 0.42 0.10
25.00 104.98 8.38 -386.18 -379.22 0.28 -0.61 0.20 0.01 0.66 0.48 0.59
11.00 11.23 96.35 1.66 -630.40 0.67 0.61 -0.39 0.96 0.47 0.82 0.36
11.00 18.13 165.83 443.12 26.78 -0.21 0.35 0.43 0.63 0.73 0.36 0.42
6.00 3.13 -122.92 -568.74 -413.04 0.89 0.93 0.90 0.86 0.74 0.31 0.11
9.00 17.79 -300.88 -421.39 -346.14 -0.36 -0.75 0.42 0.83 0.20 0.70 0.23
21.00 64.78 -99.14 -676.68 3.03 -0.55 -0.56 -0.80 0.65 0.99 0.39 0.89
19.00 12.80 169.50 173.73 74.79 -0.56 -0.79 -0.41 0.21 0.55 0.11 0.16
17.00 73.71 12.34 -120.12 -207.59 0.05 -0.25 -0.01 0.68 0.70 0.58 0.31
7.00 12.24 485.95 212.84 116.06 -0.30 -0.73 -0.13 0.29 0.84 0.15 0.79
8.00 16.77 460.19 -335.28 517.19 0.66 -0.14 0.40 0.93 0.99 0.28 0.33
12.00 34.89 -306.12 -582.54 171.88 0.88 0.50 0.00 0.10 0.34 0.99 0.34
12.00 4.32 146.36 -58.56 555.47 -0.98 0.99 0.79 0.29 0.23 0.03 0.23
8.00 5.73 377.15 614.75 128.00 0.51 -0.50 0.50 0.93 0.10 0.17 0.17
30.00 172.15 -510.32 560.51 215.78 0.37 0.49 -0.10 0.14 0.52 0.11 0.39
8.00 1.08 391.98 -83.65 636.37 0.82 0.79 0.67 0.18 0.39 0.24 0.15
27.00 30.96 152.95 579.40 -274.78 -0.64 0.50 -0.70 0.09 0.35 0.13 0.31
8.00 13.72 -473.77 75.71 -414.88 -0.69 -0.62 0.78 0.44 0.86 0.94 1.00
16.00 27.60 -740.73 129.82 52.29 0.97 -0.10 -0.83 0.61 0.91 0.77 0.23
21.00 124.43 692.00 -128.76 -299.38 -0.92 0.84 -0.88 0.19 0.34 0.88 0.40
25.00 72.77 158.29 197.36 -730.83 0.98 0.38 0.74 0.61 0.48 0.78 0.79
14.00 3.34 -549.86 186.52 253.96 0.09 0.33 -0.26 0.20 0.99 0.98 0.52
13.00 20.60 -93.04 455.80 479.57 -0.98 0.82 0.95 0.29 0.73 0.32 0.52
26.00 6.84 -309.51 283.50 466.15 0.39 -0.87 0.07 0.47 0.94 0.00 0.24
5.00 6.13 189.43 -237.08 -540.94 0.23 -0.33 0.54 0.15 0.16 0.88 0.19
13.00 20.82 -170.26 -470.19 -463.17 -0.24 -0.58 0.88 0.44 0.29 0.08 0.68
6.00 11.04 -590.67 -82.25 -257.82 0.39 -0.04 0.86 0.94 0.38 0.38 0.48
7.00 4.50 -245.01 561.76 228.95 0.31 -0.46 0.62 0.63 0.63 0.03 0.77
12.00 28.41 -359.61 411.62 -34.31 0.95 -0.84 -0.52 0.35 0.33 0.11 0.46
9.00 9.11 618.91 451.63 -154.84 0.25 -0.38 -0.25 0.69 0.41 0.92 0.81
8.00 0.39 -58.51 -504.58 86.22 -0.09 -0.89 -0.64 0.84 0.05 0.30 0.07
36.00 130.91 385.52 -329.63 137.44 0.04 0.14 -0.31 0.25 0.09 0.87 0.81
6.00 6.63 586.09 -95.84 1.58 -0.30 -0.80 0.76 0.84 0.23 0.27 0.66
22.00 19.59 69.40 181.93 -529.94 0.37 0.86 0.96 0.72 0.58 0.53 0.35
8.00 11.46 691.50 -243.21 -74.16 -0.38 -0.75 0.51 0.44 0.90 0.46 0.75
6.00 9.50 -327.74 -91.68 -270.24 -0.37 -0.59 0.08 0.25 0.76 0.36 0.42
33.00 134.60 162.75 519.04 -537.93 -0.76 0.27 -0.26 0.44 0.20 0.18 0.85
33.00 155.79 387.65 -353.31 -524.63 -0.03 -0.91 -0.09 0.36 0.87 0.43 0.72
24.00 73.39 -253.60 305.24 277.26 0.30 -0.88 0.95 0.19 0.76 0.05 0.73
10.00 7.62 26.28 539.92 -425.93 0.58 -0.94 0.33 0.62 0.47 0.79 0.80
20.00 78.44 -20.29 411.92 664.10 0.79 0.65 -0.84 0.58 0.70 0.19 0.74
27.00 78.16 -240.16 -278.82 174.02 0.81 -0.86 -0.98 0.48 0.10 0.37 0.53
28.00 75.34 645.87 -10.36 59.07 -0.25 0.55 -0.71 0.80 0.66 0.77 0.94
14.00 31.17 -355.01 -662.72 130.36 0.17 0.56 0.46 0.06 0.52 0.33 0.62
24.00 115.82 -10.48 121.87 530.48 0.96 0.96 -0.26 0.11 0.94 0.47 1.00
18.00 27.38 296.99 17.37 -698.04 0.33 0.99 0.75 0.50 0.62 0.53 0.49
6.00 2.05 -478.05 46.18 -488.15 0.56 0.77 -0.46 0.90 0.95 0.10 0.65
12.00 28.12 -218.72 -262.24 42.92 0.47 -0.57 -0.59 0.53 0.47 0.50 0.07
15.00 0.37 204.91 -192.04 248.43 0.89 0.20 -0.61 0.45 0.14 0.68 0.43
5.00 3.76 -316.99 -350.49 192.21 0.57 0.78 0.84 0.78 0.43 0.53 0.79
20.00 5.23 -486.93 366.64 23.81 -0.08 0.49 0.76 0.88 0.81 0.04 0.16
13.00 16.05 469.52 -180.38 -68.63 -0.21 0.07 -0.06 0.85 0.71 0.90 0.45
20.00 10.87 -500.92 9.25 -613.79 0.26 -0.33 -0.39 0.82 0.93 0.44 0.49
15.00 3.47 149.21 192.12 -499.03 0.19 0.33 0.39 0.82 0.10 0.12 0.05
18.00 72.18 176.07 -729.26 -71.77 0.95 0.48 -0.83 0.43 0.58 0.30 0.51
5.00 2.88 760.30 90.78 207.38 0.65 0.38 -0.09 0.39 0.97 0.61 0.40
5.00 1.95 97.65 -537.55 50.79 0.98 0.61 0.28 0.58 0.11 0.76 0.53
7.00 12.41 -419.63 525.01 290.20 -0.49 -0.89 -0.87 0.40 0.02 0.87 0.77
9.00 19.79 -170.17 -394.29 21.07 -0.66 -0.10 0.68 0.10 0.38 0.56 0.19
8.00 13.70 -572.92 -94.89 -522.44 -0.19 0.36 0.97 0.06 0.58 0.86 0.89
36.00 293.25 431.56 614.19 113.59 0.76 -0.39 -0.90 0.63 0.87 0.14 0.56
16.00 21.45 -244.28 -213.68 -26.17 0.89 -0.65 0.84 0.33 0.46 0.86 0.12
14.00 50.63 -497.45 571.55 130.79 -0.18 -0.08 -0.89 0.11 0.66 0.94 0.71
16.00 0.89 102.38 -0.04 -313.95 -0.30 -0.37 0.59 0.20 0.42 0.64 0.20
30.00 230.30 273.48 -50.01 88.67 -0.71 0.36 -0.91 0.55 0.62 0.32 0.37