9.66 1000
12.00 0.13 51.73 67.36 -35.12 0.98 -0.96 -1.06 0.98 0.58 0.66 0.36
29.00 0.20 186.23 -24.30 22.98 -1.70 1.08 1.36 0.27 0.53 0.61 0.32
19.00 0.23 178.68 -32.47 -74.49 -0.52 1.68 0.40 0.98 0.88 0.54 0.09
32.00 0.23 -7.82 -76.29 80.39 -1.82 -0.84 -1.12 0.95 0.00 0.22 1.00
26.00 0.28 63.01 54.76 177.05 -0.44 -1.48 -0.12 0.59 0.10 0.62 0.21
21.00 0.18 123.87 -139.92 -45.59 1.04 1.76 0.76 0.77 0.61 0.08 0.74
27.00 0.27 86.68 -59.74 -145.73 0.22 1.90 -0.08 0.45 0.24 0.43 0.13
20.00 0.22 -136.51 -17.92 -50.27 0.68 0.92 -1.66 0.38 0.71 0.90 0.26
25.00 0.20 8.41 58.54 113.76 1.26 -0.86 -1.32 0.28 0.29 0.39 0.12
9.00 0.10 72.64 -138.93 -62.08 -1.24 -0.74 -0.42 0.80 0.33 0.35 0.20
19.00 0.14 168.32 43.72 6.46 0.50 1.36 -1.00 0.65 0.35 0.40 0.77
7.00 0.08 47.08 15.86 -99.81 0.04 1.06 -1.60 0.96 0.94 0.39 0.52
9.00 0.29 157.14 -19.08 -24.34 0.84 0.14 1.54 0.91 0.67 0.71 0.53
8.00 0.32 35.40 -28.66 59.11 1.22 -1.38 -1.80 0.75 0.71 0.30 0.90
13.00 0.11 -77.73 88.25 138.93 0.28 1.42 0.22 0.57 0.94 0.73 0.59
32.00 0.28 -54.68 54.84 82.93 -0.60 0.60 -1.08 0.55 0.18 0.56 0.92
18.00 0.23 64.70 51.70 -91.19 1.36 1.12 1.74 0.31 0.13 0.85 0.62
18.00 0.07 -167.20 60.91 -29.57 0.66 -1.98 -1.86 0.92 0.26 0.29 0.04
32.00 0.28 90.67 -163.27 37.53 -0.60 0.76 1.32 0.32 0.57 0.40 0.55
25.00 0.19 -194.68 -10.00 4.09 1.30 -1.88 0.22 0.89 0.42 0.24 0.91
19.00 0.00 127.72 -16.93 128.00 -1.80 0.14 -1.98 0.73 0.56 0.90 0.83
8.00 0.25 -58.83 -127.74 57.32 -1.12 0.70 -0.36 0.86 0.36 0.62 0.07
22.00 0.11 -165.97 -38.32 102.16 1.22 -0.52 0.56 0.30 0.83 0.97 0.94
20.00 0.31 87.69 -65.81 97.12 -1.44 1.46 -1.56 0.36 0.33 0.83 0.75
6.00 0.18 38.21 -19.66 -78.67 -1.20 1.24 -0.64 0.90 0.22 0.59 0.23
30.00 0.23 -105.96 -111.61 -23.70 -0.76 1.02 -1.20 0.46 0.45 0.72 0.17
5.00 0.24 26.37 22.96 -58.48 -0.28 -1.30 1.62 0.44 0.31 0.60 0.27
5.00 0.09 -32.25 -167.28 16.79 -1.18 -1.20 1.54 0.92 0.60 0.80 0.90
36.00 0.04 18.79 -181.96 49.32 0.52 -0.40 -1.82 0.97 0.70 0.90 0.06
30.00 0.17 -29.05 45.65 -95.02 -0.36 -1.42 -1.00 0.71 0.74 0.59 0.89
8.00 0.12 56.80 -20.84 48.20 -0.84 -1.20 1.42 0.33 0.94 0.88 0.43
11.00 0.05 -61.85 86.93 -155.25 0.64 -1.24 -0.42 0.58 0.46 0.17 0.85
9.00 0.09 56.15 -76.17 -69.50 -0.40 0.62 -0.28 0.40 0.34 0.52 0.07
19.00 0.15 133.85 60.76 30.82 1.64 1.72 1.50 0.49 0.67 0.98 0.92
15.00 0.15 -56.80 -62.05 -143.25 1.98 -0.96 -1.62 0.02 0.16 0.88 0.54
34.00 0.22 -6.97 185.40 5.27 0.14 -1.78 1.14 0.21 0.29 0.24 0.35
6.00 0.11 162.07 87.35 46.78 -0.60 0.14 -0.38 0.39 0.80 0.44 0.73
27.00 0.20 8.74 75.18 -152.17 -1.26 -1.62 -0.78 0.36 0.81 0.17 0.01
36.00 0.31 -97.25 103.93 -47.40 0.96 1.22 -0.98 0.45 0.74 0.51 0.36
15.00 0.28 -100.61 3.89 -52.68 1.78 -1.32 1.26 0.21 0.56 0.33 0.30
34.00 0.31 88.40 47.29 101.88 -1.00 0.94 0.30 0.04 0.71 0.47 0.52
25.00 0.26 116.66 -35.73 14.54 0.44 0.42 -1.60 0.97 0.06 0.18 0.76
36.00 0.20 -117.10 -48.94 140.14 1.06 -0.96 -1.00 0.58 0.35 0.62 0.57
10.00 0.12 -1.16 -111.07 -151.25 1.34 -1.48 -1.04 0.38 0.25 0.40 0.87
5.00 0.06 -35.08 130.54 24.50 -1.16 -1.34 -1.04 0.78 0.38 0.61 0.68
21.00 0.28 -18.25 -41.09 -187.07 -1.54 -1.20 0.14 0.53 0.49 0.23 0.52
6.00 0.02 -77.64 -62.96 26.48 -1.54 1.66 1.98 0.59 0.26 0.73 0.63
15.00 0.05 86.08 -66.68 22.55 0.44 1.42 1.06 0.79 0.82 0.64 0.90
6.00 0.09 152.76 81.61 -93.99 0.60 -1.28 -1.44 0.13 0.73 0.17 0.18
33.00 0.08 -146.96 -54.42 -117.19 -0.16 -1.66 1.34 0.63 0.28 0.03 0.65
11.00 0.16 133.12 -15.62 -122.79 -1.50 1.58 -1.10 0.54 0.09 0.61 0.84
16.00 0.23 137.77 -52.88 -65.68 -1.22 -0.82 -1.52 0.78 0.09 0.09 0.60
21.00 0.04 -88.42 -97.09 -109.57 -0.14 -1.82 -0.02 0.73 0.59 0.73 0.40
38.00 0.10 86.27 144.39 -74.79 1.30 -0.88 1.98 0.93 0.83 0.50 0.36
29.00 0.05 -101.31 42.23 136.21 -1.40 0.44 1.16 0.85 0.72 0.86 0.76
32.00 0.19 1.63 -161.45 -41.04 -0.66 -1.48 1.84 0.14 0.31 0.63 0.82
6.00 0.26 -104.18 -8.71 -28.17 1.76 1.30 -1.20 0.37 0.80 0.24 0.60
11.00 0.08 -20.75 -108.03 -63.97 -0.98 -0.84 0.38 0.86 0.62 0.15 0.28
8.00 0.09 -83.05 -81.39 -155.64 -0.68 1.16 0.12 0.08 0.24 0.67 0.05
6.00 0.10 81.72 -156.07 -18.50 -1.56 0.54 -1.74 0.79 0.42 0.40 0.30
14.00 0.05 110.01 -85.72 -46.57 1.56 1.00 -0.54 0.27 0.98 0.17 0.41
23.00 0.20 3.09 -120.01 121.93 1.62 1.58 0.36 0.66 0.18 0.28 0.39
9.00 0.22 43.36 74.70 -66.28 0.02 -1.46 1.70 0.68 0.17 0.99 0.42
23.00 0.16 -87.50 107.22 83.67 0.70 -1.98 -0.90 0.84 0.72 0.32 0.59
19.00 0.04 -65.85 -84.46 162.37 -1.88 -1.72 -1.76 0.27 0.98 0.28 0.24
34.00 0.11 -141.41 74.20 -107.59 1.82 -1.52 0.66 0.76 0.41 0.73 0.77
6.00 0.13 126.85 11.23 -113.09 0.52 1.56 -0.70 0.86 0.96 0.27 0.03
17.00 0.25 44.90 -109.36 94.59 2.00 -0.62 1.84 0.24 0.98 0.43 0.84
32.00 0.11 16.92 -38.41 10.63 -0.08 -1.60 -1.38 0.75 0.63 0.79 0.13
14.00 0.13 -102.90 -55.21 85.52 0.58 -0.82 -1.92 0.72 0.65 0.59 0.52
15.00 0.19 8.60 37.44 180.36 0.14 -0.52 -0.90 0.43 0.08 0.26 0.96
24.00 0.14 99.57 167.41 41.04 -1.34 -1.06 -0.22 0.46 0.82 0.75 0.24
18.00 0.17 -33.83 -87.94 33.95 -0.28 -1.34 1.30 0.79 0.15 0.53 0.29
10.00 0.19 -40.49 -117.30 154.48 -1.02 0.76 -0.06 0.43 0.52 0.22 0.84
34.00 0.24 32.84 -31.94 118.78 -1.98 0.86 -0.88 0.81 0.71 0.85 0.98
16.00 0.20 -187.14 -50.72 -45.77 -0.66 1.46 1.14 0.22 0.65 0.67 0.26
25.00 0.05 -77.64 -60.55 -74.95 1.48 1.72 0.92 0.38 0.25 0.76 0.83
29.00 0.07 -28.37 82.03 -3.92 0.38 -0.00 -1.36 0.69 0.25 0.37 0.62
11.00 0.11 -18.98 142.78 -106.59 1.50 -1.32 1.50 0.36 0.92 0.86 0.79
9.00 0.08 -40.52 -22.33 185.29 1.48 -0.36 0.96 0.08 0.37 0.87 0.54
24.00 0.30 -36.80 111.25 137.08 -0.30 1.06 0.66 0.36 0.09 0.37 0.68
5.00 0.31 120.90 36.57 -51.29 1.60 1.28 -1.16 0.27 0.05 0.01 0.87
30.00 0.27 -171.04 91.47 25.75 1.08 1.34 -1.22 0.99 0.94 0.61 0.26
6.00 0.00 -108.02 6.72 -133.07 -0.74 -1.30 -1.70 0.83 0.26 0.87 0.62
11.00 0.14 -42.83 19.93 -178.18 1.74 -1.44 0.04 0.41 0.75 0.53 0.21
15.00 0.04 22.11 -105.49 32.48 -1.54 0.18 -1.42 0.98 0.44 0.81 0.55
7.00 0.17 87.55 -25.86 -14.57 1.36 -0.26 0.32 0.89 0.80 0.81 0.33
5.00 0.31 -31.19 0.76 -131.50 -1.46 0.88 -1.20 0.53 0.04 0.71 0.16
14.00 0.01 -29.46 -5.99 60.18 -0.60 -1.24 0.14 0.25 0.49 0.93 0.45
15.00 0.05 -181.01 -3.76 -75.33 -1.30 -0.38 -0.92 0.39 0.79 0.36 0.07
25.00 0.18 154.96 102.36 8.82 1.92 -0.64 0.82 0.03 1.00 0.49 0.83
8.00 0.07 17.85 -145.49 -99.73 -0.30 0.48 1.88 0.25 0.28 0.90 0.19
11.00 0.21 -150.67 -41.69 -19.72 -0.18 0.24 0.32 0.22 0.98 0.04 0.02
6.00 0.29 -53.45 -11.10 94.50 -0.20 1.10 -0.50 0.76 0.32 0.28 0.77
29.00 0.14 25.16 -5.44 -176.54 -0.56 -0.38 -0.38 0.83 0.32 0.26 0.45
6.00 0.12 -109.34 -58.70 -146.75 -1.58 -1.18 -1.14 0.29 0.46 0.94 1.00
13.00 0.08 66.30 -94.87 -81.77 0.92 1.26 -0.16 0.35 0.01 0.65 0.84
6.00 0.12 -28.10 -149.18 61.90 -1.94 -0.02 0.50 0.96 0.52 0.71 1.00
12.00 0.14 62.18 -12.19 -27.95 1.50 1.68 -1.98 0.24 0.03 0.32 0.12
19.00 0.23 -130.32 -65.97 -52.03 0.62 -1.96 -0.92 0.27 0.38 0.28 0.81
14.00 0.25 -49.81 -182.90 17.96 -0.82 0.00 1.46 0.21 0.90 0.62 0.30
21.00 0.02 36.64 117.05 149.34 1.16 0.62 0.50 0.00 0.91 0.92 0.91
21.00 0.07 -15.08 97.40 -81.99 -0.80 1.08 0.22 0.51 0.75 0.72 0.55
16.00 0.17 -87.57 -1.01 77.22 -0.76 0.12 1.28 0.40 0.06 0.22 0.06
9.00 0.17 -104.12 -20.97 92.51 0.72 -1.68 1.84 0.26 0.09 0.40 0.07
17.00 0.21 22.67 92.11 16.79 -0.84 1.00 1.00 0.86 0.20 0.44 0.24
12.00 0.24 34.02 152.82 -120.65 1.32 0.14 -0.58 0.24 0.02 0.57 0.99
17.00 0.10 97.23 -130.15 99.78 1.94 -0.78 -1.76 0.50 0.69 0.29 0.87
7.00 0.12 123.53 -84.66 96.35 -1.74 -1.02 0.50 0.68 0.73 0.10 0.75
5.00 0.26 -9.91 -62.60 -97.67 -1.62 -0.40 -1.74 0.36 0.96 0.54 0.40
16.00 0.03 11.42 -14.59 -53.24 0.66 -1.56 -1.70 0.63 0.98 0.12 0.01
8.00 0.24 36.94 184.87 32.44 1.56 -0.78 -1.16 0.10 0.88 0.51 0.55
27.00 0.25 50.54 -126.23 -145.49 1.22 1.06 -0.22 0.98 0.38 0.78 0.47
7.00 0.10 33.06 2.34 62.59 -1.12 -0.44 1.52 0.03 0.10 0.12 0.84
23.00 0.17 -87.93 128.23 -116.87 -0.80 0.72 -1.86 0.51 0.13 0.34 0.01
5.00 0.23 -14.78 -32.27 -50.31 -1.86 -0.18 -1.58 0.57 0.82 0.35 0.99
18.00 0.02 20.18 128.48 85.83 -0.64 -1.62 0.72 0.47 0.09 0.72 0.35
7.00 0.07 15.18 74.79 75.05 1.36 0.96 1.86 0.77 0.64 0.09 0.58
17.00 0.28 2.28 -59.48 -125.78 1.12 -1.40 1.18 0.91 0.34 0.29 0.13
31.00 0.30 -132.96 -3.67 49.06 0.14 -0.70 1.24 0.81 0.21 0.80 0.66
10.00 0.32 -76.43 81.39 44.37 0.36 -1.64 -0.08 0.04 0.45 0.24 0.23
5.00 0.16 -142.85 119.07 -32.43 1.54 0.18 1.54 0.03 0.80 0.85 0.42
15.00 0.04 94.26 -5.86 99.40 -0.88 -0.06 1.98 0.30 0.37 0.05 0.07
6.00 0.05 92.23 23.41 14.74 -0.20 -0.36 -1.20 0.18 0.77 0.40 0.52
14.00 0.09 98.27 164.63 -8.37 0.56 0.12 -1.06 0.70 0.63 0.19 0.63
17.00 0.10 -48.12 -19.19 -104.66 0.96 -1.04 -1.00 0.34 0.64 0.18 0.72
15.00 0.18 -41.51 -67.22 -2.03 -1.88 -0.46 0.88 0.08 0.53 1.00 0.44
26.00 0.17 10.13 -52.63 176.66 -1.10 -0.14 -1.00 0.03 0.65 0.35 0.06
17.00 0.09 38.01 153.97 30.64 1.92 -1.84 -0.86 0.24 0.65 0.63 0.43
12.00 0.08 -100.95 -24.66 -162.55 -0.94 0.86 -1.56 0.26 0.10 0.37 0.61
16.00 0.28 -52.80 135.34 2.80 1.96 0.74 0.84 0.30 0.75 0.09 0.39
13.00 0.13 81.45 71.28 16.04 -0.74 0.06 0.78 0.63 0.85 0.50 0.05
25.00 0.14 -76.47 180.93 5.02 0.78 -1.86 0.24 0.63 0.82 0.74 0.52
6.00 0.04 -17.91 -72.58 163.57 1.22 1.68 1.94 0.23 0.67 0.52 0.18
23.00 0.29 -59.96 -128.78 -61.44 -0.44 0.40 -0.16 0.26 0.43 0.90 0.38
15.00 0.06 -0.74 -65.95 -64.92 0.96 -0.88 0.98 0.57 0.48 0.44 0.26
15.00 0.23 -47.96 -5.35 -21.44 -1.58 -1.42 1.36 0.05 0.54 0.92 0.39
14.00 0.02 -126.72 28.40 3.99 -1.50 0.10 1.66 0.40 0.02 0.56 0.81
8.00 0.17 11.00 128.15 -151.75 -0.92 -1.98 1.98 0.97 0.45 0.56 0.36
14.00 0.24 120.48 -88.89 21.41 -0.80 0.84 -0.32 0.22 0.46 0.06 0.73
21.00 0.21 174.94 -54.67 67.61 -0.28 -1.04 -1.92 0.76 0.23 0.66 0.01
6.00 0.27 17.42 -140.80 -117.46 1.84 -1.18 1.14 0.24 0.73 0.94 0.48
32.00 0.11 -124.14 -115.27 43.18 1.04 -0.38 -0.44 0.25 0.35 0.61 0.88
21.00 0.20 183.36 66.89 -29.81 -1.56 -0.20 0.96 0.55 0.94 0.17 0.80
7.00 0.05 -0.97 -112.32 -45.98 1.32 -0.92 -0.14 0.53 0.53 0.14 0.82
6.00 0.10 -108.85 35.91 -160.40 -1.60 0.12 0.12 0.70 0.50 0.83 0.49
5.00 0.16 28.14 -129.08 -35.11 -1.20 -1.04 -1.16 0.84 0.18 0.06 0.09
13.00 0.09 -126.34 17.24 -27.47 -1.86 0.00 -1.30 0.68 0.69 0.19 0.56
16.00 0.19 43.62 114.58 53.79 0.96 -1.30 -1.92 0.19 0.13 0.21 0.06
25.00 0.14 -190.32 19.11 49.46 0.60 -0.54 -0.58 0.45 0.05 0.07 0.36
19.00 0.08 47.81 81.04 77.32 0.42 0.02 0.72 0.13 0.28 0.03 0.94
6.00 0.26 73.13 -162.82 -58.35 -0.38 -0.90 0.28 0.04 0.44 0.79 0.32
6.00 0.31 96.16 3.49 -5.05 1.32 -1.46 1.34 0.32 0.62 0.96 0.62
17.00 0.13 150.87 -63.82 -6.24 -1.42 -0.10 -1.90 0.71 0.81 0.15 0.69
6.00 0.05 -89.93 -162.70 -20.90 -0.96 -0.22 1.80 0.52 0.26 0.45 0.35
6.00 0.22 35.99 128.42 -0.35 1.44 1.96 0.60 0.91 0.75 0.96 0.29
22.00 0.11 -71.58 -103.52 105.55 1.98 -1.02 -0.58 0.91 0.94 0.99 0.21
7.00 0.11 -122.56 17.39 -108.72 0.90 -1.50 -0.68 0.18 0.31 0.00 0.73
10.00 0.24 147.94 50.39 107.75 0.22 -1.78 -0.26 0.81 0.98 0.47 0.98
20.00 0.19 168.70 -5.96 97.46 -0.22 -0.70 -1.78 0.25 0.39 0.62 0.11
6.00 0.27 -4.95 -87.54 -28.99 1.50 -1.34 1.30 0.48 0.59 0.49 0.24
6.00 0.06 55.28 -38.55 -18.27 1.08 -0.60 1.18 0.25 0.14 0.83 0.52
10.00 0.05 -37.19 -85.32 -152.10 -0.88 0.22 -0.82 0.95 0.34 0.09 0.93
16.00 0.00 72.06 113.49 105.76 -1.44 0.68 0.04 0.56 0.98 0.63 0.43
10.00 0.22 -44.98 113.89 -57.75 1.56 -0.72 0.36 0.86 0.77 0.25 0.14
8.00 0.22 -2.25 4.26 -85.37 -1.86 -0.88 0.12 0.15 0.70 0.81 0.36
16.00 0.27 79.13 -18.84 149.63 1.00 0.88 0.36 0.54 0.45 0.67 0.71
18.00 0.26 -113.48 77.31 7.46 0.88 -1.10 0.50 0.98 0.36 0.98 0.28
29.00 0.23 53.69 -113.12 -12.96 0.48 1.42 -0.76 0.78 0.67 0.85 0.65
12.00 0.21 44.28 -99.47 140.92 -1.28 1.56 1.02 0.92 0.98 0.82 0.22
9.00 0.28 -82.99 -61.57 -169.13 -0.68 1.06 1.46 0.17 0.06 0.32 0.51
8.00 0.28 -1.91 149.31 113.96 0.42 0.12 -0.62 0.63 0.67 0.63 0.42
8.00 0.13 92.60 64.96 -156.68 1.74 -1.48 -1.44 0.80 0.01 0.40 0.30
12.00 0.20 -134.61 48.44 -61.66 -1.68 0.24 0.76 0.82 0.23 0.75 0.56
24.00 0.26 147.36 87.42 94.86 -1.58 0.14 -1.40 0.98 0.63 0.15 0.47
5.00 0.28 153.64 94.66 -66.61 -0.34 -1.18 1.96 0.04 0.83 0.60 0.43
19.00 0.19 190.28 14.14 -39.72 -1.00 -0.60 0.44 0.82 0.90 0.46 0.14
12.00 0.26 102.25 -92.28 -9.05 -1.06 -1.22 -1.98 0.64 0.14 0.79 0.76
11.00 0.30 5.58 11.95 197.99 1.12 -1.18 2.00 0.92 0.94 0.53 0.71
6.00 0.12 -62.06 160.65 67.42 2.00 -0.22 -0.70 0.78 0.69 0.94 0.73
24.00 0.11 140.45 -123.86 67.23 -0.44 -0.84 -0.46 0.72 0.39 0.98 0.46
17.00 0.05 -23.64 53.68 184.64 -0.06 -1.30 -0.76 0.87 0.03 0.36 0.07
5.00 0.05 19.20 -88.72 151.73 -1.96 -1.26 1.58 0.12 0.74 0.84 0.46
7.00 0.16 -70.72 51.86 -108.01 1.58 -0.06 -0.66 0.05 0.92 0.67 0.84
9.00 0.13 -88.79 137.69 54.74 -1.04 1.46 1.12 0.17 0.22 0.27 0.33
15.00 0.16 -50.42 -10.00 -170.60 0.84 -1.40 -1.00 0.09 0.28 0.26 0.42
11.00 0.09 -64.79 -141.42 -25.18 -1.14 -1.14 0.36 0.68 0.58 0.21 0.99
8.00 0.08 92.92 -55.58 -98.15 1.40 -1.86 0.58 0.25 0.34 0.78 0.43
16.00 0.20 136.30 7.64 41.49 1.14 1.46 0.12 0.71 0.30 0.47 0.09
25.00 0.03 88.43 5.16 -141.79 1.90 0.12 1.46 0.06 0.56 0.72 0.39
13.00 0.26 -38.91 -83.89 -86.98 -0.54 -0.86 0.52 0.63 0.75 0.97 0.32
9.00 0.28 -50.62 75.36 177.75 -0.40 -1.76 -1.98 0.74 0.85 0.32 0.80
14.00 0.17 35.28 24.60 191.74 0.82 -1.58 0.36 0.43 0.38 0.56 0.82
5.00 0.01 155.14 37.12 -87.80 1.66 0.58 -0.30 0.26 0.24 0.11 0.08
21.00 0.10 49.62 -163.10 -92.99 1.18 -0.64 1.90 0.94 0.47 0.76 0.69
8.00 0.02 144.97 39.47 74.29 0.16 1.24 -1.64 0.41 0.35 0.14 0.62
6.00 0.03 127.27 122.56 -4.61 1.94 -1.14 1.10 0.93 0.95 0.93 0.52
27.00 0.21 29.42 50.04 40.34 -0.18 1.18 -1.12 0.04 0.66 0.83 0.24
17.00 0.20 118.31 47.19 -12.88 -1.26 -1.40 -1.96 0.46 0.01 0.65 0.55
14.00 0.31 55.94 -42.97 -45.31 -0.32 0.98 -0.58 0.20 0.75 0.87 0.85
10.00 0.02 139.76 18.55 -29.90 0.34 -1.12 1.42 0.86 0.81 0.25 0.08
12.00 0.14 26.12 56.47 -112.87 -0.26 -0.18 0.10 0.15 0.06 0.90 0.86
9.00 0.29 -53.54 4.68 81.54 1.02 0.26 1.74 0.28 0.80 0.92 0.27
19.00 0.07 -44.29 -2.99 143.12 1.46 0.76 0.02 0.61 0.75 0.66 0.46
18.00 0.14 -56.09 165.34 -54.91 0.84 0.62 -0.70 0.51 0.07 0.16 0.73
15.00 0.25 -67.01 55.50 6.86 -2.00 0.04 -1.36 0.27 0.86 0.73 0.44
13.00 0.07 169.71 -69.58 -55.69 0.46 -1.72 0.92 0.50 0.14 1.00 0.64
13.00 0.22 37.62 -44.59 -120.42 -1.24 -0.88 -1.50 0.31 0.67 0.30 0.64
7.00 0.21 100.21 -41.70 -31.45 1.92 1.58 1.78 0.04 0.89 0.94 0.97
7.00 0.32 97.86 -83.54 142.12 0.56 1.26 1.70 0.98 0.08 0.46 0.09
14.00 0.05 -60.94 -156.31 79.68 -0.72 -1.34 1.18 0.78 0.22 0.05 0.12
5.00 0.03 45.90 6.64 -142.76 -1.58 1.30 -0.38 0.61 0.06 0.18 0.37
13.00 0.13 -69.75 156.86 87.73 1.38 1.76 0.02 0.07 0.71 0.68 0.36
7.00 0.04 -25.96 6.19 -177.27 -1.36 1.58 -1.96 0.66 0.98 0.37 0.93
15.00 0.13 -37.00 131.85 -131.94 1.84 0.96 0.68 0.83 0.86 0.71 0.29
14.00 0.15 19.96 -87.80 -115.43 -0.72 0.98 0.32 0.47 0.11 0.81 0.81
13.00 0.19 -136.36 104.29 79.54 0.86 -0.68 0.98 0.92 0.71 0.37 0.18
16.00 0.29 -29.12 -8.51 -71.04 0.68 0.34 1.12 0.19 0.13 0.22 0.97
10.00 0.05 128.90 -11.31 -43.07 1.10 1.96 1.10 0.86 0.88 0.53 0.07
13.00 0.08 -92.97 28.64 -115.76 0.28 0.64 1.12 0.24 0.88 0.36 0.38
20.00 0.05 175.13 46.67 78.50 -0.72 -1.78 -1.14 0.78 0.68 0.35 0.37
13.00 0.11 111.57 92.20 -113.80 1.84 0.70 -0.88 0.06 0.86 0.65 0.67
5.00 0.23 -75.94 -104.45 139.65 -1.48 0.46 -1.82 0.29 0.80 0.54 0.59
13.00 0.16 -126.56 30.95 98.79 1.62 -1.16 -1.66 0.65 0.39 0.53 0.97
11.00 0.04 62.31 1.99 47.42 -0.22 -1.60 -0.06 0.88 0.14 0.58 0.31
16.00 0.14 6.99 -12.74 61.75 1.60 0.80 1.58 0.89 0.78 0.28 0.35
10.00 0.23 -24.95 139.19 -74.60 1.88 0.96 1.00 0.47 0.08 0.11 0.33
13.00 0.01 -59.08 -65.47 132.91 1.78 -0.72 -0.94 0.82 0.83 0.07 0.31
6.00 0.03 -119.63 -52.47 26.60 -1.56 -0.10 -1.72 0.63 0.89 0.38 0.40
7.00 0.17 138.96 -27.44 76.16 -0.50 -1.58 1.58 0.29 0.75 0.44 0.50
11.00 0.22 -89.54 37.30 1.35 -0.74 -1.24 0.50 0.73 0.89 0.11 0.18
17.00 0.06 -119.38 -121.39 98.92 -0.16 -0.28 -1.60 0.60 0.99 0.06 0.46
7.00 0.28 -11.93 179.86 73.24 0.14 1.70 0.78 0.63 0.31 0.34 0.02
16.00 0.26 123.73 -88.62 -76.92 1.00 0.84 0.50 0.27 0.97 0.38 0.80
9.00 0.26 -12.65 -5.60 121.52 1.90 1.12 0.28 0.63 0.61 0.17 0.67
8.00 0.28 -128.03 -14.86 -100.77 1.46 1.54 -1.00 0.69 0.36 0.20 0.47
21.00 0.18 64.39 -90.40 45.12 -0.40 -0.36 1.40 0.04 0.08 0.22 0.75
8.00 0.29 35.44 -72.72 77.29 -1.26 -1.86 0.26 0.20 0.85 1.00 0.00
7.00 0.13 5.98 -164.83 -83.28 -1.68 -0.02 1.24 0.17 0.47 0.35 0.04
6.00 0.24 80.85 -43.51 63.40 1.22 -0.08 -1.90 0.88 0.38 0.37 0.45
25.00 0.31 81.63 98.99 -144.77 -0.70 1.74 0.30 0.20 0.54 0.24 0.84
9.00 0.23 12.68 18.64 115.93 -0.42 0.54 -0.68 0.50 0.81 0.51 0.27
17.00 0.15 4.08 -6.56 171.22 1.36 -1.78 -0.82 0.68 0.50 0.85 0.21
7.00 0.16 -23.74 -157.69 -83.72 1.32 -1.20 -0.96 0.41 0.10 0.41 0.84
11.00 0.20 91.59 27.76 148.73 -0.46 1.44 1.86 0.24 0.11 0.94 0.31
5.00 0.27 -35.02 -28.56 42.26 -1.48 0.98 1.00 0.33 0.78 0.93 0.84
6.00 0.12 -54.71 136.04 111.36 -1.26 -0.98 1.34 0.57 0.55 0.81 0.57
5.00 0.25 -47.16 -6.61 24.57 -1.88 0.60 1.44 0.08 0.22 0.84 0.36
10.00 0.25 -25.75 -129.73 85.93 1.34 -1.28 1.90 0.53 0.74 0.85 0.01
6.00 0.06 -13.89 -23.99 -29.91 0.02 -0.42 -0.84 0.58 0.72 0.53 0.48
11.00 0.11 -69.35 -57.68 93.16 0.90 0.20 1.84 0.21 0.69 0.63 0.86
6.00 0.02 -71.94 8.38 -159.72 1.60 -1.34 -0.22 0.15 0.15 0.10 0.02
8.00 0.12 45.79 -3.06 -108.37 -1.24 0.26 -1.78 0.22 0.41 0.14 0.66
6.00 0.02 -93.22 101.77 137.68 1.80 1.34 -1.42 0.83 0.11 0.03 0.48
10.00 0.07 82.85 -40.11 41.02 0.04 1.58 1.68 0.40 0.67 0.41 0.82
6.00 0.07 -39.62 146.71 -24.86 -0.56 -1.82 -0.64 0.46 0.63 0.56 0.45
11.00 0.08 62.83 125.32 -19.79 -1.56 0.54 -0.06 0.13 0.54 0.81 0.73
6.00 0.00 56.60 131.94 -135.62 0.62 -0.42 0.06 0.96 0.98 0.18 0.50
13.00 0.18 -123.79 146.99 44.21 0.52 -0.26 -1.78 0.40 0.37 0.04 0.63
9.00 0.24 -151.33 29.24 18.59 1.10 0.22 1.30 0.12 0.94 0.76 0.40
6.00 0.25 17.47 23.85 -30.29 1.80 1.68 1.72 0.16 0.39 0.90 0.46
12.00 0.01 115.66 45.75 -91.91 -1.34 0.40 1.46 0.51 0.47 0.11 0.00
12.00 0.07 -13.87 44.00 -194.06 1.60 0.82 1.94 0.26 0.62 0.73 0.49
9.00 0.20 49.28 26.23 -44.75 1.70 -0.88 -1.28 0.94 0.70 0.83 0.69
8.00 0.08 -70.93 -148.43 -109.23 1.32 1.84 0.30 0.80 0.22 0.70 0.98
7.00 0.06 105.45 64.45 49.80 1.56 0.86 0.52 0.96 0.25 0.04 0.91
11.00 0.18 -22.69 -24.59 159.39 -1.38 0.14 1.68 0.22 0.45 1.00 0.25
15.00 0.17 -54.48 54.47 -174.52 -1.10 -0.10 1.52 0.92 0.77 0.16 0.09
13.00 0.05 -174.85 2.80 -45.63 -1.68 1.86 -1.70 0.62 0.60 0.63 0.36
15.00 0.07 -52.13 -46.11 160.31 0.28 -0.28 -1.60 0.89 0.37 0.19 0.54
7.00 0.25 -13.18 -22.54 187.17 1.64 -1.24 -1.72 0.80 0.64 0.22 0.52
17.00 0.03 -177.23 -82.52 -13.72 1.90 -0.70 -1.34 0.87 0.86 0.88 0.11
5.00 0.23 -99.18 60.70 -9.82 -1.92 1.28 1.68 0.06 0.76 0.60 0.23
8.00 0.00 -26.23 62.11 -183.09 -1.60 1.42 -1.36 0.75 0.16 0.43 0.17
7.00 0.04 -53.74 -27.70 52.51 1.96 1.64 1.70 0.81 0.17 0.73 0.28
5.00 0.12 -165.52 -23.62 -49.57 1.08 -1.06 1.66 0.76 0.81 0.97 0.97
15.00 0.28 -119.72 76.77 90.48 -1.22 0.06 1.04 0.49 0.89 0.01 0.03
14.00 0.14 -93.95 -160.24 28.72 1.38 1.98 -0.68 0.03 0.81 0.77 0.33
7.00 0.25 -21.89 133.07 -45.08 -0.80 0.50 0.68 0.53 0.60 0.15 0.48
6.00 0.27 -62.55 33.01 30.81 0.16 -1.84 -0.44 0.55 0.38 0.15 0.65
19.00 0.28 153.33 3.69 -72.13 -1.68 0.70 1.36 0.41 0.67 0.53 0.50
8.00 0.02 -123.93 -102.55 -118.68 -1.80 1.50 0.40 0.21 0.33 0.87 0.03
6.00 0.21 -79.87 -67.38 -25.72 1.48 -0.68 -1.08 0.45 0.65 0.89 0.91
5.00 0.24 -24.91 175.26 -32.15 0.04 -1.64 -1.98 0.41 0.41 0.93 0.57
16.00 0.22 -64.43 -2.26 176.98 1.92 -1.28 1.88 0.60 0.13 0.07 0.41
13.00 0.22 -71.70 29.25 -158.59 1.26 1.72 -0.18 0.97 0.11 0.65 0.72
8.00 0.22 39.98 26.98 -126.26 0.22 -0.14 1.56 0.69 0.20 0.47 0.28
11.00 0.31 68.76 44.47 24.31 1.52 -1.60 -1.48 0.18 0.78 0.88 0.01
9.00 0.15 -121.12 93.58 57.20 -1.12 -1.68 -0.40 0.81 0.61 0.53 0.34
13.00 0.19 -12.54 37.53 149.48 1.92 -1.98 -0.90 0.44 0.48 0.50 0.86
7.00 0.11 6.43 -104.15 -90.12 1.64 0.76 0.24 0.66 0.62 0.83 0.61
6.00 0.03 54.76 122.98 123.60 0.10 0.54 -1.44 0.82 0.54 0.40 0.66
5.00 0.25 -53.18 39.63 -42.63 -1.46 -0.80 1.76 0.71 0.57 0.79 0.83
10.00 0.24 -78.13 -137.45 6.50 -1.32 -0.42 1.94 0.64 0.04 0.12 0.46
7.00 0.18 -129.82 -112.59 -80.77 1.10 0.04 -1.58 0.55 0.73 0.99 0.30
12.00 0.21 6.26 15.53 -121.11 1.88 1.68 0.12 0.98 0.50 0.57 0.23
6.00 0.29 70.25 -56.92 -87.37 1.48 -1.68 -1.68 0.62 0.97 0.45 0.46
11.00 0.11 -8.78 120.28 104.06 1.78 0.94 -1.10 0.20 0.92 0.62 0.60
25.00 0.06 62.05 54.91 -178.78 1.04 1.60 -0.62 0.09 0.00 0.80 0.07
18.00 0.09 91.73 41.54 -54.37 -1.24 0.38 0.86 0.91 0.19 0.41 0.50
12.00 0.30 -59.63 -67.57 -176.70 -0.74 -1.54 -1.94 0.66 0.49 0.70 0.32
13.00 0.10 9.22 -74.74 139.32 1.18 -0.80 1.98 0.26 0.89 0.20 0.47
8.00 0.29 30.84 40.47 -143.87 0.10 -0.66 0.88 0.98 0.86 0.60 0.21
7.00 0.06 -59.19 96.88 69.71 -1.00 -0.32 1.46 0.88 0.62 0.64 0.78
7.00 0.25 -71.17 3.86 132.92 -1.02 -1.24 0.42 0.14 0.28 0.31 0.22
7.00 0.17 -62.96 -36.77 63.92 -0.46 0.32 -0.32 0.51 0.13 0.60 0.97
13.00 0.21 95.43 70.16 -104.72 -0.72 1.86 -0.62 0.37 0.07 0.63 0.50
13.00 0.17 73.66 -49.60 157.17 -0.58 -0.10 -1.82 0.18 0.75 0.85 0.58
5.00 0.05 22.16 49.40 -37.64 0.68 0.74 -0.38 0.18 0.44 0.49 0.64
5.00 0.07 148.08 -118.06 -58.64 -1.48 0.44 -0.32 0.79 0.57 0.28 0.53
5.00 0.30 -80.73 -4.45 -63.10 -1.06 -0.52 1.44 0.97 0.84 0.60 0.51
9.00 0.11 71.69 -75.96 -22.22 0.38 0.36 -1.50 0.73 0.28 0.55 0.88
5.00 0.06 -62.74 130.27 78.61 -0.10 1.30 -1.62 0.26 0.52 0.02 0.03
6.00 0.06 -14.69 82.61 104.90 0.08 -0.38 -0.56 0.19 0.16 0.57 0.62
5.00 0.17 51.65 -104.30 157.17 -0.40 1.34 -1.46 0.17 0.03 0.04 0.30
14.00 0.09 -147.74 18.43 -113.86 -0.68 1.28 0.96 0.72 0.23 0.93 0.72
10.00 0.17 -71.46 -136.09 93.91 1.42 1.74 0.50 0.40 0.36 0.99 0.86
11.00 0.31 157.45 -16.53 56.80 1.26 -1.82 1.72 0.49 0.67 0.44 0.03
17.00 0.14 22.03 -96.01 -60.48 1.42 -1.24 -1.60 0.72 0.76 0.58 0.19
8.00 0.20 -30.78 109.94 -142.97 1.12 -1.24 0.42 0.07 0.03 0.58 0.19
6.00 0.20 -135.47 -13.73 -4.48 0.70 0.58 1.82 0.37 0.90 0.20 0.76
17.00 0.21 159.23 9.26 -9.88 -0.42 -0.86 -0.26 0.54 0.55 0.58 0.31
5.00 0.04 102.21 34.30 -24.94 0.46 -1.82 0.64 0.86 0.71 0.82 0.96
7.00 0.02 -66.29 20.41 -66.80 1.60 -0.28 -0.08 0.88 0.10 0.25 0.64
7.00 0.04 -97.85 -55.19 -157.09 0.94 0.74 0.14 0.13 0.98 0.36 0.16
9.00 0.20 158.87 54.60 -70.13 -1.40 -0.52 -1.06 0.04 0.08 0.49 0.22
8.00 0.23 150.65 55.40 -91.91 -1.30 1.08 -0.52 0.90 0.83 0.09 0.81
7.00 0.22 12.45 -29.65 -131.02 2.00 1.52 -1.62 0.00 0.79 0.20 0.31
9.00 0.24 169.58 -83.80 36.31 1.46 -1.02 1.52 0.05 1.00 0.36 0.52
6.00 0.17 -32.72 -126.01 -79.22 -1.42 0.88 -0.50 0.85 0.74 0.28 0.75
8.00 0.31 -152.19 64.94 103.98 -0.16 1.06 0.42 0.56 0.54 0.89 0.32
7.00 0.18 132.26 61.47 -38.06 -0.60 -1.04 -0.62 0.55 0.51 0.13 0.16
12.00 0.23 -133.66 -58.73 -12.45 -0.60 1.44 -1.26 0.64 0.00 0.89 0.97
16.00 0.07 103.58 99.85 -21.52 0.74 0.28 1.88 0.03 0.32 0.58 0.41
12.00 0.08 -182.69 -49.76 11.61 1.74 1.86 0.92 0.29 0.76 0.24 0.66
10.00 0.31 -66.84 -27.31 96.20 -1.52 -1.18 0.22 0.61 0.36 0.63 0.22
9.00 0.00 -28.08 -73.32 177.64 -1.60 1.62 0.30 0.25 0.84 0.01 0.35
15.00 0.08 -87.35 11.90 -84.69 -1.18 -1.10 0.50 0.02 0.76 0.14 0.15
18.00 0.02 156.30 -119.18 -0.86 1.66 1.16 0.26 0.84 0.65 0.44 0.09
11.00 0.06 142.93 120.78 65.13 1.04 -1.88 1.58 0.54 0.25 0.95 0.94
10.00 0.18 132.45 -139.46 -3.15 1.14 0.60 1.74 0.21 0.70 0.43 0.01
16.00 0.27 -144.27 4.00 134.32 -0.48 -0.16 1.78 0.68 0.47 0.57 0.39
8.00 0.21 -4.88 23.32 -29.75 -1.86 -0.20 0.40 0.82 0.55 0.84 0.96
6.00 0.00 -61.94 42.43 -60.67 -0.08 -1.22 0.82 0.54 0.14 0.97 0.46
7.00 0.14 60.65 -129.26 70.25 -0.32 0.28 -0.84 0.79 0.26 0.87 0.83
8.00 0.26 84.17 12.88 -49.71 1.58 1.52 -0.40 0.90 0.39 0.90 0.10
7.00 0.22 -120.94 119.51 -1.02 0.30 -1.50 -1.20 0.49 0.09 0.63 0.49
13.00 0.17 49.17 122.60 19.22 -0.86 -2.00 0.58 0.82 0.97 0.56 0.55
5.00 0.29 -19.39 -120.66 99.26 -0.62 0.00 1.78 0.80 0.99 0.20 0.37
12.00 0.01 113.27 77.53 68.91 0.90 -1.34 1.18 0.54 0.26 0.52 0.38
7.00 0.29 82.61 -0.92 -26.48 -0.22 -1.84 -1.24 0.12 0.82 0.22 0.77
8.00 0.01 -171.67 -48.57 44.63 0.58 1.48 -0.36 0.20 0.31 0.78 0.93
8.00 0.31 3.94 87.59 -32.54 1.64 -1.28 0.16 0.37 0.30 0.28 0.07
12.00 0.21 15.63 78.20 -84.00 0.06 1.92 1.58 0.08 0.82 0.25 0.11
8.00 0.31 103.41 123.22 52.13 -1.66 1.16 -0.32 0.41 0.30 0.09 0.99
7.00 0.24 -88.75 -10.91 -30.14 0.22 -1.86 -0.70 0.14 0.01 0.55 0.05
10.00 0.23 68.72 151.43 76.95 -1.46 1.52 0.70 0.03 0.14 0.62 0.93
15.00 0.29 -153.04 -71.28 24.52 -0.60 -0.10 1.12 0.50 0.08 0.13 0.64
7.00 0.11 -51.84 -32.50 -28.20 0.22 -0.14 -0.22 0.68 0.53 0.53 0.02
7.00 0.09 25.25 -20.26 -96.89 -1.50 0.14 1.58 0.70 0.38 0.08 0.03
6.00 0.25 -102.83 -73.46 104.40 0.14 1.04 0.92 0.64 0.13 0.45 0.75
6.00 0.08 -163.92 -55.58 -40.23 -1.70 0.56 1.10 0.59 0.07 0.10 0.51
11.00 0.12 30.73 -4.48 -33.40 1.40 0.72 -0.26 0.47 0.21 0.77 0.81
6.00 0.19 104.48 97.45 46.39 -1.92 0.42 1.66 0.31 0.57 0.34 0.40
11.00 0.25 15.29 -137.30 18.47 -1.14 -0.68 -0.34 0.28 0.60 0.81 0.14
10.00 0.14 76.88 129.39 52.53 0.06 0.46 1.20 0.60 0.69 0.33 0.19
15.00 0.29 151.68 108.50 -34.41 1.56 -0.68 -0.90 0.66 0.67 0.97 0.62
7.00 0.13 119.76 -50.44 -34.76 1.38 0.04 -1.38 0.20 0.22 0.97 0.88
5.00 0.19 62.24 -53.44 179.28 -0.08 0.56 -0.08 0.57 0.58 0.59 0.17
5.00 0.13 -104.79 150.05 -63.57 1.30 -0.32 -0.86 0.80 0.63 0.52 0.10
8.00 0.11 111.12 -61.78 39.07 0.48 1.64 0.80 0.16 0.58 0.83 0.20
12.00 0.06 -37.39 -152.69 113.61 -0.92 1.34 0.30 0.46 0.21 0.48 0.53
15.00 0.24 -35.54 -42.20 111.38 -1.18 -0.06 -1.92 0.72 0.28 0.14 0.22
11.00 0.12 -20.31 -25.20 79.22 -1.96 0.74 -1.56 0.96 0.96 0.18 0.96
23.00 0.04 -27.50 -133.69 -134.23 0.02 -0.86 -1.96 0.09 0.15 0.19 0.01
8.00 0.05 -107.77 40.51 -65.46 1.98 0.58 1.94 0.73 0.59 0.70 0.87
12.00 0.29 115.54 -36.57 80.52 -1.72 1.60 0.08 0.73 0.20 0.41 0.08
5.00 0.19 69.85 -124.95 104.41 -1.02 1.76 0.74 0.42 0.99 0.02 0.35
10.00 0.27 -53.91 95.65 103.88 0.58 1.56 -0.94 0.77 0.84 0.95 0.60
9.00 0.24 97.56 -79.12 69.52 -0.38 1.50 0.06 0.55 1.00 0.12 0.58
15.00 0.00 42.60 103.62 -67.14 -1.46 0.58 1.20 0.96 0.78 0.69 0.43
5.00 0.27 -29.94 84.81 104.33 -1.52 1.90 -0.70 0.31 0.89 0.71 0.80
16.00 0.18 138.99 -56.06 -129.20 1.22 1.46 0.80 0.06 0.05 0.99 0.39
12.00 0.28 -74.55 -43.91 18.59 1.50 1.76 1.48 0.15 0.82 0.41 0.18
7.00 0.14 -26.47 45.37 -25.68 1.18 -0.34 -1.26 0.69 0.95 0.93 0.94
7.00 0.10 53.51 23.79 130.98 1.12 -0.30 -0.26 0.84 0.95 0.97 0.71
11.00 0.28 44.91 -70.22 -155.09 0.82 -1.42 -0.90 0.68 0.01 0.18 0.07
6.00 0.25 -7.52 119.58 -113.49 1.96 -1.78 -1.48 0.99 0.66 0.98 0.96
11.00 0.05 38.91 180.87 -37.06 -1.50 -0.74 0.74 0.70 0.53 0.90 0.52
8.00 0.15 9.04 17.86 -89.89 -0.52 -1.22 1.72 0.69 0.08 0.53 0.06
5.00 0.21 148.40 82.16 -31.92 -1.88 0.82 0.14 0.03 0.67 0.83 0.52
6.00 0.20 68.72 66.49 137.50 -1.88 0.62 -1.94 0.62 0.17 0.17 0.01
9.00 0.26 92.33 15.79 52.41 -0.32 1.92 -0.04 0.61 0.43 0.89 0.45
10.00 0.08 179.04 -85.05 -24.15 1.64 -0.52 1.68 0.49 0.65 0.93 0.96
18.00 0.06 -32.62 98.10 58.10 0.16 -0.80 1.18 0.20 0.05 0.36 0.73
9.00 0.10 -6.99 -84.12 -113.77 0.34 0.42 -0.72 0.45 0.53 0.92 0.57
14.00 0.22 33.45 -125.72 -92.79 -1.42 -0.84 -1.56 0.46 0.54 0.56 0.77
5.00 0.11 12.45 -131.16 149.76 1.98 0.28 1.72 0.04 0.24 0.35 0.46
10.00 0.27 66.01 30.69 50.43 1.92 -1.52 -1.40 0.34 0.24 0.47 0.24
13.00 0.10 -119.01 -157.73 -30.66 0.88 0.94 -1.58 0.23 0.46 0.73 0.58
15.00 0.06 40.18 -52.52 -79.11 -0.12 1.90 1.86 0.33 0.54 0.26 0.68
14.00 0.23 88.77 -110.35 -126.20 1.38 1.16 -1.10 0.13 0.34 0.09 0.35
11.00 0.01 115.98 -103.42 -104.98 -0.20 -0.70 1.32 0.19 0.70 0.65 0.83
6.00 0.26 -60.18 -128.53 16.70 -0.08 1.42 -1.50 0.85 0.66 0.70 0.06
6.00 0.19 -106.89 61.50 40.32 -1.70 -0.22 -0.94 0.95 0.69 0.39 0.04
10.00 0.28 -15.90 29.22 84.32 1.10 -0.38 -1.48 0.39 0.97 0.89 0.14
7.00 0.31 -180.48 -41.59 56.80 1.44 -1.62 1.56 0.92 0.81 0.35 0.38
5.00 0.23 -176.08 44.83 1.23 0.38 -0.18 1.38 0.66 0.68 0.27 0.02
15.00 0.23 58.50 16.40 -77.78 0.82 -1.62 -0.76 0.28 0.74 0.20 0.30
13.00 0.18 -136.71 138.68 8.70 1.56 -0.60 1.94 0.99 0.55 0.30 0.01
10.00 0.06 -83.35 -176.85 -38.91 -2.00 -1.04 1.18 0.46 0.08 0.21 0.55
8.00 0.21 -60.16 -126.47 -113.39 -0.06 0.86 -0.76 0.79 0.69 0.35 0.58
7.00 0.27 -63.86 107.69 34.50 -1.14 -0.90 0.44 0.75 0.42 0.86 0.21
6.00 0.17 -46.18 -37.52 -52.22 1.02 0.80 1.88 0.02 0.24 0.20 0.56
6.00 0.12 34.65 175.08 67.96 -0.42 0.08 -1.52 0.37 0.28 0.68 0.26
7.00 0.02 81.82 98.26 82.29 1.92 0.70 -1.80 0.96 0.64 0.07 0.06
14.00 0.23 52.15 -158.08 1.78 -1.26 0.70 1.02 0.59 0.64 1.00 0.22
8.00 0.11 -161.01 15.57 -24.74 -1.84 -0.56 -1.88 0.74 0.69 0.94 0.65
6.00 0.00 -74.19 -135.85 112.20 -1.90 -1.66 0.28 0.37 0.08 0.39 0.60
13.00 0.11 -115.46 -37.96 9.22 1.30 -0.38 -0.62 0.83 0.45 0.90 0.08
5.00 0.30 152.74 -91.66 10.49 -0.38 -1.18 1.40 0.85 0.65 0.19 0.11
8.00 0.06 -55.38 -29.95 25.90 -0.60 -1.62 0.86 0.13 0.88 0.90 0.61
6.00 0.19 189.07 21.96 42.33 0.42 -1.64 1.22 0.44 0.45 0.78 0.24
13.00 0.24 75.18 60.59 -123.46 0.14 -1.08 1.44 0.60 0.59 0.64 0.04
9.00 0.13 111.25 -18.35 -27.32 -0.56 1.94 -0.66 0.23 0.24 0.74 0.45
8.00 0.24 80.84 165.97 11.61 0.22 -1.68 -1.98 0.10 0.40 0.64 0.20
10.00 0.06 -44.32 -111.33 -18.42 1.56 -1.94 0.30 0.80 0.70 0.99 0.25
15.00 0.27 50.79 192.87 -10.27 -1.54 -1.12 -1.06 0.12 0.35 0.75 0.38
8.00 0.15 -135.39 112.88 53.86 0.50 1.10 1.38 0.61 0.16 0.02 0.08
8.00 0.02 109.60 -9.82 72.66 1.36 -1.52 0.28 0.20 0.74 0.06 0.84
5.00 0.06 -47.54 111.94 -21.36 0.76 1.56 -0.48 0.74 0.64 0.86 0.12
7.00 0.11 -55.23 132.81 -78.42 -1.54 -0.70 1.06 0.96 0.83 0.48 0.64
10.00 0.07 108.28 -16.44 -52.52 1.86 1.38 -0.14 0.75 0.80 0.53 0.67
7.00 0.01 46.77 14.00 -6.95 -1.02 0.86 0.84 0.50 0.06 0.53 0.47
7.00 0.10 -135.47 85.30 107.12 1.04 0.58 -0.20 0.25 0.13 0.72 0.77
6.00 0.06 -53.97 -138.06 125.63 0.68 0.90 0.46 0.02 0.66 0.99 0.24
14.00 0.18 -6.20 128.87 53.48 -0.56 0.50 0.12 0.90 0.47 0.13 0.94
10.00 0.14 -17.20 12.47 107.95 1.48 -0.10 -1.16 0.80 0.48 0.16 0.35
5.00 0.12 113.84 -69.02 91.20 1.62 -0.52 -1.20 0.02 0.61 0.41 0.62
6.00 0.10 114.81 24.82 -108.37 0.88 1.54 -1.72 0.88 0.65 0.72 0.43
16.00 0.04 -51.32 -173.67 -73.94 -1.36 -1.32 0.96 0.42 0.91 0.82 0.03
8.00 0.08 -78.83 92.69 0.33 1.12 -1.08 -1.56 0.39 0.90 0.64 0.70
10.00 0.32 46.70 20.37 104.20 -1.02 -0.62 1.90 0.27 0.51 0.80 0.03
15.00 0.23 -158.29 42.33 87.00 1.48 -0.70 1.00 0.13 0.61 0.17 0.51
11.00 0.06 -176.27 -9.23 83.83 -1.02 -0.66 -0.70 0.42 0.77 0.72 0.81
8.00 0.24 -18.06 -66.36 -143.98 -0.56 -1.06 -0.88 0.81 0.39 0.01 0.65
14.00 0.30 -65.41 82.62 -120.82 -0.58 0.08 1.30 0.30 0.13 0.49 0.07
8.00 0.04 91.41 85.59 -58.02 1.66 -1.48 -0.38 0.07 0.20 0.55 0.02
8.00 0.03 39.73 -6.00 165.41 -0.42 -1.64 -0.28 0.98 0.02 0.23 0.92
5.00 0.08 -20.08 7.34 -46.40 1.72 0.60 -1.40 0.96 0.06 0.15 0.85
5.00 0.18 -16.90 79.32 83.30 0.18 -1.38 1.68 0.53 0.56 0.38 0.00
5.00 0.03 -1.15 26.74 66.49 -0.82 -1.58 0.92 0.04 0.40 0.61 0.03
13.00 0.31 -119.75 -87.96 -86.82 1.54 0.16 0.88 0.63 0.41 0.62 0.83
5.00 0.09 63.57 134.47 40.91 0.96 0.64 -1.06 0.85 0.79 0.96 0.85
9.00 0.13 62.61 -70.64 -42.01 -1.44 -0.10 0.94 0.63 0.96 0.53 0.79
6.00 0.08 19.27 47.17 -172.01 0.46 1.44 -0.84 0.01 0.17 0.15 0.36
12.00 0.23 -7.60 12.79 42.80 -0.08 0.62 1.66 0.09 0.14 0.37 0.86
14.00 0.25 8.06 169.44 -78.81 1.62 1.94 -0.94 0.85 0.72 0.35 0.57
7.00 0.01 -41.34 45.42 16.21 1.58 0.68 -0.10 0.20 0.49 0.07 0.79
5.00 0.08 -190.52 -33.60 -30.21 1.26 0.42 0.12 0.29 0.57 0.58 0.88
8.00 0.02 -85.21 67.73 23.91 -1.18 1.90 1.22 0.29 0.42 0.38 0.21
7.00 0.30 -126.27 -72.14 65.73 -0.60 -0.32 -1.58 0.92 0.11 0.06 0.36
16.00 0.23 106.67 -17.12 -105.49 -1.46 -0.28 -0.56 0.28 0.67 0.04 0.08
10.00 0.25 32.14 132.50 -77.97 -0.42 0.40 0.02 0.99 0.20 0.90 0.80
10.00 0.23 -102.95 -100.18 83.98 0.44 0.68 1.46 0.05 0.50 0.14 0.85
6.00 0.14 -80.80 -94.89 25.16 -0.34 1.26 -0.18 0.68 0.18 0.91 0.81
10.00 0.10 -102.82 17.92 20.36 1.70 -1.28 1.06 0.06 0.02 0.36 0.47
5.00 0.16 -97.20 -59.27 -105.45 -1.36 -1.92 -1.52 0.12 0.96 0.71 0.42
5.00 0.17 11.90 35.17 9.01 -1.82 1.82 1.84 0.74 0.35 0.08 0.93
6.00 0.06 133.45 48.92 -69.75 1.16 -0.26 0.06 0.46 0.13 0.81 0.18
5.00 0.16 -69.82 -59.12 167.22 -0.26 -0.18 -0.40 0.87 0.03 0.47 0.81
12.00 0.13 25.64 -83.92 116.56 -0.90 0.48 1.08 0.02 0.17 0.16 0.07
14.00 0.27 -155.21 -79.04 87.50 -1.00 -0.34 -1.52 1.00 0.59 0.19 0.39
9.00 0.08 -12.87 -104.10 -25.82 1.46 0.00 1.72 0.27 0.73 0.90 0.56
9.00 0.25 -21.61 -149.28 33.71 -0.86 0.38 1.42 0.23 0.45 0.62 0.13
5.00 0.07 91.32 -80.47 124.28 0.50 0.90 1.14 0.78 0.56 0.81 0.28
8.00 0.29 -51.50 146.46 124.20 0.62 -1.00 0.86 0.89 0.05 0.80 0.22
10.00 0.27 89.77 23.80 -176.43 -1.48 -1.92 -1.32 0.89 0.83 0.26 0.95
5.00 0.16 -144.41 31.55 133.21 0.10 -1.66 0.56 0.74 0.08 0.43 0.99
7.00 0.31 35.03 162.21 -51.27 -0.50 -0.26 -1.84 0.74 0.97 0.38 0.83
14.00 0.01 11.38 115.17 -46.29 1.64 0.54 -1.72 0.22 0.67 0.91 0.79
9.00 0.13 143.20 109.00 -71.62 1.40 0.50 -1.90 0.15 0.92 0.10 0.94
5.00 0.11 91.41 -12.60 -87.71 -1.44 -1.76 1.00 0.28 0.99 0.57 0.66
7.00 0.07 -58.48 118.94 -134.37 0.96 0.58 1.14 0.38 0.71 0.86 0.04
8.00 0.19 52.24 -70.95 18.29 -1.86 1.54 -1.04 0.69 0.58 0.51 0.08
12.00 0.05 97.23 -84.16 -108.58 1.86 1.00 1.52 0.24 0.64 0.52 0.21
5.00 0.15 -23.32 119.69 -13.83 0.66 -1.36 0.80 0.58 0.31 0.87 0.84
16.00 0.05 134.66 16.82 92.55 -0.24 0.94 -0.66 0.57 0.29 0.60 0.10
6.00 0.26 -21.93 52.78 -147.78 1.58 -0.34 -0.38 0.17 0.84 0.11 0.09
8.00 0.28 21.89 -122.62 89.00 0.56 -0.14 1.18 0.31 0.26 0.33 0.71
8.00 0.07 69.17 -48.57 -3.40 -1.50 1.14 0.58 0.30 0.16 0.68 0.71
10.00 0.05 7.62 -128.72 -77.01 -0.30 0.84 -1.02 0.69 0.90 0.75 0.59
9.00 0.28 -116.19 -43.39 44.40 -1.42 1.32 -1.10 0.89 0.92 0.41 0.36
6.00 0.08 148.91 -36.27 36.48 -1.66 1.46 0.16 0.87 0.70 0.17 0.35
9.00 0.29 -21.00 30.21 32.11 1.44 -0.92 -1.90 0.01 0.32 0.16 0.64
13.00 0.20 123.79 20.55 -84.86 1.78 1.78 -0.78 0.76 0.05 0.90 0.84
8.00 0.22 -41.64 131.90 86.95 -1.48 1.52 -1.62 0.70 0.82 0.57 0.79
11.00 0.06 -130.33 -127.66 -67.86 1.40 0.56 0.72 0.39 0.80 0.20 0.86
8.00 0.12 69.63 2.79 167.57 0.04 -0.24 -1.28 0.50 0.45 0.10 0.07
7.00 0.21 3.26 137.51 -23.43 1.62 0.98 1.74 0.78 0.53 0.37 0.77
7.00 0.23 2.47 -148.59 86.29 -0.60 -0.40 -0.64 0.21 0.79 0.61 0.23
7.00 0.17 -71.39 24.54 -14.27 -1.40 -1.16 -0.16 0.99 0.68 0.16 0.23
9.00 0.01 75.08 -58.21 56.25 -1.64 1.24 -0.14 0.09 0.74 0.90 0.33
5.00 0.16 120.62 -51.90 -91.29 -1.94 0.62 1.22 0.91 0.94 0.73 0.33
8.00 0.27 77.41 -72.15 134.99 -0.74 -1.36 -1.76 0.65 0.69 0.15 0.08
15.00 0.22 -88.59 33.35 -32.71 1.62 -0.86 -1.52 0.90 0.93 0.58 0.12
6.00 0.17 17.23 -90.13 -26.36 -1.44 -0.72 -1.10 0.59 0.54 0.75 0.08
6.00 0.21 63.31 104.85 23.10 -1.06 -1.56 -1.62 0.86 0.29 0.62 0.16
17.00 0.15 58.84 -176.18 -29.16 -0.62 -0.02 -1.92 0.95 0.24 0.26 0.94
5.00 0.17 -39.09 -46.65 -13.13 -0.22 1.08 0.20 0.25 0.89 0.37 0.50
7.00 0.27 -4.59 27.37 -158.78 0.06 1.90 -1.86 0.18 0.15 0.03 0.53
6.00 0.17 -40.80 159.58 102.14 -0.10 0.56 0.06 0.67 0.14 0.05 0.03
8.00 0.22 -8.24 111.97 76.44 1.78 0.18 0.46 0.38 0.00 0.41 0.56
9.00 0.20 -83.15 -26.95 -17.12 1.46 -0.28 0.88 0.44 0.04 0.53 0.34
10.00 0.01 -13.47 149.76 97.11 0.04 0.72 -0.08 0.51 0.07 0.50 0.84
13.00 0.17 39.37 -133.95 141.54 -0.52 1.62 -1.72 0.04 0.81 0.02 0.04
14.00 0.31 1.23 -11.70 -103.61 -0.00 1.16 0.86 0.54 0.92 0.37 0.21
5.00 0.09 -125.73 -69.82 39.19 -1.48 -1.28 -0.54 0.91 0.77 0.57 0.69
6.00 0.21 -17.81 44.41 62.84 -1.06 -1.34 0.26 0.77 0.99 0.20 0.61
9.00 0.31 99.87 27.08 -80.50 1.82 -1.42 0.38 0.25 0.76 0.49 0.78
9.00 0.06 57.25 -144.04 87.06 -0.88 0.36 -0.18 0.53 0.55 0.94 0.03
8.00 0.26 -164.54 15.82 -90.04 -0.84 -1.54 0.76 0.05 0.85 0.63 0.45
10.00 0.08 -9.03 12.78 15.37 -1.28 -0.08 -0.16 0.15 0.34 0.40 0.15
7.00 0.19 -90.02 -28.02 -73.99 1.84 -1.84 -0.06 0.61 0.82 0.33 0.36
8.00 0.10 20.50 120.23 -134.04 1.42 -1.24 1.78 0.13 0.25 0.76 0.10
5.00 0.08 -164.08 -99.48 55.58 0.36 0.54 0.80 0.71 0.58 0.46 0.68
6.00 0.10 48.81 -28.00 -137.35 0.94 0.84 -0.90 0.19 0.94 0.30 0.64
8.00 0.14 141.44 -34.25 -16.94 -2.00 -1.96 -0.92 0.00 0.21 0.96 0.43
13.00 0.22 -41.61 140.03 63.23 1.22 -1.64 0.98 0.29 0.33 0.66 0.54
9.00 0.32 65.25 -19.27 -174.38 1.76 -1.64 1.98 0.01 0.45 0.73 0.12
17.00 0.00 -60.32 -153.97 32.92 1.62 1.52 0.22 0.17 0.75 0.16 0.29
10.00 0.21 -91.02 -149.74 -72.44 0.66 -1.26 -1.82 0.21 0.18 0.20 0.33
10.00 0.18 -61.15 -105.24 8.72 -1.96 0.08 -0.44 0.94 0.53 0.46 0.07
10.00 0.19 129.20 -64.17 64.90 -1.62 0.82 1.72 0.05 0.12 0.03 0.98
6.00 0.28 -113.01 144.18 17.77 1.88 -0.80 0.22 0.66 0.95 0.23 0.96
6.00 0.18 40.04 118.42 -96.61 -0.10 -1.52 -0.80 1.00 0.87 0.41 0.84
7.00 0.06 116.10 119.49 24.62 -1.20 -0.08 -1.90 0.19 0.74 0.76 0.58
5.00 0.01 112.74 -76.98 -118.15 -0.86 -1.22 1.72 0.24 0.67 0.30 0.98
7.00 0.05 148.67 30.66 45.65 -1.92 -1.88 0.62 0.97 0.76 0.35 0.80
12.00 0.29 -33.94 50.28 129.59 0.68 1.86 1.12 0.76 0.90 0.88 0.47
6.00 0.01 -56.08 135.51 90.55 -0.62 -0.68 0.66 0.68 0.33 0.95 0.03
5.00 0.20 -36.27 184.46 -63.87 -0.58 -1.54 -0.28 0.12 0.10 0.90 0.35
11.00 0.20 -2.09 102.29 119.88 -1.50 1.90 -0.00 0.25 0.05 0.72 0.46
18.00 0.04 -50.20 164.12 -98.25 -1.12 0.62 0.70 0.61 0.51 0.28 0.14
6.00 0.31 -10.12 -147.32 -2.66 -1.78 -1.06 0.58 0.41 0.01 0.82 0.64
7.00 0.08 139.11 -55.10 108.28 -1.70 -0.64 -0.52 0.68 0.08 0.68 0.27
6.00 0.26 134.55 -32.02 44.27 1.74 0.80 -1.10 0.69 0.61 0.47 0.51
6.00 0.06 75.74 -105.89 139.97 0.52 -0.54 -0.66 0.88 0.37 0.50 0.19
7.00 0.25 -79.46 166.05 42.34 -0.64 -1.08 -0.48 0.64 0.08 0.32 0.98
5.00 0.13 -59.99 153.90 -28.79 -0.14 -1.54 1.08 0.78 0.79 0.18 0.40
7.00 0.06 -41.08 -144.33 68.54 -0.88 1.64 -0.26 0.44 0.89 0.36 0.04
5.00 0.09 -60.58 -33.43 129.81 -0.76 1.00 1.66 0.68 0.92 0.98 0.50
7.00 0.14 -83.36 -174.68 -8.04 1.98 0.92 -0.62 0.00 0.03 0.50 0.87
7.00 0.23 120.13 39.25 149.18 0.02 0.32 -0.46 0.05 0.21 0.25 0.72
5.00 0.09 13.47 146.58 134.07 1.06 -0.44 0.34 0.64 0.83 0.31 0.04
5.00 0.07 -45.68 5.87 28.39 -0.02 -1.46 -1.60 0.20 0.82 0.04 0.54
9.00 0.21 -89.83 72.15 103.66 0.32 -1.56 -2.00 0.51 0.98 0.75 0.79
6.00 0.14 34.64 -38.12 -152.39 1.40 -1.30 -0.54 0.21 0.43 0.06 0.32
10.00 0.11 71.72 -4.16 120.90 -0.50 1.74 1.54 0.21 0.35 0.94 0.25
11.00 0.15 -136.60 -0.69 100.79 -0.64 0.50 2.00 0.83 0.19 0.03 0.28
5.00 0.01 41.83 99.96 112.03 -0.78 -1.28 -1.90 0.54 0.31 0.53 0.42
11.00 0.02 7.35 57.22 -4.87 1.80 -0.44 1.60 0.49 0.00 0.71 0.44
15.00 0.27 104.51 129.56 93.91 -1.62 -1.36 1.94 0.00 0.08 0.28 0.57
7.00 0.14 2.82 122.39 22.98 0.26 0.08 0.50 0.66 0.34 0.89 0.37
5.00 0.05 93.67 -151.02 -52.58 0.50 1.06 0.16 0.90 0.11 0.16 0.65
11.00 0.01 -35.50 -54.74 -35.05 -1.04 1.66 1.38 0.08 0.42 0.89 0.77
9.00 0.05 68.89 181.76 -41.96 -0.14 1.44 -0.06 0.14 0.80 0.90 0.19
12.00 0.22 -40.89 -150.74 -9.85 -0.32 1.52 0.00 0.97 0.04 0.12 0.57
13.00 0.13 95.94 -108.61 -33.16 0.68 -1.18 0.42 0.41 0.04 0.62 0.22
12.00 0.26 64.71 37.60 -27.17 1.54 -0.48 0.18 0.04 0.63 0.37 0.67
17.00 0.31 54.67 88.42 -107.83 -1.98 1.32 1.08 0.43 0.40 0.91 0.99
5.00 0.23 69.88 83.84 157.33 -1.00 0.90 -1.42 0.84 0.11 0.11 0.07
10.00 0.29 31.79 95.45 -32.90 -0.86 -0.28 1.08 0.62 0.72 0.09 0.55
6.00 0.24 87.46 64.35 144.34 1.82 1.86 -1.36 0.14 0.39 0.34 0.30
9.00 0.26 106.24 3.74 19.27 -1.06 -0.22 0.78 0.56 0.37 0.29 0.02
8.00 0.16 144.11 -43.15 71.66 -0.04 0.92 0.12 0.11 0.93 0.51 0.81
6.00 0.25 158.87 -100.68 -51.79 -0.68 0.74 -1.92 0.38 0.31 0.96 0.65
12.00 0.26 129.02 17.52 149.35 0.22 0.96 1.08 0.01 0.48 0.32 0.91
10.00 0.08 -28.84 5.67 26.46 -0.26 -0.50 -1.50 0.73 0.92 0.21 0.34
11.00 0.28 69.99 -108.43 118.75 -0.92 1.64 -1.78 0.18 0.82 0.61 0.24
6.00 0.20 31.53 76.27 -179.79 1.04 1.32 1.74 0.80 0.17 0.69 0.72
7.00 0.06 -24.32 -181.22 26.62 0.12 -1.34 -1.74 0.14 0.85 0.70 0.28
10.00 0.17 132.43 -6.61 75.65 -0.30 0.72 -0.56 0.99 0.25 0.45 0.78
5.00 0.13 67.39 -187.37 -6.09 1.28 1.00 1.70 0.25 0.05 0.15 0.13
9.00 0.20 -70.77 64.69 -146.49 -1.84 -1.14 0.02 0.71 0.79 0.44 0.35
6.00 0.13 -11.29 -89.98 -167.05 -1.60 -0.66 -0.62 0.29 0.50 0.86 0.76
6.00 0.31 95.55 124.82 -8.82 0.48 -1.64 -1.58 0.70 0.56 0.95 0.37
11.00 0.05 -133.95 32.02 -137.13 0.18 -0.96 -0.30 0.77 0.78 0.01 0.16
7.00 0.22 154.20 104.54 44.88 -0.66 0.02 -1.08 0.73 0.19 0.96 0.64
7.00 0.31 -66.77 76.76 -16.46 -0.60 -0.70 1.22 0.24 0.75 0.78 0.53
6.00 0.12 -97.91 -58.97 -33.78 1.70 -1.32 0.24 0.09 0.76 0.21 0.70
11.00 0.11 54.33 -77.16 103.82 1.94 0.46 0.84 0.35 0.02 0.10 0.61
5.00 0.10 -98.14 126.28 110.06 0.88 -0.54 -1.00 0.54 0.65 0.59 0.64
10.00 0.16 31.02 -1.93 43.85 -0.24 1.60 -1.44 0.08 0.39 0.66 0.00
7.00 0.12 -57.03 -162.31 -17.95 0.76 1.84 -0.12 0.64 0.85 0.39 0.23
6.00 0.01 76.33 161.61 -6.59 1.88 -1.74 0.20 0.20 0.50 0.01 0.32
8.00 0.21 89.18 35.30 -122.18 -1.12 0.54 -0.98 0.35 0.25 0.23 0.94
15.00 0.15 -88.57 -22.15 -97.51 -0.56 0.32 1.84 0.02 0.78 0.78 0.92
8.00 0.14 -3.95 -141.44 69.15 0.24 -0.82 -0.70 0.24 0.50 0.45 0.03
6.00 0.12 106.24 -57.84 -63.68 1.26 1.00 0.16 0.17 0.23 0.57 0.31
5.00 0.16 21.12 41.59 -82.20 1.22 1.10 0.78 0.26 0.40 0.68 0.51
9.00 0.14 164.44 -39.12 -36.12 -1.50 0.58 -1.72 0.27 0.02 0.60 0.31
7.00 0.12 80.73 89.30 -80.98 1.52 1.96 1.70 0.11 0.57 0.95 0.16
7.00 0.03 -65.98 74.22 152.43 0.20 0.24 0.88 0.03 0.89 0.60 0.54
7.00 0.15 -74.24 47.19 29.22 -0.84 -0.44 0.04 0.40 0.43 0.55 0.93
6.00 0.22 -49.88 38.00 164.69 0.26 -0.08 0.86 0.30 0.40 0.28 0.20
6.00 0.13 -64.17 130.48 101.85 -0.60 0.54 0.72 0.58 0.19 0.89 0.89
9.00 0.20 138.25 -42.42 -36.98 1.90 -0.34 0.78 0.31 0.35 0.53 0.40
6.00 0.03 71.59 67.38 37.49 -1.26 -1.10 0.20 0.35 0.54 0.43 0.96
9.00 0.13 -28.76 -127.93 -5.59 1.52 1.20 0.22 0.31 0.04 0.98 0.44
11.00 0.24 -64.85 22.75 158.77 1.76 -0.38 -0.92 0.13 0.43 0.31 0.04
10.00 0.10 -87.17 8.51 -171.75 0.80 -1.04 1.54 0.81 0.48 0.90 0.62
6.00 0.26 18.05 123.84 59.05 -1.66 -1.40 -1.98 0.63 0.63 0.18 0.13
6.00 0.01 -14.63 52.75 -136.25 0.54 0.72 -0.24 0.54 0.60 0.24 0.13
6.00 0.30 -77.81 -119.93 44.90 -1.26 1.96 -1.70 0.93 0.60 0.59 0.13
8.00 0.06 -115.76 7.39 116.81 0.70 0.26 -1.20 0.57 0.77 0.56 0.04
5.00 0.22 144.79 -69.62 30.28 0.10 -0.12 0.74 0.17 0.45 0.45 0.56
5.00 0.19 145.39 -41.55 52.21 0.56 -1.12 0.96 0.09 0.27 0.16 0.49
5.00 0.19 64.90 53.81 51.70 0.38 -1.80 1.22 0.05 0.69 0.91 0.59
9.00 0.06 -51.34 -148.74 -89.17 0.68 1.26 -0.56 0.63 0.28 0.38 0.88
5.00 0.31 -45.73 -105.52 -102.30 1.46 -1.86 1.66 0.47 0.22 0.38 0.56
5.00 0.29 -160.47 -8.29 -91.53 0.56 -0.86 0.92 0.77 0.83 0.07 0.56
6.00 0.20 -46.31 -51.39 63.59 -0.58 1.36 -0.42 0.80 0.59 0.67 0.89
10.00 0.20 78.06 9.50 25.67 -0.08 0.62 -0.88 0.70 0.53 0.83 0.29
10.00 0.16 0.30 76.72 -103.42 1.56 -1.04 1.08 0.75 0.34 0.09 0.88
8.00 0.10 116.86 -70.94 119.42 0.98 -1.28 -0.42 0.59 0.03 0.01 0.70
11.00 0.21 46.96 5.01 -51.26 0.44 0.70 1.30 0.01 0.96 0.47 0.95
5.00 0.31 -116.57 155.33 21.43 -1.40 1.38 1.36 0.14 0.66 0.01 0.51
9.00 0.12 157.76 24.28 -96.03 0.60 0.04 0.02 0.59 0.38 0.09 0.28
7.00 0.25 -53.81 -175.82 -33.65 -1.64 1.02 -1.86 0.32 0.48 0.70 0.96
5.00 0.19 -5.66 -56.82 146.77 -0.56 -0.94 0.02 0.61 0.33 0.54 0.74
5.00 0.05 -184.08 51.97 17.74 0.08 -1.86 1.32 0.64 0.92 0.23 0.41
5.00 0.30 43.47 168.67 5.04 -0.08 0.10 -1.78 0.45 0.27 0.92 0.77
12.00 0.21 61.80 147.51 3.38 -1.76 0.78 0.00 0.54 0.04 0.74 0.19
8.00 0.23 -133.78 70.14 -24.70 1.58 1.04 1.46 0.49 0.87 0.62 0.16
15.00 0.22 -100.47 80.04 -151.30 1.04 -1.84 0.18 0.44 0.68 0.68 0.40
7.00 0.17 -23.61 -40.72 40.79 -0.74 0.10 0.74 0.99 0.11 0.61 0.94
12.00 0.25 21.73 -58.77 -188.32 0.68 -1.24 1.88 0.09 0.15 0.34 0.35
8.00 0.23 115.56 -94.13 129.59 0.20 0.08 -0.48 0.40 0.24 0.73 0.09
14.00 0.18 119.41 -105.11 105.56 -0.88 -1.24 0.60 0.02 0.39 0.57 0.56
7.00 0.15 -6.06 -62.74 -38.71 -1.76 -0.48 0.96 0.85 0.20 0.28 0.48
6.00 0.07 -26.00 13.87 -18.77 1.44 1.74 0.68 0.15 0.47 0.35 0.65
7.00 0.23 -9.38 113.32 160.00 1.02 -0.12 1.86 0.74 0.79 0.23 0.96
6.00 0.09 -22.42 18.56 152.33 0.22 -0.36 -0.02 0.28 0.87 0.95 0.32
7.00 0.13 -125.99 -22.60 -145.42 -1.08 1.14 0.40 0.02 0.97 0.25 0.37
11.00 0.22 -131.89 69.35 38.51 0.62 -0.84 -1.36 0.02 0.85 0.99 0.93
11.00 0.14 -38.07 -88.88 137.17 -1.00 -1.14 1.48 0.52 0.07 0.50 0.53
5.00 0.04 94.83 109.91 39.93 0.36 1.96 0.34 0.18 0.19 0.26 0.87
6.00 0.08 174.86 -44.03 -49.96 -0.18 1.76 -0.14 0.04 0.44 0.56 0.57
8.00 0.05 -20.32 152.30 71.24 0.22 0.08 -1.08 0.64 0.57 0.38 0.19
5.00 0.26 100.06 24.02 -97.54 -1.80 -1.00 -1.86 0.65 0.48 0.65 0.27
6.00 0.05 7.56 9.90 -44.89 0.64 -1.06 -1.70 0.93 0.26 0.52 0.64
10.00 0.11 -27.07 155.62 43.05 -1.36 -0.18 -0.74 0.15 0.90 0.50 0.84
9.00 0.20 102.08 -14.20 46.28 1.66 1.08 1.76 0.69 0.82 0.92 0.10
11.00 0.11 -17.06 164.17 -92.53 -0.48 -1.40 -1.72 0.84 0.88 0.54 0.90
5.00 0.03 -32.95 -105.31 67.21 -1.14 1.02 -0.50 0.38 0.93 0.08 0.93
10.00 0.27 10.19 107.81 -19.04 1.40 -1.96 1.24 0.86 0.12 0.20 0.43
5.00 0.06 50.06 -98.15 -116.49 -0.58 2.00 -1.96 0.12 0.34 0.41 0.18
14.00 0.04 -139.94 55.41 -6.52 1.20 -1.48 1.14 0.43 0.91 0.74 0.01
12.00 0.26 75.50 -36.99 -108.17 0.94 0.06 1.06 0.88 0.09 0.93 0.60
10.00 0.30 -74.15 -18.02 17.74 -1.88 0.68 -1.16 0.36 0.58 0.16 0.59
8.00 0.25 82.65 -23.94 2.18 -0.78 0.62 -1.82 0.77 0.40 0.00 0.49
17.00 0.01 -91.54 -65.63 52.81 0.32 -0.16 1.96 0.07 0.13 0.44 0.97
5.00 0.23 91.69 -60.07 126.08 -1.90 1.70 1.30 0.48 0.45 0.31 0.23
6.00 0.01 -74.75 -13.40 -176.62 0.14 -1.64 -0.64 0.54 0.61 0.82 0.27
17.00 0.27 94.29 -148.82 -90.88 0.28 -1.96 -1.28 0.77 0.06 0.20 0.19
6.00 0.08 -11.41 -11.21 140.37 1.88 1.38 -0.16 0.49 0.11 0.79 0.14
5.00 0.26 95.85 -142.54 -66.41 1.24 -0.82 -1.60 0.01 0.73 0.54 0.35
8.00 0.31 85.95 68.97 -16.04 1.52 -1.68 0.34 0.13 0.97 0.80 0.64
9.00 0.02 -113.18 -7.48 -11.74 1.58 1.18 1.98 0.92 0.06 0.84 0.78
10.00 0.14 -19.02 94.47 90.89 0.88 -0.52 -1.48 0.07 0.38 0.52 0.71
8.00 0.13 -12.41 -154.41 113.84 -0.32 0.20 1.70 0.69 0.31 0.55 0.13
6.00 0.06 122.33 12.38 7.54 1.36 -1.02 -0.70 0.12 0.97 0.43 0.35
5.00 0.16 -55.44 -53.93 -26.94 0.12 0.62 -1.76 0.81 0.27 0.15 0.14
5.00 0.31 -70.99 -49.97 -127.54 0.56 -1.66 -0.32 0.42 0.04 0.41 0.89
8.00 0.26 74.62 35.27 2.54 0.90 1.80 -1.00 0.29 0.53 0.40 0.34
5.00 0.03 -162.15 -53.89 12.57 -1.16 1.44 -1.72 0.71 0.91 0.11 0.03
6.00 0.26 37.61 73.21 -2.56 1.12 0.34 0.44 0.16 0.74 0.85 0.71
8.00 0.31 -60.80 -117.76 -143.54 -1.90 1.70 -0.94 0.80 0.96 0.13 0.47
8.00 0.18 -63.33 25.86 49.86 0.98 0.50 0.58 0.13 0.17 0.26 0.41
6.00 0.20 66.88 -52.10 73.52 -0.58 -0.56 0.96 0.35 0.10 0.58 0.33
10.00 0.03 -61.12 -32.90 -9.47 1.90 -0.72 -0.60 0.06 0.09 0.38 0.73
6.00 0.13 -162.99 -81.48 -61.54 1.98 -1.84 -1.74 0.74 0.08 0.27 0.45
11.00 0.21 55.12 86.00 143.37 0.90 -0.76 -0.84 0.14 0.80 0.14 0.16
8.00 0.14 92.58 -56.46 -44.09 -1.02 0.64 1.50 0.29 0.73 0.77 0.74
7.00 0.10 -172.09 14.62 -5.93 -0.28 -1.70 -0.36 0.05 0.23 0.88 0.22
6.00 0.27 -96.26 -57.18 -19.37 1.18 -1.18 -0.52 0.66 0.08 0.05 0.60
13.00 0.12 -81.69 125.11 29.83 0.98 -1.48 0.40 0.39 0.71 0.81 0.64
8.00 0.21 191.87 -21.00 -48.74 -1.22 1.28 -1.22 0.59 0.08 0.19 0.05
14.00 0.10 -93.48 -153.51 66.34 -0.70 1.12 -1.88 0.76 0.03 0.48 0.22
7.00 0.16 -51.87 -81.40 79.53 0.14 0.22 1.46 0.50 0.11 0.80 0.32
5.00 0.26 59.91 -52.91 -14.09 0.50 0.38 1.74 0.63 0.59 0.33 0.05
7.00 0.08 -39.00 72.57 122.88 -0.84 -0.54 0.46 0.74 0.09 0.50 0.57
6.00 0.30 144.99 -83.30 56.80 1.12 -0.40 1.28 0.90 0.32 0.08 0.03
5.00 0.25 -64.46 89.42 -100.61 0.72 1.18 1.32 0.75 0.46 0.82 0.09
6.00 0.25 -46.23 154.57 20.85 -1.44 -0.18 -1.28 0.98 0.56 0.18 0.87
5.00 0.19 -52.39 -14.34 47.15 -1.80 1.56 0.26 0.17 0.82 0.96 0.85
7.00 0.07 115.34 -35.14 49.81 0.36 -0.04 -1.48 0.70 0.54 0.59 0.22
5.00 0.28 -69.19 -0.88 -73.32 -0.82 1.98 -1.64 0.66 0.08 0.41 0.19
6.00 0.31 38.12 76.68 -124.94 -0.48 0.14 -0.46 0.42 0.96 0.27 0.38
9.00 0.06 136.91 92.56 -53.01 -0.44 1.16 -0.44 0.07 0.78 0.25 0.67
8.00 0.02 -32.80 -45.04 -142.69 1.52 1.74 -1.02 0.84 0.46 0.62 0.24
7.00 0.25 -27.78 -12.74 194.36 1.38 0.54 1.98 0.71 0.94 0.69 0.39
12.00 0.19 35.97 4.99 14.72 1.52 -0.94 1.64 0.70 0.73 0.71 0.38
8.00 0.17 -155.40 -92.43 -28.63 -1.86 -1.50 1.96 0.95 0.38 0.20 0.13
9.00 0.06 77.19 118.48 71.12 -0.42 0.34 1.84 0.02 0.15 0.35 0.07
6.00 0.24 -172.91 -33.36 -8.46 1.50 -1.98 1.50 0.55 0.57 0.83 0.41
12.00 0.04 41.41 107.92 -8.94 -0.36 -0.44 1.96 0.34 0.77 0.38 0.02
8.00 0.23 22.42 102.28 66.05 -1.12 0.92 -1.88 0.57 0.19 0.90 0.52
6.00 0.01 19.34 111.81 -91.14 1.12 -0.68 0.06 0.31 0.62 0.33 0.25
8.00 0.30 -42.05 22.68 -53.23 0.34 1.06 0.82 0.81 0.98 0.93 0.22
8.00 0.21 -184.43 16.37 -22.57 0.38 1.22 1.20 0.21 0.23 0.05 0.47
12.00 0.25 -39.96 26.56 190.75 1.82 -1.52 -0.90 0.74 0.12 0.83 0.59
6.00 0.25 -9.08 33.60 -16.59 0.56 0.58 -1.80 0.74 0.01 0.63 0.86
5.00 0.06 188.15 -31.20 -20.18 -0.12 -1.10 -0.34 0.58 0.74 0.59 0.30
9.00 0.27 77.36 -150.74 -35.21 0.34 0.52 -1.00 0.76 0.99 0.71 0.91
7.00 0.24 -20.13 -109.90 -94.12 1.18 1.00 -1.76 0.62 0.31 0.58 0.39
5.00 0.18 6.51 -83.08 -135.85 -1.44 -1.42 0.00 0.97 0.26 0.31 0.76
12.00 0.19 -83.34 42.79 -78.49 1.06 -0.30 0.62 0.76 0.14 0.34 0.15
8.00 0.09 13.43 -34.24 -84.82 -0.40 1.76 -1.98 0.22 0.63 0.74 0.98
5.00 0.22 -149.92 -67.97 49.26 1.94 0.40 0.22 0.43 0.77 0.29 0.14
12.00 0.16 -17.67 56.70 -40.80 -1.36 -0.46 1.92 0.18 0.96 0.37 0.61
9.00 0.25 -92.83 68.88 -126.98 1.30 -1.02 -0.02 0.73 0.03 0.18 0.37
6.00 0.20 -27.62 -15.10 -25.19 1.02 -1.20 -0.68 0.58 0.47 0.70 0.03
8.00 0.27 -0.85 70.42 -58.49 -1.78 1.76 -0.48 0.43 0.76 0.56 0.07
12.00 0.20 -37.44 -58.31 -101.48 0.10 0.22 -1.10 0.46 0.19 0.03 0.93
8.00 0.19 -36.29 130.69 -23.71 -0.32 0.54 -0.94 0.97 0.99 0.46 0.21
6.00 0.09 -109.79 62.19 -30.40 0.18 -0.78 -1.74 0.37 0.53 0.50 0.67
6.00 0.06 81.39 -63.06 -79.12 -0.18 -0.08 0.48 0.41 0.51 0.11 0.56
8.00 0.30 63.12 -131.83 136.21 1.14 -0.68 0.92 0.00 0.54 0.53 0.06
5.00 0.08 41.27 94.12 -140.63 -1.58 -1.44 0.92 0.36 0.64 0.99 0.10
8.00 0.31 59.19 -57.29 32.52 -0.84 1.54 -0.36 0.60 0.15 0.39 0.14
6.00 0.21 179.16 -70.65 2.39 1.34 -1.92 -1.88 0.01 0.28 0.90 0.61
8.00 0.14 94.04 -165.10 -55.77 -0.14 -1.08 0.02 0.77 0.63 0.44 0.53
8.00 0.24 128.09 6.16 -136.74 0.82 -0.28 1.16 0.82 0.70 0.00 0.55
6.00 0.19 -161.68 -35.54 -67.31 -0.10 -0.86 -0.36 0.42 0.99 0.84 0.47
8.00 0.17 -4.14 114.83 -139.94 0.22 -0.66 0.86 0.37 0.43 0.60 0.68
6.00 0.10 109.52 -72.81 59.75 -0.24 0.56 -1.26 0.87 0.74 0.90 0.27
8.00 0.25 -54.58 -124.80 136.05 1.10 -0.84 -1.32 0.28 0.43 0.57 0.40
5.00 0.30 81.41 -103.65 92.53 -0.58 1.80 -1.90 0.51 0.69 0.17 0.86
7.00 0.26 -72.91 17.02 -119.84 0.08 1.52 -1.38 0.09 1.00 0.10 0.19
6.00 0.09 56.40 25.86 -160.97 -1.74 -0.44 0.62 0.33 0.66 0.87 0.24
10.00 0.11 160.57 -109.67 -36.66 1.54 -1.06 1.88 0.21 0.04 0.26 0.49
6.00 0.20 -79.21 68.01 163.73 -1.58 0.56 -0.86 0.81 0.52 0.05 0.21
5.00 0.31 -3.96 -124.73 -106.85 1.00 -1.42 -1.94 0.14 0.10 0.42 0.84
7.00 0.20 14.87 -115.88 -129.41 1.72 1.82 0.36 0.94 0.29 0.78 0.46
13.00 0.07 94.02 -106.09 66.65 -0.88 -0.94 -0.60 0.68 0.43 0.27 0.61
6.00 0.03 -44.28 122.68 44.66 0.96 0.88 1.58 0.83 0.23 0.22 0.15
10.00 0.01 107.85 92.84 89.19 -1.86 1.38 -0.28 0.64 0.35 0.93 0.57
7.00 0.09 -176.51 19.40 17.35 0.08 1.54 -1.48 0.66 0.98 0.44 0.01
6.00 0.19 -44.09 16.66 166.60 1.78 0.84 -1.98 0.15 0.84 0.47 0.57
10.00 0.05 122.13 95.64 -75.96 -1.78 0.14 -1.04 0.64 0.63 0.38 0.43
6.00 0.30 -29.57 -77.46 -115.94 -1.16 -0.54 -0.30 0.53 0.09 0.83 0.73
11.00 0.09 -29.96 -122.41 -39.72 -0.80 -1.98 -0.62 0.31 0.67 0.54 0.63
7.00 0.01 129.51 75.06 -89.64 -0.16 1.94 -1.18 0.04 0.46 0.11 0.06
15.00 0.26 -6.32 -102.11 9.88 -0.06 0.38 -0.46 0.02 0.53 0.86 0.35
5.00 0.13 -112.37 -6.64 -75.81 -1.60 0.00 -1.50 0.88 0.52 0.32 0.83
11.00 0.24 -87.59 -154.93 -50.23 -1.46 -0.82 -0.02 0.52 0.51 0.33 0.28
9.00 0.27 -73.30 70.80 122.78 1.00 -0.04 0.24 0.27 0.33 0.40 0.01
12.00 0.21 121.69 5.71 -13.26 -0.78 -1.60 -0.28 0.86 0.22 0.95 0.11
6.00 0.17 -142.59 64.72 115.74 0.52 1.98 -1.04 0.38 0.54 0.25 0.85
12.00 0.27 -144.24 65.97 75.64 -0.78 -1.62 -1.24 0.98 0.46 0.88 0.31
6.00 0.20 -45.83 -44.02 -133.01 0.48 0.28 1.14 0.41 0.29 0.41 0.39
7.00 0.00 -94.52 -131.55 99.91 -0.98 -1.58 -1.32 0.69 0.28 0.34 0.92
6.00 0.23 -92.70 -0.89 125.54 -0.90 -1.24 -1.42 0.62 0.28 0.72 0.61
9.00 0.15 90.76 93.85 7.04 1.92 -1.32 -0.78 0.32 0.78 0.32 0.95
5.00 0.02 30.93 23.18 15.55 -0.46 -0.06 -1.58 0.93 0.39 0.30 0.22
5.00 0.15 -102.15 6.39 -10.02 1.08 1.62 1.50 0.45 0.25 0.69 0.88
11.00 0.11 134.48 142.85 35.83 0.32 1.50 1.76 0.07 0.69 1.00 0.03
9.00 0.22 54.03 161.89 -35.40 0.32 1.02 -1.54 0.73 0.19 0.02 0.90
11.00 0.15 -128.69 -149.92 -1.93 -1.22 -0.84 0.76 0.15 0.06 0.40 0.88
12.00 0.24 -112.25 -82.51 -142.36 -1.86 0.70 -0.32 0.41 0.24 0.76 0.19
9.00 0.19 155.20 18.35 121.70 0.88 1.38 -0.06 0.61 0.59 0.87 0.64
5.00 0.30 -97.37 151.71 77.41 -1.56 -1.26 1.52 0.88 0.17 0.82 0.59
14.00 0.05 154.89 -54.39 -97.02 1.46 1.16 -0.84 0.16 0.14 0.67 0.86
10.00 0.10 -148.03 51.14 22.16 -0.24 -1.18 1.06 0.30 0.03 0.00 0.29
7.00 0.08 -51.10 168.82 -25.91 -1.64 -0.24 -0.72 0.99 0.02 0.94 0.39
10.00 0.13 140.90 140.06 -3.09 -0.40 1.56 1.62 0.90 0.94 0.62 0.75
7.00 0.27 182.92 16.65 10.69 -1.24 1.04 -0.48 0.94 0.74 0.56 0.99
6.00 0.11 -41.10 -49.42 182.03 0.68 0.44 -0.10 0.05 0.39 0.35 0.62
7.00 0.14 -22.80 -10.77 -96.13 0.40 -0.70 0.28 0.17 0.29 0.58 0.17
6.00 0.01 -130.84 108.10 11.93 0.48 -1.86 -0.26 0.26 0.46 0.95 0.83
7.00 0.17 -27.61 3.40 177.64 1.64 0.14 -1.98 0.85 0.91 0.01 0.92
5.00 0.18 76.41 87.54 -29.23 0.54 -0.64 0.94 0.48 0.13 0.94 0.18
6.00 0.18 39.99 93.75 122.19 0.28 -0.32 -1.34 0.21 0.75 0.48 0.67
7.00 0.05 -144.68 -128.96 -12.15 1.30 1.38 -0.44 0.29 0.13 0.11 0.11
5.00 0.23 92.34 -86.42 -87.50 0.72 1.30 0.60 0.03 0.10 0.85 0.96
7.00 0.13 -33.27 81.42 -177.22 0.98 -1.46 -1.06 0.43 0.16 0.82 0.52
5.00 0.15 164.52 72.34 61.77 0.18 -0.00 -1.18 0.35 0.45 0.03 0.02
13.00 0.03 -35.06 -138.24 139.90 1.52 -1.46 -0.46 0.70 0.55 0.21 0.05
5.00 0.27 -3.14 -108.88 -109.48 1.30 1.00 -0.38 0.98 0.23 0.56 0.27
5.00 0.27 110.50 35.47 -160.13 0.42 0.44 -0.72 0.75 0.57 0.34 0.18
6.00 0.27 -42.52 -51.20 14.92 0.24 0.60 -1.64 0.05 0.74 0.23 0.22
7.00 0.27 -4.68 -74.46 -183.54 -0.38 1.52 0.16 0.19 0.50 0.74 0.36
7.00 0.01 65.38 1.20 14.45 -1.16 -1.62 1.62 0.29 0.30 0.45 0.39
11.00 0.09 22.63 153.02 -38.06 1.94 -1.50 0.30 0.84 0.64 0.15 0.91
9.00 0.23 33.33 4.24 -124.18 1.04 0.82 1.04 0.53 0.14 0.65 0.21
5.00 0.09 61.88 54.28 137.63 -0.96 1.88 -1.90 0.18 0.11 0.64 0.40
6.00 0.18 -103.43 -102.91 -70.21 0.44 -1.88 -1.56 0.39 0.59 0.56 0.81
7.00 0.12 14.14 -83.75 -147.80 1.38 1.20 1.42 0.07 0.08 0.97 0.97
11.00 0.21 -121.45 -50.96 64.18 0.74 1.44 1.88 0.55 0.40 0.40 0.28
5.00 0.28 -158.54 11.57 -54.19 -1.80 1.40 -1.20 0.07 0.26 0.06 0.84
5.00 0.01 -113.13 -1.48 160.21 -0.76 1.48 -0.28 0.63 0.17 0.24 0.07
7.00 0.17 -112.27 -70.08 -4.57 -1.44 -0.90 -1.12 0.98 0.23 0.26 0.04
9.00 0.26 86.26 -28.63 -63.12 1.54 -0.10 1.66 0.76 0.66 0.16 0.48
5.00 0.01 -93.57 -51.01 18.58 0.02 0.54 -1.36 0.27 0.14 0.34 0.88
5.00 0.05 46.03 143.63 52.40 -1.08 0.90 -1.18 0.75 0.98 0.42 0.97
14.00 0.16 4.46 64.47 157.08 -1.80 0.30 -0.54 0.93 0.16 0.78 0.81
5.00 0.11 -52.04 8.56 -54.16 0.84 1.52 -1.50 0.19 0.55 0.42 0.90
5.00 0.23 10.75 31.49 -176.42 0.34 0.10 0.72 0.28 0.19 0.66 0.12
6.00 0.18 -82.43 3.22 -112.84 -0.44 -0.04 -0.22 0.14 0.41 0.08 0.75
6.00 0.01 79.69 -44.08 10.87 -0.48 -0.68 1.06 0.93 0.90 0.73 0.47
5.00 0.28 30.52 -14.55 58.36 0.50 1.18 1.56 0.75 0.99 0.91 0.72
8.00 0.27 -25.77 103.36 -48.24 -1.66 -1.76 0.88 0.09 0.67 0.19 0.11
7.00 0.19 104.27 32.50 59.82 -1.48 -1.68 -0.60 0.89 0.21 0.45 0.64
7.00 0.17 -67.24 3.03 -101.87 1.62 -1.38 -0.34 0.81 0.33 0.63 0.74
8.00 0.27 -105.84 112.01 5.40 0.58 0.16 -0.84 0.87 0.35 0.11 0.45
14.00 0.02 36.28 -128.76 57.55 -1.20 0.50 0.64 0.33 0.08 0.83 0.38
7.00 0.30 -54.59 -67.80 -49.79 0.38 0.16 -0.90 0.63 0.68 0.93 0.22
11.00 0.25 15.15 16.08 90.22 1.22 1.80 1.90 0.93 0.62 0.22 0.47
10.00 0.26 77.98 125.95 22.80 1.48 -1.38 -1.84 0.53 0.97 0.95 0.20
7.00 0.07 172.13 -82.30 54.02 -1.14 0.52 0.64 0.66 0.29 0.99 0.17
14.00 0.09 -75.25 -7.56 42.15 0.10 0.68 1.14 0.64 0.09 0.23 0.85
5.00 0.20 -67.84 -20.09 -184.97 1.74 -1.26 -0.94 0.97 0.29 0.24 0.51
6.00 0.22 -134.68 124.38 -63.06 1.14 -1.16 -1.98 0.00 0.23 0.68 0.95
9.00 0.03 10.99 28.25 -53.06 1.34 1.72 -1.86 0.53 0.02 0.56 0.21
6.00 0.04 104.75 -26.58 159.96 1.22 1.78 1.82 0.74 0.14 0.43 0.64
5.00 0.10 10.40 120.62 135.57 1.02 -1.34 -1.78 0.94 0.97 0.02 0.49
6.00 0.12 44.06 12.57 73.78 1.38 1.86 1.38 0.63 0.28 0.66 0.83
7.00 0.12 74.11 -30.70 87.20 1.92 1.62 1.92 0.29 0.85 0.40 0.09
5.00 0.14 116.81 97.95 61.94 -0.64 1.24 -1.84 0.48 0.58 0.16 0.48
5.00 0.21 116.64 -121.84 31.86 0.62 1.22 1.42 0.20 0.57 0.90 0.57
12.00 0.29 93.59 -25.32 -172.57 -0.24 -1.40 -1.06 0.38 0.26 0.96 0.95
10.00 0.14 36.81 -187.34 -10.31 1.26 -1.22 -0.16 0.25 0.44 0.61 0.27
8.00 0.22 13.69 2.50 -22.14 0.72 -1.88 -0.86 0.80 0.18 0.93 0.68
8.00 0.08 18.82 14.70 5.27 -1.08 -0.10 1.58 0.76 0.97 0.53 0.83
5.00 0.08 -48.49 -7.31 -138.46 1.14 0.70 0.98 0.05 0.70 0.13 0.24
6.00 0.20 58.99 139.62 31.23 -1.00 -1.84 -1.24 0.50 0.50 0.24 0.04
11.00 0.21 10.26 174.70 67.49 -1.02 -0.08 1.84 0.64 0.90 0.09 0.49
8.00 0.24 -107.92 -26.93 -20.02 -1.82 1.48 0.08 0.97 0.66 0.04 0.50
11.00 0.16 125.35 128.64 -37.85 -0.46 0.84 -0.90 0.55 0.20 0.50 0.37
8.00 0.16 -149.58 10.40 -7.99 0.32 0.52 -0.14 0.10 0.39 0.29 0.57
5.00 0.25 38.34 97.18 38.70 1.36 -0.24 0.72 0.26 0.16 0.63 0.88
6.00 0.13 97.85 -9.43 -65.07 -1.28 -0.82 -1.64 0.09 0.93 0.71 0.13
8.00 0.31 -46.55 26.28 -157.27 1.72 1.80 1.16 0.47 0.94 0.36 0.55
11.00 0.14 144.98 -79.15 103.00 -0.26 -0.96 -0.94 0.54 0.40 0.46 0.02
6.00 0.12 140.92 -72.24 -89.54 1.18 -0.54 -1.02 0.21 0.68 0.23 0.69
8.00 0.11 -13.20 -45.92 -26.69 -0.66 1.22 -1.30 0.04 0.01 0.95 0.50
7.00 0.01 -13.85 60.98 53.02 1.70 -1.92 -1.98 0.30 0.14 0.49 0.83
7.00 0.01 52.97 -27.70 160.44 1.82 -1.44 1.36 0.43 0.36 0.09 0.64
6.00 0.13 42.79 35.67 9.21 -0.84 -1.32 -1.98 0.10 0.51 0.12 0.96
10.00 0.28 0.30 -159.32 -112.90 -0.44 -1.46 1.76 0.59 0.05 0.56 0.16
16.00 0.18 -122.25 9.95 -153.30 -1.88 -1.44 -1.62 0.24 0.24 0.45 0.19
10.00 0.21 128.47 -100.07 -2.98 1.22 1.08 -0.02 0.28 0.45 0.98 0.27
13.00 0.02 -120.10 149.59 -15.81 0.22 -0.62 1.42 0.49 0.38 0.22 0.31
6.00 0.14 -53.29 -45.71 81.44 0.46 1.78 1.26 0.16 0.04 0.16 0.53
6.00 0.18 110.80 -40.01 151.70 -0.70 1.96 1.82 0.02 0.99 0.08 0.13
7.00 0.12 -71.58 12.62 -142.26 0.06 -0.50 -0.38 0.68 0.07 0.61 0.49
10.00 0.11 13.39 20.00 141.52 1.16 1.92 1.40 0.25 0.40 0.78 0.17
7.00 0.27 69.69 148.27 102.01 0.40 1.18 0.52 0.21 0.94 0.88 0.49
5.00 0.17 37.90 -137.39 118.29 -0.12 -0.40 1.50 0.66 0.75 0.95 0.78
12.00 0.16 -146.79 -106.34 -4.44 -1.32 -0.66 -0.84 0.90 0.83 0.99 0.17
5.00 0.14 -69.91 170.95 -25.73 0.44 -0.56 -0.06 0.40 0.46 0.47 0.31
6.00 0.04 -1.46 150.93 78.69 -1.56 -1.62 1.82 0.99 0.92 0.69 0.48
6.00 0.01 32.96 171.64 -64.81 -1.00 -0.94 0.48 0.29 0.60 0.48 0.66
7.00 0.11 -15.07 -154.31 -102.23 -1.88 1.10 1.42 0.57 0.01 0.97 0.44
9.00 0.22 -101.91 157.76 28.37 -0.18 -1.74 -0.72 0.16 0.47 0.52 0.87
5.00 0.18 -26.97 -37.98 -101.69 -1.48 1.02 0.90 0.33 0.15 0.50 0.02
9.00 0.13 61.21 -24.30 -69.82 0.04 -0.82 1.80 0.66 0.56 0.87 0.97
6.00 0.25 116.57 30.24 17.37 -1.62 0.26 -0.16 0.65 0.17 0.74 0.94
6.00 0.20 71.75 20.49 -15.07 -1.64 2.00 0.68 0.16 0.02 0.37 0.91
5.00 0.03 -18.04 -94.92 -149.89 1.72 -1.42 -1.46 0.36 0.64 0.50 0.64
5.00 0.01 18.00 -117.08 67.77 0.50 -1.70 0.90 0.16 0.95 0.55 0.25
9.00 0.13 20.89 -57.78 -98.29 -1.52 -1.52 -0.32 0.45 0.22 0.58 0.05
8.00 0.01 -19.05 147.06 129.06 1.88 -0.98 0.12 0.68 0.63 0.73 0.97
9.00 0.24 73.76 -114.43 -52.80 -1.88 -0.90 -0.28 0.25 0.21 0.65 0.68
10.00 0.02 66.57 -74.84 -99.44 -0.80 -1.72 1.56 0.96 0.74 0.54 0.12
7.00 0.28 -46.76 140.78 -46.27 0.38 0.50 -1.50 0.69 0.83 0.95 0.89
8.00 0.21 52.73 7.99 -21.98 -1.80 -1.36 -1.78 0.53 0.39 0.14 0.77
8.00 0.27 -9.46 -74.30 -11.44 1.98 -1.68 1.48 0.85 0.26 0.96 0.97
11.00 0.31 -167.48 33.73 -58.40 0.54 -0.00 -0.86 0.29 0.37 0.57 0.60
5.00 0.26 -27.51 -8.85 -121.16 -1.28 -0.76 1.88 0.89 0.41 0.15 0.23
6.00 0.27 36.32 168.05 92.73 -0.44 1.28 1.70 0.53 0.25 0.25 0.57
7.00 0.02 34.22 -174.60 -66.39 0.50 0.12 -0.90 0.50 0.81 0.07 0.20
7.00 0.26 75.13 -150.38 89.07 0.80 0.54 -0.74 0.77 0.32 0.09 0.47
10.00 0.23 -13.47 -125.57 -84.82 1.68 1.04 1.68 1.00 0.14 0.78 0.61
16.00 0.01 118.52 74.84 -139.80 -0.08 -1.16 0.20 0.23 0.40 0.83 0.21
5.00 0.23 -84.70 19.30 43.92 1.28 1.02 -0.32 0.17 0.30 0.37 0.42
9.00 0.12 90.31 91.59 145.89 -0.26 1.40 -1.52 0.95 0.70 0.64 0.50
7.00 0.14 -27.68 -32.55 55.86 -1.26 -0.72 -1.12 0.44 0.29 0.22 0.96
8.00 0.05 -185.84 -55.55 36.75 -0.34 -0.22 0.90 0.14 0.34 0.08 0.71
5.00 0.27 90.27 -113.66 39.23 -1.34 0.10 -0.54 0.20 0.11 0.59 0.52
6.00 0.04 -89.70 51.26 31.59 -0.24 -1.54 1.46 0.76 0.15 0.18 0.25
7.00 0.06 -50.36 -181.99 46.69 -0.22 -0.64 0.64 0.84 0.05 0.05 0.02
10.00 0.26 -11.85 -129.09 23.25 -1.60 -0.50 -1.84 0.55 0.17 0.40 0.07
5.00 0.09 147.05 -94.63 -54.59 -1.74 1.96 -1.54 0.44 0.29 0.43 0.72
5.00 0.27 141.96 -105.53 -31.00 -0.02 1.78 -0.24 0.42 0.12 0.12 0.99
8.00 0.21 -14.19 131.93 83.24 0.10 0.36 0.72 0.70 0.48 0.04 0.59
8.00 0.19 -64.55 -30.06 -39.56 0.44 1.86 -1.94 0.25 1.00 0.28 0.36
9.00 0.19 88.10 16.60 175.72 -0.18 -1.68 -1.36 0.33 0.82 0.65 0.17
6.00 0.25 25.52 -46.90 -45.63 -0.32 -0.56 0.64 0.81 0.12 0.67 0.30
5.00 0.10 -91.95 -19.54 35.44 0.70 1.70 0.24 0.32 0.95 0.28 0.76
7.00 0.31 -136.81 -103.27 -94.90 0.70 0.64 -0.96 0.79 0.75 0.62 0.38
15.00 0.22 46.02 -126.11 -61.98 -1.92 -0.40 1.48 0.45 0.49 0.78 0.03
9.00 0.24 92.08 37.19 23.80 1.72 1.50 -1.90 0.16 0.88 0.38 0.34
5.00 0.28 -26.32 -97.96 -15.08 -1.36 -0.56 -0.92 0.32 0.60 0.03 0.50
5.00 0.02 -54.00 -46.02 -97.58 1.12 1.26 0.44 0.35 0.74 0.62 0.06
6.00 0.27 15.92 99.81 129.84 -0.28 -1.24 -0.06 0.94 0.16 0.71 0.44
7.00 0.04 -9.93 161.32 -64.93 -1.02 -1.84 -0.72 0.34 0.46 0.07 0.98
7.00 0.17 -150.77 0.49 6.56 0.56 -1.02 -1.04 0.92 0.02 0.83 0.86
7.00 0.15 17.09 147.34 -67.48 0.16 0.50 1.06 0.09 0.90 0.43 0.93
6.00 0.22 -39.41 89.77 -146.82 -0.72 0.64 1.46 0.73 0.19 0.55 0.67
10.00 0.23 -55.91 13.50 -84.37 -0.66 0.10 1.90 0.37 0.20 0.67 0.10
9.00 0.20 -101.24 1.08 -105.45 -0.24 1.08 0.86 0.53 0.19 0.88 0.46
5.00 0.09 -70.85 -56.03 -107.01 -0.24 0.64 -1.90 0.09 0.75 0.20 0.59
6.00 0.02 -83.28 109.51 -0.19 1.38 -1.78 1.18 0.64 0.55 0.43 0.15
6.00 0.14 3.35 57.59 -118.71 1.42 1.22 -1.70 0.62 0.48 0.43 0.89
6.00 0.24 93.89 -77.21 -31.66 0.90 0.88 -1.02 0.70 0.70 0.59 0.02
12.00 0.00 75.17 92.72 44.76 0.36 1.28 -1.72 0.68 0.19 0.67 0.81
10.00 0.06 -121.36 49.77 -147.69 -1.28 1.42 0.26 0.25 0.49 0.30 0.16
11.00 0.02 70.91 -20.37 31.70 0.68 -1.72 -0.44 0.29 0.57 0.43 0.01
5.00 0.03 -125.73 -88.74 3.28 0.84 0.10 1.38 0.63 0.42 0.04 0.62
6.00 0.21 161.19 -93.30 53.84 -1.62 0.88 -1.42 0.22 0.32 0.71 0.48
5.00 0.21 50.62 96.46 -157.80 1.76 0.16 -0.48 0.68 0.68 0.80 0.68
6.00 0.24 -139.08 -77.46 -25.32 -1.62 1.72 -0.74 0.87 0.86 0.75 0.06
7.00 0.03 -149.57 21.80 -34.53 0.22 1.80 1.12 0.32 0.74 0.42 0.54
5.00 0.02 -78.03 -111.57 53.67 0.30 -0.90 -0.60 0.91 0.23 0.21 0.86
8.00 0.04 67.06 11.07 -171.00 1.46 0.88 0.90 0.88 0.35 0.94 0.15
9.00 0.05 117.01 153.96 -25.28 1.90 1.02 -0.38 0.82 0.69 0.40 0.89
7.00 0.24 107.43 98.04 -91.12 -0.86 1.82 0.86 0.80 0.19 0.75 0.10
8.00 0.21 -41.44 63.79 157.72 0.66 0.92 -0.30 0.97 0.84 0.08 0.27
5.00 0.04 65.60 33.56 -143.69 1.60 1.06 -1.42 0.01 0.88 0.20 0.60
14.00 0.04 5.68 159.35 -107.99 0.76 0.94 -0.66 0.12 0.03 0.89 0.36
7.00 0.01 -156.88 -16.29 -3.34 -1.04 0.74 -1.48 0.31 0.93 0.90 0.65
5.00 0.13 -87.02 14.37 -4.24 -0.42 -1.02 0.02 0.56 0.82 0.01 0.95
5.00 0.01 -122.67 -25.70 102.85 1.02 0.02 -1.36 0.09 0.23 0.86 0.05
5.00 0.23 63.73 -45.16 40.86 -0.90 -0.04 1.04 0.79 0.58 0.98 0.18
8.00 0.22 163.71 28.98 103.89 -0.50 -0.72 -1.00 0.71 0.95 0.54 0.86
5.00 0.28 -59.94 -79.42 -108.65 0.22 -1.66 0.18 0.25 0.43 0.56 0.20
5.00 0.01 -27.76 122.93 78.67 -1.86 0.52 0.14 0.54 0.34 0.54 0.32
5.00 0.12 -38.18 -31.41 -126.35 0.74 1.38 -0.12 0.98 0.93 0.37 0.22
5.00 0.04 -43.66 79.42 133.09 -1.20 1.92 -0.16 0.66 0.99 0.18 0.21
8.00 0.15 156.98 -29.63 -54.98 0.58 1.98 1.86 0.27 0.93 0.02 0.16
10.00 0.19 26.72 75.50 182.34 -0.98 1.42 -1.36 0.02 0.29 0.92 0.02
5.00 0.29 143.20 63.57 65.25 0.98 -1.98 0.74 0.69 0.50 0.30 0.70
6.00 0.31 -14.03 -8.26 -151.91 -0.64 0.68 0.36 0.90 0.02 0.41 0.27
5.00 0.14 -74.55 153.53 -38.96 -0.82 1.30 1.22 1.00 0.38 0.26 0.23
9.00 0.24 46.32 -20.92 -103.66 -0.84 0.88 1.94 0.20 0.83 0.16 0.90
9.00 0.12 -70.71 117.11 121.58 0.84 -0.02 -0.76 0.30 0.18 1.00 0.94
8.00 0.22 96.50 147.73 74.77 -0.02 1.60 0.94 0.68 0.09 0.39 0.77
7.00 0.12 63.69 2.03 141.74 -1.62 -1.46 1.20 0.92 0.63 0.73 0.80
10.00 0.21 -105.15 24.30 73.04 1.76 0.16 0.30 0.70 1.00 0.51 0.65
5.00 0.04 -78.46 -27.41 81.39 -1.82 -0.04 0.62 0.71 0.16 0.56 0.03
6.00 0.31 -88.29 1.23 158.71 0.26 -1.36 1.60 0.86 0.11 0.31 0.11
7.00 0.26 14.61 -39.22 -154.69 0.26 1.92 -0.36 0.13 0.92 0.99 0.04
7.00 0.21 -124.00 42.38 64.63 1.92 0.44 0.56 0.19 0.47 0.66 0.51
9.00 0.22 -77.58 -8.42 -124.68 -0.50 -0.22 -0.64 0.43 0.37 0.25 0.39
5.00 0.25 -82.48 55.50 -92.18 1.08 0.48 -0.14 0.91 0.06 0.38 0.66
8.00 0.27 -13.06 -68.93 24.63 0.22 -1.26 1.44 0.83 0.82 0.34 0.74
8.00 0.08 -28.22 -59.40 -129.32 1.44 0.16 -1.30 0.34 0.39 0.16 0.42
5.00 0.13 38.42 -82.17 165.92 -0.22 0.56 1.10 0.90 0.89 0.08 0.53
5.00 0.21 69.31 -121.68 -87.88 1.64 -0.46 -1.14 0.84 0.71 0.61 0.74
14.00 0.22 39.06 18.79 149.32 0.76 1.82 1.26 0.40 0.78 0.83 0.07
7.00 0.31 -18.49 -165.67 99.57 -1.90 0.08 0.20 0.58 0.98 0.77 0.59
5.00 0.03 83.36 -118.36 14.01 0.12 -1.12 -0.90 0.51 0.95 0.27 0.26
10.00 0.19 18.64 100.63 -105.54 0.58 0.16 0.50 0.35 0.80 0.75 0.65
11.00 0.28 -12.47 -87.90 153.52 -0.42 -0.84 -0.26 0.59 0.06 0.37 0.56
9.00 0.15 149.69 -82.34 -44.95 -0.58 0.84 1.16 0.74 0.71 0.71 0.18
10.00 0.26 30.77 44.87 -68.11 0.30 1.70 1.10 0.09 0.64 0.48 0.38
6.00 0.23 82.92 -90.58 -38.96 0.06 1.22 -1.22 0.97 0.99 0.50 0.95
9.00 0.29 -70.79 14.04 -47.15 -1.30 -1.44 0.12 0.83 0.91 0.30 0.76
6.00 0.05 149.58 -87.11 -23.84 -0.80 1.52 -0.20 0.07 0.55 0.13 0.49
7.00 0.28 6.39 -43.26 -105.73 0.48 -1.90 0.68 0.02 0.19 0.18 0.99
7.00 0.01 53.66 171.43 46.70 0.34 0.18 0.66 0.69 0.05 0.26 0.10
8.00 0.18 3.63 171.19 91.05 -0.08 1.32 -0.50 0.17 0.56 0.77 0.84
8.00 0.00 122.18 24.17 -148.71 -1.76 1.08 -0.48 0.33 0.68 0.59 0.52
9.00 0.21 10.22 139.01 -5.87 -1.94 -1.16 1.86 0.66 0.05 0.46 0.15
5.00 0.11 -96.09 -25.16 -137.72 -1.56 -0.88 0.72 0.87 0.08 0.47 0.30
9.00 0.09 44.25 -78.67 -114.72 0.48 -1.10 0.34 0.68 0.54 0.17 0.41
10.00 0.24 -170.24 -93.13 37.03 -0.84 -0.52 0.76 0.02 0.19 0.73 0.47
5.00 0.01 109.85 -136.45 63.73 1.90 -1.08 -1.14 0.13 0.07 0.31 0.13
10.00 0.25 -68.01 54.39 -24.90 -0.72 -0.68 0.76 0.62 0.72 0.19 0.50
12.00 0.22 -66.86 71.48 -89.91 0.00 -1.70 0.16 0.90 0.18 0.11 0.43
5.00 0.02 32.79 59.10 -56.54 -1.36 1.38 0.98 0.23 0.86 0.38 0.09
7.00 0.21 104.85 134.54 17.69 0.58 -0.34 -1.02 0.41 0.35 0.63 0.60
11.00 0.21 -97.42 94.71 -99.21 1.78 1.26 -1.26 0.94 0.86 0.48 0.61
6.00 0.01 -19.19 -53.36 -106.43 1.26 -0.96 1.16 0.29 0.79 0.66 0.37
6.00 0.05 1.73 99.76 38.75 -0.52 -1.56 1.22 0.85 0.64 0.96 0.20
10.00 0.18 -114.38 118.53 53.92 -1.82 1.32 -0.08 0.97 0.05 0.93 0.25
6.00 0.27 -41.14 42.98 40.29 0.10 -1.68 1.18 0.27 0.98 0.13 0.50
9.00 0.26 -110.86 -39.34 -34.07 -0.86 -1.50 -0.82 0.93 0.92 0.04 0.15
9.00 0.19 23.00 182.16 -55.53 -0.54 -1.32 1.22 0.10 0.52 0.38 0.36
8.00 0.12 -146.95 -32.59 -1.39 0.46 0.42 0.04 0.12 0.33 0.79 0.64
14.00 0.17 20.19 -159.29 112.45 -0.66 -0.04 -0.78 0.45 0.34 0.99 0.31
6.00 0.01 146.90 3.65 -113.36 0.16 -0.84 0.30 0.90 0.39 0.27 0.18
6.00 0.27 88.09 -53.14 -19.03 -0.78 -1.98 -0.14 0.44 0.23 0.84 0.99
5.00 0.07 -121.28 115.70 -102.15 1.64 0.44 0.74 0.12 0.81 0.22 0.23
7.00 0.05 -63.55 -3.44 62.86 1.30 0.36 0.06 0.21 0.77 0.88 0.10
5.00 0.23 -69.42 130.83 89.31 0.32 0.26 -1.70 0.14 0.56 0.48 0.50
5.00 0.01 120.42 56.42 -47.53 -0.96 0.30 -0.80 0.61 0.67 0.29 0.44
